49.084006
49.837097
50.103050
50.188493
50.203484
50.214584
50.387067
50.438390
50.457190
50.830418
51.130286
51.816653
52.466934
52.488643
52.525834
52.873339
52.900332
53.331476
53.553725
54.032835
54.043443
54.168289
54.806897
57.998541
58.051256
58.410435
58.543800
62.137426
62.144471
62.157087
62.377533
62.413046
62.439301
62.717174
63.413821
63.416771
63.426888
63.437742
63.445688
63.452979
63.467561
63.490990
63.732040
63.875359
64.244613
66.138112
66.407014
66.926264
67.075604
67.122217
67.145441
67.153347
67.278725
67.833160
68.880056
69.399511
70.220145
70.387835
70.565888
71.367885
72.221901
74.595287
75.674378
75.942298
76.183593
76.828918
79.356314
80.061972
80.327967
82.003558
83.629629
83.994132
85.135401
85.312758
85.931745
86.421135
89.153741
90.067354
90.446889
90.661929
90.978468
92.345344
93.513441
94.120141
95.712379
96.037724
96.423076
99.167314
99.326607
99.872440
99.896115
100.036977
100.532961
101.017969
101.044838
101.363630
102.406758
103.070269
103.118971
103.425270
103.450051
104.379802
104.398234
104.758313
104.862228
104.956477
106.586726
107.947254
108.939100
109.373194
110.221107
111.915377
113.252270
115.126395
115.588096
115.819356
116.254638
119.760937
119.785349
120.745370
120.758845
121.048883
121.775923
122.478387
122.982236
124.749783
125.752771
125.832561
126.703862
127.208735
127.229174
127.281603
127.292621
127.337759
127.403418
127.588598
128.921641
128.946995
129.208443
129.324155
129.940275
130.126070
130.143601
130.178458
130.271355
130.274836
130.284012
130.290237
130.319729
130.359419
130.838774
130.909757
130.969395
131.137864
131.595059
132.147528
132.275241
132.987576
134.335283
134.539223
136.154685
136.727757
137.217679
137.224561
137.426903
137.483223
138.069852
138.112614
140.934349
140.951593
140.997345
143.840870
143.941755
144.035021
144.042148
144.726303
144.740803
144.764928
144.769843
144.785981
145.324442
145.469235
145.621156
145.810760
146.082284
146.269102
146.367447
146.775982
146.787205
147.142369
147.154862
147.217572
148.323574
148.804854
149.103739
149.150392
149.173862
149.194875
149.213635
149.430231
149.444567
149.631631
149.762826
150.393651
150.631752
150.678446
150.795469
150.996705
151.108772
151.136256
151.381688
151.732224
151.760282
151.766794
151.773348
151.820575
151.856742
152.008581
152.832123
153.788744
154.918298
155.001651
155.059896
157.810360
157.851935
158.011228
158.528430
158.548296
159.083110
159.579054
159.691080
162.155643
162.218394
162.716549
162.734858
162.796544
163.151872
164.072448
164.160020
164.815667
164.928922
168.407572
168.418222
169.764004
169.777848
169.869844
169.949389
172.174787
172.295250
172.772188
172.800860
173.950525
173.993533
174.106051
175.539569
177.238098
177.426924
177.729823
178.562376
178.579702
178.990285
182.389514
182.523535
183.202243
183.934484
183.990354
184.880415
186.149356
186.200064
188.197478
188.226724
188.477112
188.936151
195.127050
195.211633
198.215885
198.489129
198.891684
200.612209
201.870500
202.061496
202.362593
204.356854
204.850995
205.370532
208.854262
209.265582
209.398825
209.450557
209.824113
211.634954
211.823985
211.873096
213.191025
213.728379
215.758193
215.790633
217.751921
217.847849
219.468882
219.563254
219.840840
220.050350
220.074803
220.724306
220.878356
223.785861
224.500449
225.278280
225.590313
226.378342
227.372319
227.776840
227.839631
228.268483
228.972708
229.470454
229.712609
231.082107
231.118971
231.147848
231.520256
231.722557
233.084846
233.406956
233.594143
234.143048
234.595369
234.696008
234.761380
235.385364
235.435909
235.477565
236.611174
237.246546
237.314048
239.340954
239.532892
239.751291
240.067994
241.891041
242.008678
242.262508
242.296668
243.279012
243.649536
243.983237
244.175217
244.209295
244.308009
245.134336
245.315297
247.427809
250.388316
252.891341
253.088317
253.137060
253.210870
253.644554
253.671629
253.802373
254.003732
254.222172
254.250598
254.415299
254.434140
254.521958
254.551532
254.712013
254.850580
255.683748
258.774139
258.780078
258.842337
259.248906
259.350323
260.490035
262.664151
262.747013
262.828687
262.838764
262.887014
263.071457
264.869642
265.013043
266.148577
266.604626
269.389005
269.395599
269.400105
269.407027
269.424640
272.466903
272.648806
272.772055
272.803758
272.817152
273.326203
273.385267
273.530716
274.103501
276.330045
277.733458
278.363791
279.445668
279.531971
279.537418
279.733576
280.096358
280.179958
282.771784
285.054689
286.418739
287.647171
287.702098
288.827597
289.031619
289.680630
290.305311
290.315264
292.348027
292.682424
292.714086
293.215928
295.736484
295.952712
296.047165
296.089928
296.140472
297.949921
298.525860
298.550600
299.024220
299.185684
299.314094
299.323924
299.485676
300.058419
300.186952
300.464456
300.512461
300.734915
300.907930
300.993372
302.456832
302.673469
302.786683
302.840709
302.891868
303.224791
304.950354
304.970916
305.932206
306.078761
309.614387
309.671444
309.700116
310.243123
310.916915
311.832535
311.844250
311.857521
311.893606
311.974953
312.030536
312.522670
312.528282
312.648335
312.992932
313.080996
313.757164
313.929523
315.091927
315.547034
316.329452
316.865044
318.501356
322.398577
323.004170
323.114967
323.822182
324.047094
325.131674
326.347325
326.379725
328.154481
328.175124
328.324137
328.332984
328.361247
329.918177
330.617119
331.449262
332.350792
332.510822
332.573286
332.587090
332.615393
332.647137
333.336781
333.506601
335.021629
335.372575
335.379866
335.520809
336.341443
336.818217
337.017733
337.023672
338.056028
338.437366
338.567660
338.586583
339.049472
339.133891
339.399434
339.952026
340.015964
340.102185
341.573386
343.958897
346.054287
346.238157
346.344899
346.391306
346.636288
346.682204
346.716119
347.255439
347.267727
347.274240
348.348662
348.398961
349.390930
349.395517
350.165975
350.418780
351.433646
352.042721
352.077783
352.092365
352.172237
352.512901
352.706314
353.335050
353.346765
353.419018
353.505812
353.528300
353.758618
353.812521
353.897923
354.323907
354.418115
354.435031
354.510725
354.539848
355.301949
355.328369
356.777165
357.467095
357.959270
357.964964
357.976801
358.132122
359.732593
360.777605
360.819671
360.828150
360.961475
361.360056
361.863782
363.324621
363.995218
364.844974
365.605356
366.328054
366.585938
366.698250
368.996188
369.332306
369.355121
369.704182
370.142331
371.101123
371.132211
371.157238
371.165143
371.744563
371.797402
371.813622
371.931628
372.154573
372.285768
372.388372
372.400620
372.423434
372.436623
372.503634
372.528660
373.570888
373.616722
373.627658
373.711872
375.367393
375.957463
376.305869
376.375869
377.075343
378.448404
378.471137
378.826998
378.832527
379.444224
380.100649
380.275507
380.289024
380.414239
380.652503
382.117970
382.227948
382.473134
383.068283
383.348572
383.403377
383.439667
383.477678
383.657820
384.288973
384.697549
385.196564
385.822269
386.879898
387.342909
387.376660
388.667064
388.975043
390.319882
391.269622
391.479050
391.491584
391.512842
392.894054
392.942264
393.045484
393.101230
393.116877
393.158083
393.265152
393.302958
393.360097
393.583739
393.592095
393.665167
393.673073
393.829868
394.041180
395.155538
395.169669
395.177370
395.928125
396.495421
396.731187
396.863283
397.384786
397.500785
397.510042
397.723402
397.742817
397.885194
397.992264
398.004470
398.046536
398.184817
398.220411
399.047557
399.908741
399.915090
399.959409
400.030269
400.051118
400.527401
400.656097
400.882647
401.741824
404.784415
404.795228
404.798833
404.896113
404.906394
404.924662
404.936458
405.265367
405.820088
406.124012
407.539016
407.545733
407.634452
407.909048
407.918592
408.138752
408.731976
408.820982
408.983511
409.004073
409.022874
409.029386
409.050194
409.070346
409.076040
409.116058
409.128796
409.538396
409.828516
409.918505
409.929441
409.958728
410.017260
410.023813
410.028155
410.196337
410.287268
411.125391
411.624325
412.006277
412.083241
412.190802
412.262318
413.148488
413.213901
413.245686
413.329981
413.460726
413.490053
414.158971
414.716068
414.725407
415.541166
416.769352
418.102559
418.224374
418.437448
418.660803
419.426222
419.468739
421.464965
421.524808
421.717156
422.495642
424.001004
424.350597
424.575795
426.786857
426.810081
427.272847
427.450286
428.912067
435.956326
436.056719
437.431788
441.322660
442.903020
446.180229
451.293962
451.597640
453.838643
453.861417
453.877555
454.038651
455.840727
457.157386
457.936241
458.799636
458.911744
459.535892
459.554980
460.382700
461.992018
464.802898
464.883384
464.925901
465.399972
465.484841
465.646469
470.606070
471.247258
471.433748
472.690278
473.220342
473.789399
476.532490
478.157373
478.295204
478.319780
479.373476
479.394120
480.755180
480.911237
480.959365
482.439741
483.794452
484.245135
488.761876
489.606881
491.984937
492.077343
492.864471
492.924150
495.119811
495.142666
495.246582
495.352709
495.471493
495.758254
502.098698
502.213222
502.257910
502.279045
502.753812
503.060480
505.792840
512.594043
513.308467
513.446093
515.040666
515.046154
515.055944
515.324682
515.362406
516.006871
517.012890
517.040169
517.179474
517.625037
517.738947
521.381847
521.911050
521.966797
522.002555
522.316677
523.628380
525.806674
526.952448
529.277911
530.023260
530.902098
531.227279
531.796132
532.761723
536.008417
540.645417
541.074432
541.910262
543.346524
543.402639
544.430203
545.056113
546.855526
547.394519
551.743283
552.575017
552.604058
553.502188
556.459663
557.373604
557.466051
557.860741
559.421645
559.891415
560.465510
561.813832
562.431427
563.860849
564.060078
564.235960
564.499825
566.846218
571.129405
571.175444
572.448195
573.552394
574.574387
574.597284
576.541573
576.720445
576.733962
578.051195
578.895544
580.648264
580.819804
581.250376
583.733084
584.421663
586.486252
586.621379
586.807091
587.510497
588.154593
590.646067
590.719836
592.972841
593.037312
593.665597
593.737851
594.369905
594.798182
595.626967
597.317222
597.794529
598.517637
599.680901
599.771136
601.764577
602.063340
608.055132
608.737444
608.843489
612.921917
613.344502
613.361705
616.516936
616.781005
618.311229
618.656604
619.516928
619.556618
619.600978
620.049818
620.097208
620.156723
620.359352
620.948890
621.433979
622.967767
625.778278
627.620332
629.624955
630.315336
631.745085
632.926085
633.059041
633.277686
633.444966
633.452872
633.465037
633.557729
633.877422
633.922929
634.276004
634.846822
635.007427
635.338342
635.458560
635.487683
636.090163
636.118262
636.835553
639.707955
640.546611
640.659333
641.094615
641.205985
641.282253
642.042348
642.725151
642.755994
643.278807
644.594688
646.065562
646.626017
647.024026
647.035617
648.086282
648.880128
649.467986
649.543639
649.571983
649.663693
649.761587
649.951437
649.964544
650.049208
651.164549
652.863365
652.895683
652.968550
653.005783
653.322322
655.044731
655.060419
655.153807
655.205171
658.493153
658.695864
659.395871
660.321116
661.183898
661.775729
662.217523
662.235013
664.124457
666.247619
666.775921
710.263931
712.329503
714.379510
714.969334
715.425055
715.440742
716.633661
717.831700
718.541988
720.145408
721.746534
721.930936
722.331812
722.357084
724.280852
724.317798
724.403896
726.277407
726.548972
727.896596
729.606799
732.011848
733.391135
734.599946
734.997422
736.217047
736.229540
736.242401
737.593016
738.399519
740.143104
742.777405
742.791168
745.344778
745.585992
747.738399
748.142551
748.378563
750.876918
751.385231
751.655281
757.924946
758.317220
758.995354
760.957174
761.829745
764.970803
765.394739
765.742612
768.077496
770.051645
771.785073
774.046556
774.573343
775.058391
776.004895
776.055972
776.131502
777.094717
777.520988
777.774285
781.613793
781.834486
784.384328
785.251615
787.707208
788.799242
788.812227
788.923843
789.791416
791.823688
792.024023
792.030495
792.304067
796.725985
797.307576
797.600850
801.205289
802.890506
804.764017
805.507645
805.545206
806.044140
806.192947
806.278840
808.192287
809.515704
809.564611
809.850839
810.021642
810.102415
810.347274
810.514514
812.093317
813.257810
815.279432
815.529615
815.724790
815.910953
816.663183
821.013586
821.053645
821.645476
821.797192
822.432686
822.477537
822.620488
825.130435
825.144320
825.834783
826.229473
826.297303
826.835927
827.012342
827.066655
828.810895
829.477396
829.633905
829.872906
830.660076
830.704640
830.842757
831.596667
831.842386
831.958508
835.228713
835.233137
835.239281
835.467960
835.528131
837.189427
837.658993
837.737513
837.745254
838.451118
838.522880
838.601933
838.796411
838.967542
839.023002
839.039140
839.837409
840.092795
840.353710
840.408392
844.454994
844.469903
844.478423
844.483543
844.865659
845.826376
848.835871
850.101084
850.801746
852.960911
853.161533
853.580308
853.589443
853.597676
853.725471
854.381896
854.876283
855.369482
857.073910
857.091236
857.208668
859.855094
861.478052
861.896090
864.561848
866.621276
869.297357
874.690560
874.763182
874.872054
874.898391
876.204360
876.286976
879.636439
881.387233
881.754153
883.040748
883.224986
884.003922
884.052951
884.331110
884.717404
884.733665
885.846426
886.258319
891.752120
892.606177
893.748797
895.183954
900.242883
900.709704
901.227479
902.499574
902.884516
904.853463
905.872384
906.201702
906.253844
908.124529
908.449792
909.200753
912.011141
912.753910
914.554716
915.686236
916.280812
918.497034
918.510019
918.696550
919.117210
920.350720
920.974991
921.072804
922.787021
922.793697
922.836132
922.846618
922.906993
922.930381
922.960650
925.318185
933.183119
934.411715
934.542049
938.131620
941.198991
941.517251
943.609446
945.292739
945.951785
947.972792
948.304732
948.593951
949.317960
949.578629
950.109430
950.190612
951.842488
954.535117
955.153572
956.265513
967.056548
967.494779
970.232422
972.782387
977.801708
979.251978
981.484175
982.021571
982.074081
985.744794
986.301481
988.778496
991.035228
991.170970
991.274230
991.459738
991.937454
991.951544
992.116941
992.393544
992.486113
992.662364
994.721300
994.866135
994.873958
995.684884
996.184924
996.904428
997.297029
997.448868
998.072607
998.807839
1000.792228
1001.870746
1001.987932
1002.101105
1003.544986
1005.242655
1005.741261
1005.795164
1006.307533
1010.736906
1010.774344
1012.050821
1014.442680
1016.270520
1016.315044
1017.748644
1020.874220
1022.941389
1023.054889
1023.101911
1026.021007
1027.489587
1028.225065
1028.369490
1028.391444
1028.417987
1028.513464
1030.391562
1030.731899
1031.110001
1031.705764
1034.851164
1036.001362
1038.126612
1038.753260
1039.140987
1039.307489
1039.318712
1039.340626
1039.562998
1039.611085
1039.692227
1040.163471
1040.697631
1044.919869
1049.144525
1049.820897
1050.612285
1050.714276
1050.722836
1050.809467
1051.163648
1051.166188
1051.223941
1052.676219
1053.482107
1054.076109
1054.312407
1055.268332
1055.803392
1056.607969
1060.057866
1061.263524
1061.348721
1063.387382
1063.745659
1063.771259
1063.942881
1064.067645
1064.098529
1067.538514
1068.045435
1068.152381
1069.782794
1070.084915
1070.176911
1070.587412
1072.159949
1072.335053
1072.923484
1072.988365
1073.263616
1074.851594
1076.364452
1076.962796
1077.772943
1078.713754
1079.388611
1082.896916
1083.696865
1084.090327
1084.568617
1085.798318
1085.927260
1089.308918
1089.995162
1090.618860
1092.056678
1092.063846
1092.868465
1094.355067
1094.367191
1097.519596
1100.549202
1101.406495
1104.921764
1105.872241
1106.665718
1112.829993
1113.253683
1113.335316
1114.648248
1116.130509
1116.143411
1116.841247
1118.207181
1118.234870
1118.489969
1119.737242
1120.318013
1120.411361
1120.490988
1121.009213
1122.226217
1122.563727
1122.905211
1123.282657
1123.536937
1124.755046
1126.234317
1126.447555
1126.945997
1127.019192
1127.160177
1127.279657
1127.415521
1129.009316
1129.019843
1129.069322
1129.137644
1129.617449
1130.054984
1130.146693
1130.154721
1130.205184
1130.217267
1132.272067
1134.593761
1139.003064
1139.991470
1140.596531
1143.810703
1144.344330
1145.401795
1146.026148
1147.368653
1148.796928
1150.460559
1153.730478
1154.084168
1154.149499
1156.360847
1156.487782
1156.906639
1157.529518
1157.628109
1158.079406
1159.218749
1159.304028
1160.233902
1160.660869
1160.710267
1163.101184
1166.537728
1166.920991
1166.957445
1167.286641
1169.913815
1172.699791
1176.303493
1176.452219
1177.459917
1177.645015
1177.796076
1178.234143
1178.394460
1178.554081
1178.723000
1178.811515
1179.007386
1179.117486
1179.153244
1179.298857
1179.384259
1179.811348
1180.044206
1180.147220
1182.608466
1184.316252
1185.362330
1187.015516
1187.824599
1188.553851
1191.744471
1191.755776
1191.779328
1191.796572
1191.897293
1192.048476
1192.268022
1192.365384
1193.164308
1193.719562
1194.355917
1194.535731
1194.560143
1194.578944
1194.768138
1194.819052
1194.882089
1195.110482
1195.183636
1195.241636
1195.249951
1195.264696
1195.817329
1195.851776
1199.639716
1200.689521
1200.797942
1201.019576
1203.440681
1204.028703
1204.532224
1205.944648
1205.953044
1205.985812
1206.653051
1206.678405
1206.822748
1206.826435
1206.839665
1206.932644
1206.948823
1207.304274
1207.360307
1207.417856
1208.152924
1208.315167
1208.997847
1209.173033
1209.665823
1209.811722
1209.875087
1210.302710
1210.443080
1211.022213
1211.631288
1211.793572
1212.099420
1212.546048
1218.469560
1219.104236
1219.187835
1219.857981
1221.022351
1221.903688
1221.920522
1221.988925
1221.996462
1222.068224
1222.202040
1223.263109
1224.409825
1224.597381
1225.140429
1225.534505
1225.550602
1225.589228
1226.026230
1226.421248
1227.334451
1227.588362
1227.754865
1229.535764
1229.865247
1230.672568
1233.379369
1233.433559
1234.507612
1234.744607
1235.176735
1235.204055
1235.213271
1235.245670
1235.306004
1235.350610
1235.431383
1235.595018
1235.617751
1235.690209
1236.372029
1236.479222
1236.503798
1236.609393
1237.137777
1237.493760
1237.572076
1238.090629
1238.297559
1238.311526
1238.357033
1238.534185
1238.882304
1239.378043
1240.274371
1240.865300
1240.900690
1241.451438
1243.512218
1246.138368
1246.223073
1246.938726
1247.557018
1247.676211
1247.924716
1248.774472
1248.837632
1248.899523
1249.006592
1249.014784
1249.794703
1249.964524
1249.983980
1250.066268
1250.542715
1250.566062
1250.579128
1250.603663
1251.189473
1251.790316
1251.825172
1251.927613
1252.080927
1252.303135
1252.769505
1252.863918
1252.963164
1253.566546
1253.619016
1256.774779
1256.926781
1257.469010
1258.132603
1258.365420
1258.538516
1258.553303
1259.550720
1259.591516
1259.608596
1260.332524
1260.345795
1262.202716
1263.321211
1263.454413
1264.333169
1264.715080
1264.723599
1264.738796
1264.748995
1265.048904
1265.214054
1265.877688
1267.288064
1267.752346
1268.155269
1268.431667
1268.438753
1269.028250
1269.043855
1269.072650
1269.111480
1269.115986
1269.139046
1269.198356
1270.959063
1271.242875
1272.053924
1272.155587
1272.615035
1273.553265
1274.275840
1274.307543
1274.315899
1274.332897
1276.674007
1277.195346
1278.180803
1278.542561
1278.794220
1278.933524
1279.542477
1279.969321
1280.591790
1280.612065
1281.858683
1284.244726
1287.975035
1288.271831
1288.314634
1288.388772
1288.659190
1288.672338
1288.708137
1288.917033
1289.001779
1290.013491
1290.029834
1290.227098
1290.311148
1290.951844
1290.996777
1291.084636
1291.374141
1292.596265
1293.501972
1293.564600
1293.645906
1294.130012
1294.941921
1295.140905
1295.825019
1296.361923
1296.382976
1296.828498
1296.884613
1297.127383
1297.420616
1298.585027
1298.726052
1300.550533
1300.562330
1300.592312
1301.335327
1301.354660
1301.541970
1301.660713
1302.599188
1302.848225
1302.879273
1303.244677
1303.908598
1304.092549
1304.742502
1305.263145
1305.330278
1306.982687
1307.148452
1309.122355
1309.200916
1309.275095
1309.368197
1312.002703
1312.368026
1312.426844
1313.491313
1313.665311
1314.141962
1314.161418
1314.191155
1314.222326
1314.470052
1315.017236
1315.212493
1315.218473
1315.995197
1318.411469
1319.302554
1320.111473
1321.660006
1322.973266
1323.012506
1324.873810
1324.973916
1326.419599
1328.591954
1329.569341
1331.477340
1332.028252
1332.148183
1333.918925
1334.627983
1335.131177
1336.275108
1339.169669
1339.276452
1339.301356
1339.760681
1340.028928
1340.886671
1340.892406
1341.010289
1341.409034
1342.359101
1342.388797
1342.456381
1342.938358
1342.997422
1343.022899
1344.225362
1344.310272
1345.173873
1345.439498
1346.016297
1346.426225
1348.055450
1348.370186
1348.523377
1348.681564
1348.689633
1349.702615
1349.731492
1350.461850
1351.111926
1351.711744
1351.795712
1351.879598
1352.070103
1353.744097
1354.017219
1354.178314
1354.967286
1355.122360
1355.163976
1355.236270
1355.575542
1356.181586
1356.195430
1356.725699
1356.847022
1356.851364
1356.863283
1356.871926
1356.990013
1358.343455
1358.780785
1359.521096
1359.826575
1359.996355
1362.954199
1363.675587
1364.143800
1364.620861
1365.466890
1366.306898
1367.189504
1367.414907
1367.840727
1368.168980
1368.267162
1369.525412
1369.699287
1370.447667
1371.200922
1372.121006
1372.311265
1372.336660
1372.458353
1372.712059
1372.992020
1373.306757
1373.316833
1373.322158
1373.477683
1373.881057
1373.975798
1374.301225
1374.601134
1374.639350
1375.346893
1375.359017
1375.706481
1376.054804
1376.648929
1376.885924
1377.448509
1377.587855
1377.783153
1377.897718
1378.288763
1378.294047
1380.147773
1380.186726
1380.421222
1380.739031
1381.214781
1381.318287
1381.400371
1381.770895
1382.041723
1382.586081
1382.682296
1383.709000
1383.860429
1385.363128
1385.468027
1385.850716
1386.023076
1386.083533
1386.179707
1387.061412
1388.344852
1388.352922
1388.757811
1388.996731
1389.029458
1389.626327
1390.222868
1390.297457
1390.606828
1390.674207
1391.316664
1393.391698
1393.505526
1394.016051
1394.409554
1394.440970
1395.899965
1396.658668
1397.003715
1397.724160
1397.881446
1398.357279
1398.843228
1398.894879
1399.436124
1399.597179
1401.983140
1402.396508
1402.756588
1402.981417
1403.443323
1403.466670
1403.616666
1403.674624
1403.757158
1403.830682
1403.969987
1404.020326
1404.526715
1404.636160
1404.730655
1405.049037
1405.096141
1407.491604
1409.270170
1409.361142
1411.041608
1411.497124
1411.525919
1411.888374
1414.425682
1414.517678
1414.839583
1414.858260
1415.701299
1415.812301
1416.352809
1417.737912
1418.881065
1419.006525
1419.772477
1419.913830
1420.908667
1421.394698
1422.169866
1422.447329
1422.631281
1422.787256
1423.724093
1425.306214
1426.750956
1426.858148
1426.972344
1426.980250
1427.003720
1427.012977
1427.228508
1427.332424
1427.461079
1427.703316
1427.839508
1427.945185
1428.128645
1429.016986
1429.022761
1429.049262
1429.372068
1429.690573
1430.435881
1430.648586
1430.736364
1431.291085
1434.645340
1437.624566
1438.334484
1438.847877
1440.273859
1441.912914
1442.177761
1443.941868
1444.692255
1444.710564
1444.933714
1446.373990
1446.523822
1449.042248
1449.955492
1450.431119
1450.997514
1451.172905
1452.368568
1455.618089
1456.304374
1458.803794
1458.885673
1459.163709
1460.156744
1460.401070
1460.526940
1462.741320
1463.580590
1464.243773
1468.410716
1469.196411
1470.105313
1471.307039
1472.279265
1473.730314
1476.651172
1476.659405
1477.042381
1477.560074
1477.610783
1479.863419
1482.306601
1482.330604
1483.042324
1483.482849
1483.718943
1483.726316
1484.486738
1485.403382
1487.613460
1488.425329
1488.454984
1489.305518
1489.558159
1489.627873
1490.206802
1490.533212
1491.381207
1492.035215
1492.942848
1496.018412
1499.073659
1499.969004
1501.073367
1501.730816
1501.741097
1501.758546
1502.917509
1503.065620
1503.822602
1504.632627
1504.708813
1506.862080
1507.390751
1507.754680
1509.771018
1510.378988
1511.527875
1511.589847
1513.810575
1513.896305
1514.516644
1516.402442
1518.533632
1518.983455
1519.779963
1520.556810
1520.964280
1522.413445
1524.061880
1524.541481
1526.800138
1529.611018
1530.149110
1530.971136
1531.172004
1531.567432
1532.178760
1532.832891
1532.908831
1533.110395
1533.178143
1533.779026
1534.080246
1535.936840
1537.708442
1537.838162
1539.099197
1539.525059
1540.547830
1541.427405
1541.714002
1543.866122
1543.924859
1544.332083
1544.522260
1548.622643
1552.634348
1552.992543
1555.712737
1555.741573
1555.766886
1555.797361
1557.144330
1557.146542
1560.416174
1562.821304
1563.048878
1563.050762
1563.200020
1563.534868
1564.974694
1564.985549
1565.051494
1565.246423
1565.926973
1566.537769
1566.661960
1567.224791
1568.147374
1568.208241
1568.257638
1568.639877
1568.669245
1568.780616
1569.396040
1570.743706
1571.936870
1572.249887
1572.476518
1572.662313
1572.688200
1573.156086
1573.206999
1573.228298
1574.728049
1575.400735
1575.416627
1575.478518
1575.658045
1575.698760
1575.713915
1576.667505
1577.660498
1577.679299
1577.763758
1578.131702
1578.153984
1578.207437
1578.473267
1578.736312
1579.363246
1580.100198
1580.695347
1580.701409
1580.763054
1580.770345
1580.801925
1581.225206
1581.401129
1581.673267
1581.693583
1581.973709
1581.995745
1582.827889
1583.143690
1583.493489
1584.358892
1584.602153
1585.264312
1586.236047
1586.705408
1586.854420
1586.904801
1587.831030
1590.068470
1592.021934
1592.659354
1592.745370
1592.784241
1592.862351
1593.687613
1594.255196
1594.325484
1594.361692
1594.942833
1596.551660
1596.563374
1596.572836
1596.577792
1596.594258
1596.912845
1596.925092
1597.075743
1597.269688
1597.989683
1598.317240
1598.562386
1598.571151
1598.584709
1599.494226
1599.758459
1599.920620
1599.954657
1600.462643
1600.650322
1600.711352
1600.818463
1601.017651
1601.278935
1601.716429
1602.006548
1602.470380
1603.275366
1603.834716
1604.308582
1604.323451
1606.316851
1608.372388
1610.069402
1610.199204
1610.695885
1611.509555
1613.709476
1613.851771
1613.856809
1613.937910
1614.644470
1614.872699
1615.591956
1615.805071
1616.110182
1616.318423
1617.139343
1617.789747
1619.889152
1620.429988
1621.042340
1621.194015
1621.225144
1622.038610
1622.483599
1623.195566
1627.131044
1628.586312
1628.598723
1628.942213
1629.122642
1630.041580
1630.075412
1630.212055
1630.223237
1630.240891
1630.717624
1630.836122
1631.178588
1631.388877
1631.669084
1631.724093
1632.273613
1632.356762
1632.455107
1632.540303
1633.172357
1633.689682
1633.726218
1633.743831
1634.186076
1634.618982
1634.996183
1635.075113
1635.084042
1636.093501
1637.805670
1638.101115
1638.126223
1639.815660
1640.006533
1640.247501
1640.254587
1640.451727
1640.600658
1640.894956
1640.908186
1641.114870
1641.344737
1642.100982
1642.109788
1643.307500
1643.601347
1645.939384
1648.787907
1648.807690
1651.585638
1652.993925
1653.800428
1653.881938
1653.957919
1654.892544
1656.786739
1657.471713
1657.613558
1660.388762
1660.408136
1660.706120
1662.716969
1664.231547
1664.637706
1665.046733
1665.084867
1665.635615
1665.856553
1666.278482
1667.472753
1667.568148
1668.890870
1671.162184
1671.534223
1672.057856
1673.333637
1673.372180
1673.471345
1674.306437
1675.669627
1682.158100
1682.703360
1683.008635
1683.435110
1685.441249
1686.371369
1686.652027
1686.867354
1687.205315
1688.120484
1688.461763
1689.852723
1690.234675
1692.590449
1692.682854
1692.972401
1695.302451
1696.438436
1696.933765
1697.025843
1697.036984
1697.154007
1697.576223
1697.927373
1698.305638
1698.747761
1698.842829
1698.934620
1699.968614
1700.063068
1700.139950
1701.434941
1701.950956
1702.863299
1703.096197
1704.455578
1704.644362
1705.764700
1706.558300
1707.552195
1707.808481
1710.343291
1713.640612
1713.757348
1714.501673
1714.843935
1715.468206
1715.848888
1755.170447
1755.987313
1756.817940
1758.641889
1760.562381
1760.781763
1763.394929
1763.940311
1766.682624
1767.347569
1767.747174
1771.588280
1771.608719
1771.810529
1772.494356
1775.207875
1775.818342
1776.446423
1776.463053
1776.479683
1777.528791
1777.670513
1781.186396
1781.670298
1781.765120
1783.614587
1787.265597
1787.409408
1791.108301
1795.090473
1802.164675
1803.824210
1810.739282
1812.931256
1814.204088
1814.486221
1814.804685
1819.265065
1824.198328
1824.928031
1831.965573
1832.100168
1834.261422
1834.547364
1834.601431
1839.779430
1839.927910
1840.221716
1840.859218
1843.838648
1846.161490
1846.914540
1848.128266
1851.230290
1854.314414
1854.625751
1855.173919
1855.391212
1855.817032
1856.479969
1862.164644
1862.394675
1863.055196
1869.778248
1869.971702
1870.101873
1871.149220
1873.834598
1879.679795
1883.829207
1888.734740
1888.877773
1889.233224
1889.605878
1890.569626
1893.887918
1894.422036
1906.788925
1906.894438
1908.732600
1910.548931
1912.041800
1917.269688
1917.816463
1919.946465
1921.480868
1921.890263
1921.983570
1922.264596
1923.897180
1924.949524
1927.229727
1928.212316
1929.121260
1931.290870
1932.160532
1933.463757
1935.412797
1935.902106
1936.381379
1937.217864
1939.641221
1940.812063
1941.342331
1941.916467
1942.710272
1943.601562
1944.010015
1947.350221
1947.969700
1950.435123
1953.124639
1953.194557
1953.631969
1960.440381
1961.564979
1961.779569
1962.555023
1962.796237
1962.849976
1963.809260
1966.240973
1966.983864
1967.160607
1969.676984
1970.349179
1970.459279
1971.902259
1972.201513
1974.750249
1975.678198
1975.733002
1975.752212
1975.813980
1975.834010
1977.065349
1977.254871
1979.146568
1981.156065
1982.442865
1985.389691
1994.007142
1994.830152
1995.292221
1995.964989
1998.148772
2004.504207
2005.930680
2007.601234
2010.996818
2011.852677
2013.656678
2018.269880
2018.802688
2020.695409
2020.777124
2021.416223
2021.758812
2022.150062
2023.578419
2023.720141
2027.920015
2028.526387
2028.535439
2031.018189
2031.299092
2033.979720
2037.817057
2038.295757
2038.528164
2040.682496
2041.354199
2041.416663
2042.885284
2043.675116
2044.700590
2045.057802
2045.426278
2047.226470
2049.948180
2054.019686
2055.599555
2056.423014
2056.563753
2061.966541
2062.669455
2062.706852
2062.716887
2062.735729
2062.795530
2065.442775
2065.528791
2066.522604
2066.753290
2066.813706
2066.853110
2066.971238
2067.015352
2067.163873
2068.580229
2068.586619
2068.650844
2069.539185
2070.812959
2070.916260
2071.640842
2071.742464
2072.074977
2072.470118
2072.692859
2072.850186
2073.405604
2073.455657
2073.481257
2073.682903
2074.243277
2074.714440
2075.068047
2075.490509
2077.394944
2077.464084
2077.534372
2077.891502
2078.322360
2079.018394
2079.152783
2079.307325
2079.320228
2079.393833
2079.405588
2079.812035
2081.378877
2081.418691
2082.051645
2082.171167
2083.293143
2083.377398
2083.703849
2084.388168
2085.377925
2085.502484
2085.731246
2085.952963
2086.090424
2086.099927
2086.122947
2086.727229
2087.061504
2087.370547
2087.513457
2088.143012
2088.182620
2088.215716
2089.001902
2091.170734
2091.234714
2092.252570
2092.279357
2092.297789
2092.319621
2092.368937
2094.039040
2094.684979
2094.740890
2095.052308
2095.701811
2095.751414
2095.763538
2095.958098
2096.366551
2096.376463
2096.440689
2097.008189
2097.367368
2097.388175
2097.392067
2097.462395
2097.567867
2097.856184
2098.541568
2098.914509
2099.444204
2101.842125
2102.293504
2105.752986
2105.981665
2106.690724
2109.755597
2109.788692
2110.992179
2112.152740
2112.226918
2112.659333
2115.966116
2123.167457
2126.207795
2126.234870
2127.354225
2127.406285
2128.903578
2129.687060
2130.310144
2130.606694
2131.430728
2131.570401
2132.731822
2134.541967
2134.749757
2135.085629
2136.874312
2137.247744
2137.513370
2138.328883
2139.356733
2139.806474
2148.005560
2148.960788
2149.039063
2149.854863
2150.830326
2151.551017
2151.636214
2151.873372
2153.956721
2154.052362
2154.661806
2155.655455
2159.401165
2159.522939
2160.244163
2160.824812
2162.474557
2162.600960
2164.577075
2169.381642
2169.730007
2174.004183
2174.645043
2175.608136
2175.662694
2178.331525
2178.921964
2180.047749
2181.758403
2184.107172
2186.928087
2190.939546
2191.616696
2192.288809
2194.680668
2194.810675
2195.128689
2195.242394
2196.280074
2196.831355
2198.829220
2199.614833
2199.815209
2201.493750
2202.015252
2203.782554
2203.992228
2204.279972
2206.388142
2206.667448
2209.518182
2212.613652
2212.707697
2213.002895
2213.497610
2214.506250
2217.358295
2217.907241
2218.776535
2219.935130
2220.490179
2220.563374
2220.609167
2220.826788
2221.604946
2223.268659
2223.834358
2224.547553
2226.365071
2226.641879
2226.721219
2227.788800
2228.566057
2229.213102
2230.960865
2231.176356
2232.785592
2232.963359
2235.083858
2235.244503
2235.355668
2235.893514
2239.138038
2240.360530
2240.565821
2241.465795
2242.366669
2242.665390
2242.695004
2243.469394
2243.691848
2244.513382
2244.650967
2247.298458
2247.387832
2251.689779
2252.534333
2254.669865
2255.505244
2256.565084
2256.689316
2257.305723
2258.743665
2259.834511
2260.406682
2260.523131
2261.314970
2262.091162
2262.932275
2263.151002
2263.414620
2263.923261
2264.014479
2264.276623
2264.942060
2265.198961
2265.950700
2266.801521
2266.869350
2266.970317
2267.090166
2267.555144
2269.394657
2269.634642
2270.487552
2271.224627
2272.401285
2272.415908
2272.500982
2272.625009
2273.410458
2273.849180
2275.035382
2275.518956
2275.678044
2276.081213
2276.320256
2276.556227
2277.035786
2277.877268
2279.568957
2280.117412
2282.476012
2282.642350
2283.267236
2283.742740
2284.271985
2284.361236
2284.768707
2285.364756
2285.572055
2286.148731
2286.520320
2287.771238
2288.730481
2288.900956
2289.029120
2289.747354
2294.214042
2294.308127
2295.312630
2295.336141
2296.557773
2296.668078
2298.181222
2298.226115
2298.280755
2298.581320
2298.632438
2300.125716
2300.159590
2300.520079
2300.646810
2301.186990
2301.425828
2301.640335
2302.787625
2303.642706
2304.021176
2304.101868
2304.794378
2305.450967
2307.621028
2308.370227
2309.436293
2311.384023
2312.564818
2312.644035
2314.982646
2315.508326
2317.072916
2317.881098
2317.981409
2318.092698
2319.181701
2319.513600
2319.781847
2320.812278
2321.910047
2322.023916
2323.338363
2324.088668
2324.743905
2325.272781
2325.566587
2325.870633
2326.134989
2329.170616
2329.183846
2330.867425
2331.242168
2331.286036
2331.608637
2331.796193
2332.669501
2332.946555
2333.008159
2333.206979
2333.491405
2335.041208
2335.360369
2335.476449
2335.750103
2336.536781
2336.800563
2338.285404
2339.088835
2367.781642
2367.985050
2369.313669
2369.403535
2369.814979
2370.706842
2371.241738
2371.938959
2373.070643
2374.641459
2376.169431
2377.656893
2378.552648
2378.719846
2379.081236
2380.577382
2380.830556
2381.533266
2382.303232
2382.588355
2383.723643
2384.742359
2385.137992
2386.085519
2386.621522
2386.665677
2387.044311
2387.172721
2387.246817
2387.551027
2388.580147
2389.366866
2389.940593
2390.563471
2391.101809
2391.882056
2393.273221
2394.431037
2394.549903
2394.603930
2396.207022
2397.405880
2397.539779
2398.082662
2398.385807
2398.400922
2398.941757
2399.297864
2399.814451
2400.332759
2400.903741
2402.486927
2403.821814
2403.878461
2403.885384
2404.013834
2404.949484
2406.575964
2407.290061
2407.315702
2407.710474
2408.454717
2408.582881
2408.900239
2409.621422
2411.120026
2411.197768
2411.272438
2411.864760
2412.320973
2412.685517
2413.024133
2413.517210
2415.022735
2416.940196
2416.956088
2417.188700
2417.576059
2417.620787
2417.704509
2417.819648
2418.225562
2419.004826
2420.786340
2421.080105
2422.347244
2423.787848
2423.851868
2424.474051
2426.421903
2426.800988
2426.802340
2427.381228
2427.535155
2429.103104
2429.881876
2431.935898
2432.578601
2432.801587
2438.600499
2441.177088
2442.352640
2442.730783
2444.424765
2445.390111
2445.674045
2446.168719
2446.586184
2446.943846
2447.331656
2447.682806
2447.852175
2450.085642
2450.969027
2451.390833
2451.685704
2451.690209
2452.179845
2453.361009
2453.605417
2453.697290
2454.007235
2454.995681
2455.658578
2458.116547
2459.235287
2459.555758
2459.660042
2459.929436
2461.049651
2461.522739
2462.246461
2463.094661
2463.130870
2463.806751
2465.684767
2466.291958
2468.302643
2468.894474
2469.167800
2469.542175
2472.051917
2472.343142
2473.266586
2473.373983
2473.441280
2474.048184
2475.162010
2476.123054
2476.429271
2477.817078
2477.913580
2478.211359
2479.825306
2480.388301
2480.416727
2480.728883
2481.516995
2481.615872
2482.207867
2482.264392
2482.310021
2483.564052
2484.789699
2485.571215
2487.383286
2488.850063
2489.890611
2490.642268
2492.933612
2493.564600
2494.579507
2494.973338
2498.048123
2498.589245
2498.639749
2498.969641
2498.989548
2500.581949
2501.917204
2502.525379
2502.641500
2502.861087
2504.098488
2507.134894
2507.343913
2508.651561
2509.853491
2509.948355
2510.236795
2511.005450
2511.094374
2512.240599
2514.577695
2515.532022
2516.196844
2517.341798
2517.481308
2517.526364
2517.909668
2518.249226
2518.262784
2519.108649
2519.925514
2520.087020
2520.579809
2522.470318
2523.773010
2526.609490
2527.140045
2529.693983
2532.651336
2533.753528
2534.627820
2535.182295
2536.085914
2536.393032
2537.796035
2538.313646
2539.206287
2539.394580
2542.185185
2544.258703
2547.758858
2547.968860
2548.703150
2550.691062
2551.425311
2552.171397
2553.237176
2553.663037
2553.900605
2555.564155
2555.820237
2556.070052
2556.551782
2556.968100
2557.760143
2557.925294
2558.039204
2558.610268
2558.879539
2560.289341
2561.360650
2561.932493
2562.828247
2563.476439
2564.338196
2564.570644
2565.351793
2566.118687
2567.121756
2567.517962
2569.088410
2572.151194
2576.209838
2576.516137
2577.875026
2580.340244
2580.403405
2580.677345
2580.779131
2582.192005
2583.159235
2583.410074
2584.697201
2586.093814
2586.838548
2587.500175
2588.641608
2590.901576
2591.531008
2593.398661
2594.549105
2594.556887
2594.745549
2596.562780
2599.603323
2600.523284
2600.897823
2601.519350
2605.959946
2606.952407
2609.228227
2610.010604
2614.449357
2617.483837
2618.224681
2622.890844
2623.817564
2625.773814
2626.324562
2628.461855
2628.905984
2632.976671
2637.045309
2637.717463
2638.414848
2638.684037
2639.820145
2641.601946
2641.974272
2642.765865
2643.708764
2644.345610
2645.478646
2646.496952
2647.211336
2648.002150
2650.417029
2652.340634
2652.897608
2652.977521
2655.949701
2656.153723
2656.340255
2656.527442
2657.983611
2659.601244
2661.662106
2662.391890
2662.866862
2663.782932
2664.061297
2664.072929
2666.013614
2667.076444
2667.573412
2667.862999
2671.515402
2677.651825
2678.506209
2681.003868
2682.507551
2684.226560
2685.102162
2685.815316
2686.289920
2686.405468
2686.475141
2686.585324
2687.238758
2687.508931
2687.700664
2688.562504
2689.166295
2693.029724
2693.425684
2696.540652
2697.391350
2699.485594
2700.768788
2701.352960
2702.902395
2704.295936
2705.153843
2705.323786
2705.873961
2707.131802
2712.530166
2714.084680
2714.169098
2715.779564
2716.045394
2717.365576
2718.139843
2721.676902
2722.394030
2724.410696
2724.575027
2724.610499
2725.624545
2727.565558
2727.621222
2728.635556
2729.013780
2731.153490
2731.295744
2731.704689
2732.055183
2732.640256
2733.318226
2733.612237
2734.372086
2736.089129
2737.780326
2739.311411
2739.429868
2739.734856
2741.038981
2741.145641
2741.748367
2743.031685
2744.061870
2744.206787
2745.879224
2753.351762
2755.829064
2755.872768
2756.461609
2757.356421
2758.945546
2759.785759
2760.952095
2761.398272
2762.125967
2765.696696
2768.814653
2770.037228
2770.571264
2771.450388
2771.560284
2772.300718
2777.432883
2777.447014
2777.994281
2778.288660
2780.228936
2783.375524
2783.428076
2783.661179
2783.804867
2788.557578
2789.444854
2789.631017
2789.685371
2790.348308
2790.841016
2791.796736
2794.355466
2797.932093
2798.211523
2798.751048
2799.195382
2799.807488
2800.210043
2801.124475
2801.386004
2801.507000
2806.990930
2809.739264
2809.948938
2811.526717
2812.805612
2812.915507
2813.052436
2813.429801
2813.762396
2813.768745
2815.389614
2816.717742
2818.605711
2819.572654
2819.996426
2821.913108
2821.937193
2825.374228
2825.697567
2827.250483
2832.519946
2836.576338
2837.421752
2838.729892
2839.143219
2842.778829
2842.930668
2843.371602
2845.181788
2845.213164
2846.452613
2846.458880
2846.472888
2847.246664
2848.603587
2849.055785
2849.057792
2850.067743
2852.314071
2852.600668
2854.566830
2856.771011
2861.648568
2863.028429
2863.062671
2863.428035
2863.504548
2864.129884
2864.276931
2864.439255
2865.940234
2866.006426
2866.050171
2867.744399
2868.713349
2868.874322
2869.761720
2870.552207
2870.557286
2871.588291
2872.035123
2872.976302
2874.078904
2874.799022
2876.381184
2876.533965
2878.306345
2878.473011
2878.536827
2878.835098
2879.163679
2879.538094
2879.814779
2879.928156
2880.963379
2881.182147
2881.731011
2882.316001
2882.465260
2882.519695
2882.823987
2883.263652
2883.373670
2883.860111
2884.454810
2887.492813
2888.702771
2890.343301
2890.854769
2891.417436
2891.579802
2893.000049
2894.580736
2896.181535
2896.539771
2896.712786
2896.833536
2897.023468
2897.060045
2897.845043
2902.964142
2904.435794
2904.444805
2907.272806
2909.623214
2917.629665
2918.653338
2919.405322
2920.118108
2920.909046
2920.929321
2922.805944
2923.888148
2924.686213
2926.311588
2926.889206
2927.465964
2927.558164
2927.622513
2927.802245
2928.880067
2930.723553
2930.779218
2931.190374
2933.942968
2934.172180
2934.506660
2935.831634
2936.578458
2938.078781
2938.953851
2939.472527
2939.903754
2940.304466
2941.503570
2942.568079
2942.751662
2943.158272
2943.215084
2943.822438
2944.614932
2947.106775
2947.221258
2947.579576
2947.866173
2949.695816
2950.084567
2950.102221
2950.555279
2950.717686
2950.921748
2952.746353
2953.067602
2953.790792
2953.796608
2954.222592
2954.651443
2954.724884
2954.904822
2955.532124
2956.190147
2957.550019
2957.827809
2960.313303
2960.925123
2961.407222
2961.679319
2961.765335
2962.307523
2962.410783
2963.354624
2963.571712
2965.642076
2965.863178
2966.099354
2966.173573
2966.619914
2966.726615
2966.813778
2966.827500
