47.761695
47.774638
48.198369
48.277668
48.514417
48.743424
48.756122
48.886333
49.072865
49.133978
49.201603
49.284669
49.309778
49.369498
49.404314
49.824195
50.450801
51.505111
51.716342
51.869491
51.892429
52.512440
52.749844
52.975657
53.223014
53.509243
53.611192
53.643059
53.760369
53.908603
54.357156
54.373622
54.590054
54.860841
55.282975
55.756472
55.891968
55.906673
57.382216
57.494692
57.531023
58.495181
58.857964
59.091681
59.105075
59.278664
59.293860
59.400561
60.018360
60.240937
60.652339
60.795494
60.911903
61.037158
61.038592
61.295739
61.482926
61.907231
61.944873
62.061650
62.304502
62.435246
62.586962
62.587494
62.703780
62.913946
63.046328
64.081019
64.205578
64.391496
64.643318
64.663511
64.776684
64.873923
64.944701
65.677435
65.688904
65.991148
66.301215
66.414551
66.513469
66.766152
66.810266
66.938552
67.142615
68.445798
68.454687
68.463780
68.787241
69.255660
69.610168
69.804524
69.967258
70.075556
70.106972
70.199706
70.310052
70.472172
70.491464
70.596567
71.011164
71.445463
72.087757
72.189010
72.580342
72.929280
73.107292
73.123553
73.160909
73.930260
73.964134
74.018488
74.186547
74.359603
74.518651
74.595656
75.503206
75.795292
76.336087
77.277716
77.768868
78.038426
78.141399
78.627430
78.732165
78.826291
79.109980
79.325716
79.751209
80.337019
81.518961
81.682309
82.110710
82.124104
82.160230
82.258289
82.390098
82.418606
82.745508
82.835251
82.907013
82.928517
83.101696
83.137044
83.262218
83.619144
83.640279
84.440187
84.590428
84.653138
84.668498
84.860559
85.284168
85.341143
85.636383
85.863137
86.032056
86.047826
86.141583
86.222234
86.412493
86.476472
86.575964
86.788792
87.130604
87.580590
87.628882
87.694172
87.706952
87.713300
87.797228
87.798866
87.925105
87.952753
89.095496
89.200517
89.274491
89.379226
89.391759
89.407119
89.645998
89.672090
89.688842
90.560512
90.710589
90.769695
90.973471
91.526349
91.800003
91.936195
92.378767
92.489646
92.625469
92.643082
93.126246
93.157458
93.279068
93.313270
93.337190
93.345423
93.637222
94.193951
94.222991
94.866514
95.258296
95.299133
95.522243
95.599247
95.696937
95.862292
96.133284
96.164700
96.468951
96.588390
96.623862
96.826655
96.869048
96.890552
97.201234
97.256243
97.265377
97.578721
97.591009
97.721262
97.747313
97.886085
97.896571
98.678456
99.015844
99.221381
99.451331
99.479757
99.571261
101.007811
101.109350
101.141381
101.169029
101.338726
101.600133
101.791048
101.803950
102.107546
102.277284
102.609633
102.631670
103.235748
103.813325
103.951852
104.068055
104.125276
104.205640
104.291205
104.488468
104.586363
105.056461
105.180652
105.307013
105.321390
106.215014
106.313032
106.643702
106.716979
106.809057
106.918216
106.958889
107.128791
107.212554
107.358208
107.951309
108.116582
108.144026
108.200223
108.237087
108.456550
108.613878
108.690719
108.745032
108.812534
108.923740
108.979610
109.573857
109.677322
109.722255
109.784924
109.879624
110.185472
110.214881
110.340055
110.385930
110.559928
110.685307
110.737613
110.772470
111.586181
112.384696
112.397312
112.403538
112.647332
112.765256
113.026826
113.238057
113.341891
114.410578
114.778276
114.886246
115.165225
115.228795
115.411681
115.955917
116.193853
116.387840
116.422001
116.529807
117.921014
118.030090
118.297518
118.655590
118.733332
118.748160
118.859448
118.874358
119.049380
119.280558
119.587717
119.674225
120.583700
120.712806
121.071739
121.182659
121.244713
121.602253
121.704571
121.721815
122.182697
122.513818
122.607084
122.694042
122.827735
123.138212
123.146936
123.153490
123.196785
123.309507
123.706409
123.747123
124.078531
124.113633
124.204564
124.429148
124.638249
124.749292
124.861194
124.882575
125.002260
125.049324
125.481001
125.641851
126.169580
126.296637
126.408458
126.540063
126.613873
126.860780
126.959247
126.980506
127.150244
127.171420
127.201690
127.317893
127.553495
127.618089
127.670886
127.700951
128.409805
128.763740
129.105428
129.135862
129.272218
129.346806
129.495327
129.528914
130.744320
130.878505
131.189473
131.284951
131.608003
131.657155
131.673047
131.775037
131.897180
131.913605
132.013548
132.642529
132.676280
132.724244
132.773274
132.859904
133.060772
133.088584
133.365023
133.632246
133.659689
133.770527
134.130729
134.689260
134.700564
134.858179
135.008051
135.181189
135.651205
135.669473
135.801405
137.426493
137.428091
138.021560
138.083287
138.127401
138.514063
138.531267
138.625516
138.855260
139.305984
139.346780
139.364434
139.431322
140.168397
140.451717
140.534702
140.588892
140.645253
140.708864
140.711567
140.778496
140.793160
141.064847
141.069599
141.142999
141.275464
141.428982
141.800817
142.132019
142.392402
142.488822
142.518108
142.534533
142.586020
142.714552
142.810767
142.882284
142.917960
143.043543
145.737155
146.554429
146.942812
149.408113
149.693071
149.856297
149.958083
150.337782
150.525911
150.612132
150.732964
150.755820
150.920520
151.107707
151.124009
151.260733
151.493878
151.590093
151.919821
152.638177
152.750285
153.868493
154.692198
154.782147
154.883809
155.171881
155.242701
155.745731
155.959378
156.066365
156.091474
156.191457
157.363978
158.145577
158.409114
160.684769
160.950354
162.446336
163.412214
166.021939
166.025134
169.337242
169.661235
170.794639
170.875085
171.036877
171.209851
173.507297
174.862828
175.590113
175.597445
175.757312
175.770706
175.937208
176.552059
176.742400
177.933148
178.058854
178.076140
178.555003
178.661868
178.989466
178.999378
179.330417
179.430441
179.507855
180.417946
180.700324
180.902216
181.106934
181.474304
181.993923
184.480932
184.725012
185.362637
186.899169
187.432509
188.416328
194.562048
194.587361
194.991596
195.322757
201.011118
201.177211
204.440044
210.520924
211.181486
213.312922
214.242099
214.965289
216.518205
220.702474
221.924884
223.270134
225.049436
226.712207
227.331604
229.601772
231.712195
235.022418
235.990630
237.396296
238.510080
238.745068
239.895757
240.350249
240.805151
242.943836
245.069824
245.306491
245.952225
246.853960
250.577633
251.766333
252.597125
258.516296
262.466437
265.634570
265.981092
273.745510
273.763697
275.198853
275.825582
279.400858
280.125891
281.289441
284.436439
290.424013
290.463580
290.501960
290.968781
298.296238
302.231101
302.949171
303.678874
304.163922
308.073185
311.389716
314.777928
316.668969
317.059441
317.861192
322.204836
322.655150
323.433718
324.897341
324.974223
325.341389
326.974300
327.008297
327.041802
327.471555
328.631419
329.657672
329.935831
330.058015
330.071982
330.907935
330.979410
331.310121
331.532083
332.587295
332.620882
332.657459
332.852470
332.893225
333.206077
333.541786
334.219428
334.309499
334.820884
334.823383
334.881300
339.674030
341.412659
341.982700
342.403359
342.450954
343.392461
343.789855
344.920924
344.926290
345.325732
348.156396
348.603146
349.001482
350.003814
352.247890
352.442204
353.376625
355.486351
358.294692
359.250903
360.399135
362.798203
362.900316
365.230776
366.145167
367.389696
368.560660
368.907428
370.462843
373.495398
373.522473
376.903885
378.236723
382.224384
382.346813
383.078236
384.674365
384.933806
387.876741
391.658004
391.769702
394.457293
395.755807
396.431319
396.653486
399.708242
400.283771
403.893289
407.234191
409.257124
410.898801
414.162125
416.868557
418.268488
418.818007
419.387965
420.012687
420.311613
420.708147
420.810056
421.008138
421.816852
421.918269
422.020956
423.568302
424.133632
424.402739
425.350021
425.549414
426.992353
428.074557
428.193464
428.804997
429.281731
429.681664
429.688504
429.695713
430.142710
430.799217
432.479928
432.519660
432.623493
432.766075
436.194427
437.408113
441.017795
441.111511
441.615237
446.060626
446.882693
446.941184
447.653601
450.260132
450.681528
457.234473
460.150497
462.411694
466.436997
467.814236
469.986099
470.547128
471.465452
472.791777
473.084355
477.103800
477.177324
480.861553
481.057464
481.882276
484.556759
486.159688
486.219899
486.563430
486.695240
486.714040
487.003095
487.028941
487.255572
487.767654
488.250737
488.322458
488.407081
488.422851
489.822700
490.150748
491.225047
491.628093
491.971256
492.628132
492.631081
492.674048
492.725207
493.422223
493.576110
493.755515
493.826335
494.145905
494.156022
494.160978
494.179738
494.950851
495.570166
495.932580
496.143852
500.560077
501.182915
502.839419
504.051917
508.447375
508.804956
508.848660
511.839396
512.575898
512.738755
512.753623
512.763085
513.308918
513.648927
515.688284
515.960545
516.030218
517.293793
518.361047
519.210967
520.986665
521.319301
524.465725
524.500992
528.012820
532.047831
532.479508
532.499087
532.520755
535.944356
536.532009
536.547860
536.553144
538.597458
539.572060
542.181417
543.399895
544.323338
544.679117
547.858104
553.289359
558.096753
558.266409
560.096748
560.504218
560.623862
562.716508
565.479834
565.681971
566.328812
567.699169
569.276744
570.969047
571.700634
575.243878
575.702139
576.336159
576.717251
577.602683
577.653350
577.772257
578.052833
578.098913
578.517197
579.108454
579.441828
579.572736
579.641754
579.674317
579.686728
580.512932
580.702495
581.448131
581.454725
581.708595
581.874606
581.898691
582.238454
582.256148
582.343188
582.355927
582.862356
583.408189
584.326144
585.379922
585.559204
586.218906
587.081892
587.331953
587.640545
587.866153
588.411863
589.235282
592.227000
592.912302
593.711432
593.935155
596.603822
597.248737
599.365386
604.312658
606.009917
607.925289
610.169569
611.669565
612.787487
614.073139
615.252460
615.578214
616.534180
616.924938
617.645548
620.958843
622.122025
629.675540
631.812710
634.196787
692.578714
693.229445
693.241160
693.632819
694.081004
694.645883
695.480279
696.209777
696.626422
696.682742
696.730747
696.863416
696.886559
696.991130
698.525327
700.226519
700.338053
700.621087
700.814172
700.858450
700.884173
701.601505
701.641441
701.659464
701.753467
701.798113
701.880893
702.054277
702.169211
702.739702
702.863852
702.873108
703.024169
703.101665
703.157289
703.435080
703.443272
703.647171
703.832269
703.900590
704.319652
704.554844
704.561111
704.724296
704.924631
705.065779
705.176289
705.265951
705.479926
705.648189
705.934172
706.431549
706.557542
706.582323
706.654904
706.710446
706.739200
706.784707
706.947400
706.972426
707.048448
707.066675
707.389030
707.497042
707.684065
707.855442
708.107633
708.181811
708.497531
708.748370
708.827013
709.319967
709.508669
709.568635
709.695201
709.898568
710.062326
710.183772
710.418432
710.540575
710.742999
711.153459
711.305503
711.821025
712.007066
712.556134
712.662057
712.749588
712.867185
712.962253
713.370092
713.387500
713.395077
714.000794
714.066412
714.123715
714.344038
714.380411
714.644480
714.767852
714.897408
715.581440
715.968389
716.359762
716.467323
716.600074
717.025157
717.093069
717.710131
717.831578
718.072791
718.095770
718.169989
718.277673
719.874376
720.193413
720.526295
720.602644
720.623616
721.237770
721.326531
721.371832
721.524531
721.768612
721.977303
721.990861
722.203443
722.663301
722.822267
722.966446
723.066307
723.185705
723.454935
723.550986
723.733914
723.869655
724.024074
724.158587
725.228134
725.444198
725.798298
725.883208
726.327009
726.524805
726.604841
726.753362
726.928548
727.258644
727.332782
727.626793
727.911383
728.142520
728.307917
728.448860
728.651940
729.053880
729.106145
729.231974
729.552691
729.676022
730.316718
730.374799
730.475520
730.659430
730.771456
730.834289
731.078042
731.359314
731.385979
731.636900
731.973837
732.092047
732.216934
732.465439
732.693914
732.735570
732.773990
732.859064
732.869878
732.891668
733.073490
733.163151
733.574513
733.596672
733.887734
733.962035
734.042153
734.220943
734.381220
734.643159
734.772511
734.786150
734.810849
734.968750
735.112847
735.143485
735.247483
735.342223
735.360451
735.492956
735.574385
735.621571
735.724790
736.193126
736.209838
736.226468
736.360530
736.470467
736.818053
736.867615
736.961987
737.009869
737.043620
737.053778
737.062666
737.307976
737.411973
737.446461
737.496228
737.791549
737.932206
738.049925
738.124186
738.147410
738.305434
738.485780
738.660844
739.151462
739.172065
739.290726
739.612549
739.935969
739.963576
740.325171
740.466688
740.638188
740.849500
740.925276
740.995768
741.126636
741.185290
741.375672
741.506621
741.554708
741.645558
741.778022
741.867520
742.083625
742.144041
742.522184
742.672466
742.853960
743.174226
743.344128
743.545733
743.954760
744.046674
744.207688
744.352113
744.443658
744.535040
744.717271
744.999567
745.062810
745.085215
745.220301
745.239388
745.437921
746.173153
746.677207
746.858783
747.129119
747.470275
747.587953
747.823268
747.863491
748.044698
748.146975
748.540191
748.809298
749.043712
749.052682
749.080781
749.129359
749.162824
749.232701
749.278781
749.401293
750.339932
750.404936
750.487716
750.550508
750.921646
750.958346
751.061443
751.580160
751.740477
751.814410
751.827272
751.933727
752.169861
752.235233
752.391291
752.536412
753.259397
753.279795
753.321411
753.336934
753.497580
753.655398
753.738056
753.753784
753.823498
753.831526
753.854382
754.316902
754.625085
754.825503
754.847621
754.918195
754.995364
755.262792
755.350487
755.488236
755.890995
756.348314
756.449239
756.499866
756.639703
756.650107
756.669030
756.737843
756.778803
756.910776
757.262213
757.940101
758.206177
758.308127
758.624502
758.827581
758.993715
759.020339
759.222067
759.247176
759.333642
759.577149
759.792640
759.856538
760.106353
760.277770
760.470528
760.697733
761.109791
761.212846
761.300460
761.801400
761.925550
762.088243
762.181345
762.211533
762.280428
762.375864
762.589348
763.581891
764.354601
764.486533
764.698173
765.075005
765.103227
765.232783
765.520364
765.618381
765.747978
765.776486
766.020157
766.174822
766.277673
766.609940
767.021507
767.544648
767.686369
767.723848
767.820186
767.835996
767.932744
767.977841
768.290365
768.373064
768.387441
768.415457
768.749404
769.061765
769.071718
769.079091
769.151181
769.498767
769.526825
769.690378
769.798062
770.074132
770.152243
770.314691
770.508063
770.554225
770.755092
771.023299
771.051438
771.271148
771.448832
771.764470
772.162683
772.274381
772.440637
772.450796
772.615414
772.734116
772.872110
772.954440
773.108941
773.191680
773.355233
773.496463
773.782159
773.854044
773.972746
774.022390
774.228378
774.352200
774.390784
774.483722
774.808248
774.991258
775.081861
775.270400
775.531028
775.555154
775.637361
775.695852
776.171028
776.235991
776.364483
776.466022
777.177580
777.347318
777.635717
777.910518
778.235331
778.362634
779.040973
779.234222
779.419812
779.544535
779.643003
779.774321
779.791196
779.968266
779.978506
780.072428
780.481413
780.689121
780.695675
780.804137
781.254943
782.041252
782.443192
784.297001
784.376422
784.389120
784.776561
784.786678
784.806175
785.144095
785.163919
785.215816
785.274962
785.283318
785.433723
785.448223
785.618534
785.659126
785.688371
785.915126
786.262589
786.491351
786.905375
786.940396
786.986885
787.384279
787.460997
787.469148
787.927122
787.934986
788.119265
788.132209
788.841267
788.957307
788.987740
789.103043
789.410284
789.540659
790.265897
790.364692
790.714163
790.909665
791.018414
791.040492
791.475282
791.800504
792.315249
792.635924
792.645755
793.113068
793.146450
793.305006
793.471181
793.643418
793.665454
793.687941
794.360463
794.563461
794.811515
794.914488
795.073741
795.230781
795.787387
795.803075
796.162417
796.514836
796.618383
797.146153
797.274890
797.398835
797.475881
797.665116
797.737288
797.764813
798.102569
798.166548
798.322606
798.353490
798.370857
798.425498
798.987387
799.054275
799.779922
799.781110
799.982797
800.033260
800.193782
800.574874
800.727777
801.094410
801.195090
801.561313
801.658266
801.666499
801.837261
801.843692
802.591130
802.686771
802.714583
802.806252
802.960015
802.991555
803.089367
803.556475
803.622789
803.729244
804.455260
804.472422
805.074166
805.355356
806.648873
806.662799
807.146578
807.346913
807.459635
807.605944
808.243610
808.515461
808.644567
808.766259
809.313403
809.390162
809.479455
809.487729
809.492193
809.915433
810.026967
810.270761
810.334904
810.358333
810.468680
811.102863
811.346534
811.780424
811.807007
811.823882
812.408504
812.569518
812.722790
813.001400
813.055263
813.071483
813.080986
813.244129
813.287383
813.353779
813.473915
813.991199
814.264074
815.015363
815.614607
815.689605
815.737283
816.005693
816.307036
816.624845
816.669778
816.773571
816.809943
816.860324
816.916726
816.982303
817.004012
817.088881
817.179648
817.431101
817.503150
818.130371
818.442404
818.515149
818.656010
818.658959
818.734080
818.829230
818.852372
819.051069
819.208970
819.329229
819.346637
819.469967
820.277780
820.304077
820.360520
820.573389
820.977418
821.707612
821.774950
821.845934
821.917819
821.963244
822.014648
822.071583
822.120899
822.128927
822.252544
822.700933
823.133471
823.383409
823.576822
823.808983
823.952548
824.239104
824.532787
825.034506
825.102541
825.203466
826.104218
826.686505
826.719642
826.785833
826.851041
827.179909
827.424195
828.232663
828.381430
828.675195
828.882862
829.079962
829.133455
829.274890
829.304177
829.400310
831.738675
831.850373
831.881052
831.982141
832.134308
833.111654
833.465754
833.499955
833.587159
833.619272
833.642496
834.343649
834.502083
834.756239
835.270943
835.788349
835.880182
835.923231
835.951985
835.987210
836.045988
836.107551
836.169359
836.389396
836.481802
836.634911
837.057208
837.289206
837.463081
838.029558
838.076129
838.151414
838.351380
838.902579
839.769375
839.918346
839.964017
840.024965
840.104223
840.110326
840.673567
840.977367
841.309716
841.341583
841.699410
841.889137
841.972285
842.110566
843.042570
844.071444
844.118508
844.258222
844.295291
844.440044
844.502508
844.619612
844.918989
845.183959
845.240197
845.904364
846.025728
846.222295
846.702141
846.893670
846.949294
847.851643
847.918244
847.961334
848.866058
849.348567
850.025513
850.285322
850.550415
851.072655
851.721994
853.037220
853.515059
853.572936
853.872517
854.488924
855.168082
855.385702
855.808410
856.311521
856.560230
856.670249
856.798044
858.018693
858.328269
858.612244
858.875208
858.932961
858.976707
859.090534
859.186381
859.418911
859.730534
860.118876
860.279439
860.362383
860.763873
860.773786
861.099581
861.331333
861.437952
861.569679
861.622026
862.008238
862.312858
862.362911
862.634107
862.869914
863.072911
863.097856
863.510323
863.518597
863.525560
863.693292
863.740764
863.831982
864.215286
864.243057
864.325222
864.349798
864.556974
864.807895
864.990618
866.025759
866.157117
866.171208
866.277827
866.477711
866.560532
866.670715
866.733957
867.100303
868.026696
868.048118
868.070932
868.236820
868.929823
869.605990
870.247342
870.444196
870.814556
870.987530
871.244227
871.337370
871.581819
871.766630
871.791493
872.345887
872.658002
872.688067
872.696013
872.793866
872.885125
873.097830
873.292513
873.438331
873.875046
874.258022
874.868244
874.931241
875.041997
875.241021
875.473879
875.493048
875.627848
875.739587
875.798856
876.028682
876.107244
876.368282
876.518236
876.605809
876.969001
877.147587
877.483745
877.537239
877.911695
877.932667
877.952778
878.044406
878.835794
878.874337
878.950031
879.106949
880.196936
880.296428
880.570614
881.118495
881.373102
881.582653
881.769923
881.848197
881.908204
882.069996
882.207703
882.302116
882.900255
883.530670
883.704463
883.883663
883.894313
883.900867
883.978363
884.015923
884.048937
884.088873
884.173578
885.226742
885.286584
885.626184
885.809930
886.411346
886.444073
886.499697
886.541476
886.567936
886.581453
886.755533
886.958162
887.254917
887.288177
888.067973
888.098324
888.240210
888.402330
888.587018
889.026806
889.136415
889.277440
889.446892
889.625969
889.873490
889.925468
889.954673
890.219438
890.755809
890.825359
891.096515
891.709399
892.253266
892.355379
892.374835
892.451635
892.477317
892.551578
892.640502
892.748104
893.145825
893.604946
894.148362
894.274478
894.401905
894.448968
894.885233
894.944707
895.055708
895.137956
895.272755
895.356600
895.450972
895.477760
895.674204
896.255345
896.761528
896.943309
897.004749
897.306214
897.323090
897.430569
898.048532
898.210611
898.340250
898.378342
898.419876
898.598584
898.703811
898.937364
899.174072
899.609313
899.684311
899.688120
899.717652
900.077937
900.474307
901.128028
901.211177
901.317714
901.338317
901.416632
901.499085
901.524398
901.532549
901.600010
901.829140
902.209126
903.271997
903.605494
903.873864
903.985152
904.200274
904.341299
904.641004
904.957870
905.024389
905.288376
905.328394
905.509806
905.519350
906.022953
906.370949
906.442342
907.055350
907.136532
907.556127
907.626455
907.647631
907.671798
907.976458
908.032410
908.062761
908.145869
908.165530
908.185518
908.292751
908.348047
908.455444
908.769362
909.065380
909.318636
909.421527
909.455770
909.498286
909.702390
909.892690
909.958349
910.091387
910.106993
910.343782
910.447821
910.618173
910.621286
910.727209
910.981325
911.001887
911.095030
911.361434
911.487549
911.584338
911.619359
911.651512
911.685304
911.730156
911.847014
911.995535
912.013230
912.213975
912.271811
912.473293
912.486810
912.702095
912.712786
912.814940
913.007084
913.069875
913.200947
913.310515
913.526620
913.628733
913.763779
913.842422
914.105344
914.182431
914.238464
914.552095
914.695496
914.911437
915.006054
915.014001
915.198525
915.603456
915.738747
915.889316
915.937034
916.360765
916.574495
916.688896
916.767130
916.827095
916.841923
916.929782
916.967834
917.067121
917.207450
917.334139
917.335491
917.349581
917.383373
917.678367
917.697905
917.762417
917.853757
918.061548
918.089155
918.110659
918.317425
918.422733
918.466437
918.487654
918.623724
918.668042
918.836101
919.139656
919.318241
919.334502
919.384146
919.729480
919.873782
919.897375
920.047657
920.132239
920.182047
920.303452
920.394260
920.484946
920.709284
920.761795
920.786739
920.811397
920.967045
921.300050
921.722880
921.739796
921.784812
921.853624
921.894830
921.923420
921.996984
922.016891
922.051133
922.106962
922.162749
922.277847
922.297590
922.393068
922.499850
922.825687
922.850058
922.981827
923.326915
923.340227
923.386143
923.524137
923.774034
923.867914
923.927675
924.001976
924.059116
924.301230
924.335759
924.466995
924.513935
924.733604
924.943442
924.985795
925.025198
925.098762
925.259981
925.347389
925.364511
925.482721
925.491528
925.572833
925.645455
925.655572
925.670769
925.867991
925.876224
926.075822
926.169702
926.264402
926.500291
927.068078
927.099822
927.180759
927.912878
928.083763
928.149135
928.392397
928.545137
928.740884
928.805069
928.983163
929.185096
929.269432
929.299825
929.584660
929.628897
929.749361
929.780900
929.904968
930.203730
930.307031
930.315346
930.706637
930.828780
931.053117
931.249889
931.387761
931.432653
931.912991
932.178289
932.229202
932.270694
932.291666
932.349870
932.503224
932.674396
932.826972
933.153014
933.174149
933.365023
933.425152
933.657477
933.798584
933.801943
933.887713
933.909586
933.971026
933.980488
933.987901
934.302392
934.312468
934.542950
935.055811
935.973519
936.069734
936.181965
936.300503
936.486093
936.512143
936.552448
936.779162
936.909455
936.966431
937.103688
937.239880
937.321964
938.034135
938.206290
938.577715
938.698793
938.933740
939.146609
939.282719
939.619164
939.783209
940.018975
940.036178
940.186132
940.268708
940.594258
940.735857
940.855747
940.880609
940.941640
941.071483
941.229834
941.346775
941.427794
941.847429
941.997875
942.488986
942.637793
942.707343
942.717501
943.055421
943.216067
943.286313
943.316582
943.419638
943.696036
943.905505
944.833946
944.881009
944.933724
945.006592
945.046733
945.079460
945.131233
945.258332
945.276477
945.900298
945.995489
946.032108
946.178580
946.246369
946.411807
946.710856
946.886287
946.969395
947.068723
947.159286
947.290112
947.371295
947.443384
947.476357
947.513221
947.559875
947.621069
948.160717
948.253860
948.534559
948.623933
948.663869
949.025546
949.064909
949.197087
949.250826
949.353144
949.638103
949.869732
950.136750
950.341509
950.372434
950.635438
950.801408
950.999081
951.222026
951.643750
952.154767
952.265687
952.280596
952.401797
952.564204
952.733204
953.583452
953.771786
953.867674
953.980805
954.062766
954.162422
954.732298
954.928169
955.395686
955.522744
955.533271
955.650744
955.696333
955.891958
956.040397
956.419564
956.468920
956.928492
957.273825
957.465477
957.609820
957.749576
957.796762
958.149345
958.233354
958.416323
958.484890
958.876795
959.028879
959.038177
959.240765
959.495004
959.847875
960.405504
960.723886
961.093919
961.670226
962.282947
963.037348
963.100713
963.638518
963.783434
963.942154
963.960259
964.122255
964.463493
964.583956
965.228667
965.356708
965.729526
965.903114
965.925970
966.962217
967.200604
967.563919
967.723049
967.833190
967.961354
968.026685
968.374927
968.572436
968.641004
968.661647
968.674468
968.793907
968.865137
969.139610
969.512673
969.672622
969.981829
970.215711
970.580910
970.715791
970.851983
971.056374
971.129774
971.335475
971.508613
971.565261
971.697275
971.833795
972.176056
972.349686
972.512870
973.065175
973.282796
973.369549
974.134313
974.377615
974.531297
974.598676
974.662287
974.743142
974.757192
975.025439
975.153357
975.380808
975.395963
975.589540
976.142131
976.167281
976.322478
976.451174
976.468910
976.798925
976.865894
977.094656
977.184236
977.194557
977.325056
977.359094
977.504010
977.644831
977.773691
977.868964
978.018468
978.077532
978.394972
978.426266
978.682593
978.840289
978.883174
978.932244
979.309322
979.350815
980.495237
980.634010
980.669399
980.693811
981.040128
981.390172
981.488353
981.665546
981.765448
981.793014
981.969388
982.085222
982.118810
982.221046
982.266184
982.329754
982.346220
982.558761
982.644244
982.726574
982.773268
982.943293
983.051018
983.595950
983.896146
984.404582
984.423260
984.478228
984.491500
984.838595
984.979661
985.017508
985.159229
986.364232
986.723410
987.075666
987.498168
987.605893
987.614536
987.984323
988.883067
989.006807
989.015572
989.237084
989.571359
989.596959
989.681992
989.861888
990.392402
990.704148
990.948270
991.016141
991.094866
991.134925
991.343124
991.515484
991.671747
991.967027
992.113869
992.171991
992.212050
992.385393
992.472842
992.729702
992.995205
993.409802
993.808056
994.081219
994.205450
994.382029
994.428191
994.736292
995.040256
995.237233
995.443098
995.551396
995.824517
996.493640
996.523049
996.593009
996.710851
996.934984
997.391892
997.847859
998.208471
998.267249
998.511370
998.802022
999.576044
999.691223
999.699415
999.724892
999.810376
999.835361
999.906017
1000.276787
1000.801853
1000.938578
1001.519432
1002.118513
1002.335928
1002.742374
1002.794516
1002.817987
1003.020657
1003.228897
1003.360543
1003.941765
1003.978220
1004.719596
1004.980224
1005.000172
1005.022863
1005.042237
1005.115269
1005.120717
1005.305774
1005.657539
1006.011146
1006.076068
1006.165524
1006.587576
1007.537766
1007.768781
1007.942451
1008.269312
1008.468009
1008.499753
1008.713728
1008.902308
1009.061315
1009.178460
1009.448509
1009.777541
1010.014413
1010.304614
1010.736701
1010.881700
1010.915574
1010.972672
1011.242025
1012.411515
1012.507361
1012.718879
1013.060690
1013.368668
1013.795758
1014.045573
1014.143713
1014.361006
1014.371942
1014.606111
1014.679552
1014.692495
1015.255941
1015.270523
1015.326556
1015.529390
1015.625769
1015.649690
1015.834378
1015.971103
1016.036762
1016.059331
1016.240456
1016.264499
1016.435712
1016.585011
1016.633098
1016.656486
1016.692408
1016.768922
1016.798904
1016.822497
1016.862106
1017.036595
1017.062072
1017.137930
1017.277194
1017.317990
1017.918464
1018.035773
1018.222346
1018.223124
1018.367959
1018.575995
1018.983506
1019.067843
1019.325727
1019.383726
1019.404206
1019.580334
1019.602780
1020.213821
1020.286525
1020.484076
1020.593152
1020.686909
1020.839977
1021.300695
1021.341245
1021.449789
1021.612974
1021.648323
1021.733233
1021.848044
1022.139351
1022.395556
1022.402355
1022.592205
1022.633329
1022.699725
1022.718239
1023.017165
1023.048540
1023.373681
1023.393956
1023.409766
1023.484928
1023.809905
1023.854019
1024.022774
1024.335053
1024.369500
1024.416932
1024.544072
1024.628367
1024.662077
1024.835297
1025.266524
1025.336443
1025.584865
1025.692959
1025.763738
1025.929503
1025.978614
1025.997210
1026.066719
1026.264474
1026.562580
1026.878628
1026.927575
1026.958623
1027.108659
1027.120292
1027.248620
1027.277046
1027.628933
1027.730555
1027.807519
1027.943178
1028.396933
1028.600259
1028.635607
1028.805386
1028.906394
1029.191762
1029.521777
1029.557985
1029.619589
1029.699912
1030.022390
1030.279250
1030.509855
1030.705193
1030.880092
1031.041393
1031.049830
1031.240008
1031.285801
1031.366656
1031.396434
1031.616758
1031.659643
1031.761633
1031.817994
1031.937393
1031.993713
1032.067113
1032.076165
1032.405893
1032.435917
1032.869028
1032.930017
1032.996618
1033.136538
1033.217311
1033.346499
1033.406751
1033.583944
1034.278093
1034.326753
1034.385572
1034.456596
1034.470195
1034.601226
1034.676347
1034.835968
1034.985595
1035.114906
1035.330724
1035.790582
1036.147261
1036.178883
1036.252979
1036.334080
1036.466258
1036.893389
1037.680394
1038.553129
1039.268577
1039.295939
1039.413699
1039.472640
1040.059515
1040.274186
1040.383795
1040.653844
1040.854016
1040.929997
1041.474191
1041.538089
1041.562706
1041.576919
1041.706885
1041.752392
1041.826816
1041.870397
1041.970176
1042.196193
1042.214912
1042.683044
1042.942198
1042.957066
1043.415204
1043.421880
1043.512730
1043.684721
1043.741082
1044.060979
1044.124303
1044.582605
1044.633928
1044.918436
1045.064950
1045.227725
1045.244723
1045.273723
1046.066749
1046.266307
1046.680617
1046.777897
1046.962094
1046.975447
1047.970611
1048.594678
1048.660173
1048.811684
1049.004728
1049.176883
1049.333391
1049.406259
1049.857720
1050.533396
1050.866156
1050.946929
1051.138212
1051.168522
1051.712553
1051.794432
1052.198871
1052.707594
1052.910264
1052.989317
1053.373481
1053.456302
1053.484933
1053.557719
1053.677527
1054.379049
1055.309619
1055.618540
1055.884820
1055.925617
1056.309658
1056.402964
1056.466043
1056.875725
1057.109606
1057.156915
1057.287700
1057.544274
1058.025841
1058.199347
1058.327634
1058.395095
1058.513797
1058.660639
1058.781020
1059.217531
1059.935887
1059.952558
1059.969229
1061.430026
1061.522719
1061.835817
1062.081004
1062.284370
1062.609961
1062.712975
1062.832046
1062.973399
1063.408026
1063.712932
1063.749468
1063.872881
1063.898644
1064.145756
1064.292188
1064.427438
1064.551301
1064.561869
1064.630518
1064.763515
1064.912773
1064.984412
1066.101637
1066.473759
1066.539622
1066.820444
1066.841416
1066.919567
1067.066614
1067.092623
1067.121746
1067.132805
1067.726193
1068.067676
1068.155453
1068.290048
1069.053338
1069.326828
1069.520732
1069.734912
1070.250230
1070.452449
1070.688338
1070.809743
1071.433523
1071.868232
1071.959450
1072.034079
1072.119276
1072.298476
1072.458301
1072.687145
1072.701972
1072.708895
1072.838124
1072.861676
1072.968458
1072.986358
1073.105633
1073.356841
1073.773896
1073.881580
1073.981563
1074.183700
1074.526413
1074.693898
1074.784379
1074.854584
1075.076424
1075.310797
1075.354788
1075.474924
1075.752182
1075.796869
1075.906150
1075.926426
1076.004700
1076.255293
1076.275446
1076.462633
1076.728504
1076.988887
1077.049795
1077.070356
1077.320049
1077.329428
1077.441864
1077.532344
1077.701263
1077.732270
1077.741773
1077.794161
1077.848801
1077.904425
1077.934121
1077.951652
1078.292357
1078.376366
1078.780805
1078.859039
1078.897336
1078.953247
1079.101071
1079.213466
1079.301939
1079.434322
1079.541105
1079.644119
1079.714611
1079.735296
1079.762289
1079.901389
1080.102502
1080.291123
1080.302961
1080.702444
1080.739226
1080.843018
1080.917033
1081.018614
1081.045197
1081.198223
1081.585582
1081.717146
1081.730621
1081.986785
1082.136822
1082.151977
1082.171761
1082.360463
1082.372547
1082.459955
1082.610770
1082.862428
1083.066532
1083.166433
1083.244421
1083.295416
1083.432837
1083.457208
1083.479777
1083.690680
1083.716526
1083.869716
1083.923743
1084.042691
1084.066488
1084.147548
1084.235735
1084.593603
1084.704317
1084.866478
1084.882698
1084.953559
1085.101916
1085.511475
1085.834936
1085.885399
1085.995786
1086.041784
1086.159094
1086.635991
1086.752891
1086.875116
1086.962074
1086.966129
1087.085527
1087.179325
1087.510241
1087.568241
1087.774966
1087.865283
1087.873597
1087.974236
1088.081838
1088.189972
1088.303391
1088.805642
1088.983613
1089.231503
1089.328292
1089.776271
1089.968660
1090.400420
1090.489713
1090.542756
1090.670674
1090.730967
1090.827264
1091.264512
1091.305554
1091.334103
1091.445678
1091.512156
1091.606446
1091.963249
1092.130202
1092.226376
1092.322099
1092.358513
1092.466115
1092.660388
1092.963779
1093.384192
1093.974958
1094.039020
1094.117745
1094.199460
1094.256599
1094.280724
1094.378619
1094.506701
1094.574408
1094.605087
1094.745047
1094.981673
1095.014564
1095.135109
1095.146332
1095.182459
1095.426130
1095.500923
1096.479539
1096.564490
1096.658862
1097.170739
1097.387049
1097.735619
1098.104381
1098.360914
1098.799800
1098.810860
1098.927227
1098.956882
1098.983506
1099.014717
1099.131535
1099.163116
1099.310858
1099.612037
1100.128010
1100.445450
1100.556452
1100.570993
1100.582380
1101.070213
1101.476495
1101.773455
1101.886669
1101.943931
1102.076805
1102.342390
1102.606254
1102.773780
1103.037194
1103.167283
1103.402516
1103.415665
1103.462359
1104.034243
1104.045875
1104.429507
1104.496230
1104.903946
1105.208566
1105.275372
1105.360404
1105.631560
1105.698857
1105.782989
1105.965097
1106.064220
1106.128118
1106.465341
1106.509332
1106.649416
1106.756116
1106.787492
1106.872156
1106.922414
1106.933064
1107.266724
1107.564012
1107.666862
1107.797484
1107.804406
1107.809894
1107.919667
1108.349379
1108.368753
1108.634132
1108.757668
1108.873789
1108.897341
1108.960788
1109.211914
1109.333565
1109.341921
1109.390090
1109.453578
1109.706506
1109.722563
1110.047785
1110.255575
1110.361375
1110.641869
1110.714900
1110.740214
1110.777487
1110.917652
1111.199744
1111.273390
1111.290348
1111.406961
1111.481344
1111.533896
1111.540818
1111.568712
1111.573176
1111.597834
1111.611146
1111.842652
1112.161853
1112.282726
1112.301363
1112.371855
1112.475402
1112.520540
1112.590582
1112.622285
1112.754012
1112.784036
1112.822088
1112.904540
1113.054372
1113.736970
1113.925550
1113.981010
1114.184458
1114.364027
1114.478305
1114.657587
1114.695148
1114.726851
1115.009802
1115.366687
1115.426898
1115.512586
1115.558789
1115.621786
1115.669012
1115.803853
1115.924685
1116.004106
1116.510003
1116.773458
1116.789268
1117.153731
1117.195674
1117.383680
1117.649428
1117.782958
1117.825106
1118.215905
1118.237450
1118.280827
1118.309335
1118.318510
1118.510899
1118.540472
1118.806548
1118.836736
1118.861558
1119.059845
1119.147868
1119.160320
1119.285248
1119.373804
1119.391703
1119.658394
1119.791882
1119.913820
1120.014336
1120.188826
1120.456622
1120.485908
1120.616325
1120.650158
1120.762634
1120.847667
1121.101005
1121.186980
1121.246700
1121.420001
1121.446789
1121.560166
1121.759150
1121.824604
1122.086953
1122.187551
1122.307441
1122.493768
1122.517033
1122.747474
1122.779832
1123.137659
1123.166781
1123.319521
1123.422249
1123.453993
1123.853681
1123.945431
1124.075889
1124.679557
1124.795064
1124.854866
1125.018010
1125.583094
1125.703885
1126.603080
1126.665339
1126.735790
1126.777897
1126.825083
1126.844867
1126.849495
1126.921626
1126.982902
1127.055483
1127.996088
1128.107008
1128.216781
1128.462705
1128.765358
1129.136128
1129.230950
1129.298821
1129.547448
1129.702523
1129.859891
1130.386964
1130.426532
1130.589143
1130.742620
1131.078738
1131.184251
1131.426120
1131.443896
1131.645133
1131.713741
1131.748721
1131.765555
1131.860787
1131.955651
1132.103188
1132.416123
1132.729426
1132.817695
1133.114655
1133.309583
1133.486244
1133.622764
1133.811876
1133.830267
1133.995745
1134.055383
1134.388797
1134.442783
1134.646600
1134.660198
1134.728438
1134.819533
1134.832189
1135.040840
1135.155241
1135.320924
1135.528509
1135.535063
1135.630541
1135.688008
1135.775539
1135.845786
1135.854387
1135.898378
1135.983124
1136.099451
1136.397640
1136.521216
1136.568852
1136.651469
1136.996516
1137.272136
1137.353810
1137.539564
1137.590067
1137.631683
1138.277745
1138.465382
1138.590433
1138.720195
1138.754560
1138.856059
1138.965996
1138.992333
1139.087073
1139.100385
1139.395543
1139.462840
1139.605135
1139.770368
1139.903365
1140.034355
1140.632494
1140.957798
1141.102182
1141.237268
1141.433631
1141.481677
1141.577687
1141.643346
1141.673370
1141.779497
1141.842125
1142.340403
1142.456115
1142.597018
1142.994002
1143.120036
1143.138140
1143.392666
1143.753236
1143.775764
1144.018289
1144.277279
1144.551178
1144.654807
1145.924485
1145.958564
1145.977692
1146.065633
1146.178478
1146.403963
1146.677535
1146.920837
1147.101676
1147.714519
1147.984896
1148.064358
1148.140749
1148.317204
1148.546294
1148.799427
1148.998083
1149.858202
1150.031585
1150.269071
1150.335181
1150.630216
1151.062262
1151.496724
1151.634924
1151.686861
1152.068772
1152.237568
1152.348856
1152.461496
1152.584663
1152.898744
1152.970220
1153.247846
1153.267180
1153.310884
1153.534935
1153.665434
1154.000855
1154.619679
1154.632663
1155.298017
1155.325829
1155.533087
1155.620291
1155.663585
1155.768689
1155.810877
1156.477665
1156.714578
1156.886733
1156.993024
1157.399060
1157.464310
1157.902008
1158.061097
1158.113567
1158.334013
1158.894674
1159.181148
1159.232020
1159.713341
1159.764787
1159.804969
1159.889633
1160.294605
1160.962089
1161.137644
1161.285018
1161.295585
1161.834537
1162.203218
1162.902569
1163.065999
1163.077509
1163.158241
1163.327365
1163.397775
1163.423498
1163.597619
1163.612283
1163.618959
1163.785462
1163.833590
1163.875574
1164.020982
1164.259779
1164.505866
1164.524216
1165.058417
1165.546209
1165.639844
1166.434263
1166.538588
1166.554358
1166.728110
1166.739661
1166.891172
1166.926111
1167.041782
1167.548129
1167.835791
1167.896576
1167.970140
1168.619848
1168.751002
1168.773161
1168.894853
1169.310310
1169.669407
1169.764106
1169.946132
1169.966121
1170.062950
1170.096988
1170.107679
1170.123530
1170.428764
1170.612306
1170.625987
1170.697134
1171.015107
1171.061473
1171.259884
1171.345695
1171.465667
1171.832218
1172.526735
1172.623892
1172.999168
1173.180539
1173.270118
1173.282775
1173.322097
1173.520998
1173.569659
1173.659976
1173.814600
1173.846958
1173.969347
1174.202573
1174.333727
1174.566461
1174.804931
1174.918308
1175.048397
1175.232266
1175.490683
1175.952097
1176.215716
1176.310579
1176.425923
1176.754708
1176.982241
1177.024881
1177.167094
1177.287107
1177.412936
1177.477366
1177.756262
1178.016604
1178.050478
1179.230167
1179.255194
1179.295703
1179.369431
1179.405353
1179.584471
1179.609948
1179.666145
1179.818926
1180.255683
1180.386632
1180.875121
1180.951388
1180.964168
1181.230162
1181.370409
1181.476741
1181.776241
1181.868319
1182.084588
1182.418248
1182.962196
1183.311913
1183.583969
1183.875932
1183.972557
1184.166298
1184.228475
1184.321782
1184.477757
1184.481731
1184.873513
1184.959078
1185.024614
1185.653432
1185.830134
1185.860608
1186.163589
1186.324111
1186.487091
1186.674237
1187.012035
1187.069256
1187.205734
1187.292324
1187.360399
1187.416842
1187.442524
1187.558482
1187.747840
1188.157727
1188.343071
1188.414464
1188.521165
1188.648141
1188.756767
1188.797235
1188.942316
1188.946944
1188.996260
1189.696471
1189.917041
1190.106358
1190.286131
1190.566748
1190.650880
1190.860390
1190.976184
1191.025213
1191.026442
1191.623188
1191.654973
1191.689544
1191.757578
1192.006205
1192.034345
1192.122614
1192.217723
1192.285307
1192.309064
1192.607048
1192.856781
1192.950088
1193.029222
1193.173565
1193.289400
1193.790710
1193.822208
1194.103767
1194.221445
1194.302874
1194.352271
1194.471875
1194.625393
1194.725704
1194.828636
1195.090371
1195.199570
1195.333919
1195.426611
1195.450778
1195.589550
1195.676058
1195.845755
1195.857306
1195.901706
1196.065915
1196.101550
1196.316140
1196.341576
1196.435210
1196.703539
1196.790252
1196.815237
1196.871311
1197.139763
1197.196820
1197.389578
1197.500948
1197.755146
1198.038344
1198.157005
1198.377779
1198.617108
1198.717338
1198.764810
1198.806876
1198.917181
1198.955479
1199.187272
1199.244861
1199.360451
1199.405548
1199.473213
1199.620833
1199.628411
1199.648932
1199.871959
1199.888220
1200.437166
1200.480420
1200.549642
1200.623985
1200.635822
1200.718643
1200.766116
1200.967516
1201.543496
1201.859420
1202.090844
1202.385879
1202.695373
1202.882232
1203.022684
1203.042017
1203.581706
1203.671081
1203.780485
1203.940516
1204.445512
1204.916224
1205.044060
1205.124383
1205.209129
1205.241979
1205.259469
1205.818327
1206.083666
1206.557082
1206.566093
1206.576128
1206.724035
1206.774784
1206.825615
1206.875300
1206.885417
1207.469220
1208.031150
1208.138465
1208.181678
1208.231895
1208.453243
1208.541635
1209.078292
1209.380618
1209.621955
1209.719030
1209.861243
1210.064323
1210.181263
1210.321183
1210.444841
1210.667909
1210.848051
1210.986824
1211.091354
1211.200758
1211.338793
1211.590943
1211.644027
1211.715830
1211.769733
1211.947581
1212.087706
1212.276326
1212.668600
1213.081559
1213.239460
1213.497999
1213.665116
1213.833626
1213.995090
1214.019666
1214.271324
1214.360535
1214.421156
1214.509179
1214.514053
1214.548746
1214.716805
1214.834319
1214.942536
1215.046205
1215.077458
1215.125053
1215.281684
1215.296840
1215.386419
1215.412879
1215.667773
1215.709553
1215.952077
1216.114074
1216.143770
1216.281149
1216.692511
1216.756982
1216.878633
1216.950067
1217.109606
1218.085356
1218.160558
1218.293391
1218.504499
1218.567987
1218.715116
1218.789089
1218.810061
1218.873917
1218.949693
1219.288801
1220.531692
1220.845240
1220.973650
1221.233951
1221.385380
1221.749924
1221.781135
1221.886894
1221.969551
1222.085140
1222.211830
1222.401188
1222.413558
1223.041638
1223.073833
1223.187784
1223.291249
1223.630356
1223.790100
1223.920599
1224.044544
1224.264458
1224.505344
1224.625644
1224.857190
1224.939274
1224.954470
1225.064448
1225.447096
1225.781166
1225.991946
1226.279076
1226.315899
1226.519265
1226.820895
1226.845348
1226.890732
1226.971914
1227.007918
1227.017585
1227.048182
1227.182449
1227.253268
1227.411497
1227.685069
1228.046049
1228.200428
1229.059236
1229.177856
1229.277512
1230.376100
1230.745559
1230.787830
1230.841242
1230.933688
1231.080202
1231.854100
1232.021750
1232.105062
1232.604324
1232.753992
1232.962314
1233.093386
1233.236910
1233.293640
1233.295565
1233.395343
1233.448919
1233.475912
1233.554719
1233.590600
1233.599529
1233.708073
1233.786880
1233.856389
1234.783764
1234.842788
1234.950963
1234.985329
1235.048284
1235.123528
1235.171287
1235.239731
1235.451740
1235.503350
1235.598868
1235.751608
1235.976602
1236.217078
1236.306493
1236.360684
1236.538655
1236.916388
1237.035868
1237.120287
1237.205606
1237.300388
1237.327954
1237.381734
1237.417656
1237.514158
1237.634949
1237.657518
1237.874196
1238.026977
1238.093988
1238.252052
1238.467789
1238.575636
1238.597386
1238.740050
1238.858875
1239.009239
1239.160709
1239.173284
1239.258276
1239.345807
1239.504241
1239.577354
1239.591076
1239.684833
1240.093450
1240.251679
1240.280760
1240.347156
1240.364605
1240.420516
1240.474092
1240.495145
1240.604385
1240.612618
1240.880333
1241.371238
1241.725911
1241.748644
1242.233078
1242.361610
1242.481869
1242.740613
1242.940498
1243.041587
1243.098604
1243.307868
1243.522458
1243.673846
1243.768095
1243.833713
1243.846001
1244.039578
1244.076687
1244.174541
1244.401009
1244.415877
1244.543140
1244.720906
1245.028844
1245.115515
1245.133660
1245.265101
1245.444014
1245.511025
1245.634478
1245.787054
1245.913825
1246.070170
1246.090854
1246.106870
1246.193459
1246.507131
1246.630543
1246.764892
1246.936269
1247.127265
1247.171994
1247.187108
1247.239864
1247.268659
1247.311831
1247.389778
1248.135823
1248.305439
1248.608379
1248.678093
1248.769229
1248.828047
1248.837018
1249.200128
1249.214464
1249.369948
1249.477018
1249.696481
1250.046607
1250.209792
1250.247148
1250.515231
1250.673254
1250.869862
1250.874245
1250.885632
1250.998477
1251.161129
1251.220603
1251.328000
1251.384607
1251.431383
1251.467551
1251.475456
1251.490734
1251.683164
1251.872236
1252.101939
1252.285604
1252.382433
1252.525875
1252.556800
1252.575683
1252.598374
1252.810506
1252.932403
1252.937523
1253.016371
1253.255373
1253.316198
1253.457469
1253.943378
1253.954765
1254.127247
1254.214984
1254.325371
1254.385050
1254.491832
1254.552248
1254.625853
1254.649324
1254.684344
1254.817505
1254.888940
1254.904054
1254.974792
1255.074365
1255.103160
1255.113482
1255.139901
1255.264584
1255.296041
1255.468237
1255.786865
1256.703713
1257.524838
1257.829007
1257.866527
1258.166354
1258.218168
1258.513859
1258.764657
1259.445862
1259.472364
1259.487314
1259.690803
1259.832975
1259.926159
1259.939348
1260.085617
1260.093481
1260.321874
1260.535685
1260.590776
1260.636856
1260.848947
1261.053010
1261.062554
1261.069435
1261.087171
1261.170401
1261.257196
1261.272433
1261.490872
1261.600399
1261.709804
1261.831127
1261.849272
1262.252032
1262.274273
1262.408991
1262.557757
1262.591754
1262.768783
1262.891868
1262.940570
1263.009628
1263.024865
1263.211110
1263.226388
1263.735357
1264.027607
1264.055951
1264.484188
1264.581345
1265.245757
1265.554596
1265.929748
1266.224046
1266.808422
1267.731251
1267.864535
1268.074250
1268.123116
1268.249149
1268.346388
1268.378788
1268.443382
1268.483318
1269.272248
1269.851505
1270.218793
1270.545859
1270.735421
1270.775398
1270.801121
1270.836388
1270.889882
1271.225713
1271.302717
1271.406305
1271.471841
1271.551959
1271.576576
1271.836017
1271.982817
1272.143299
1272.218255
1272.572273
1273.271624
1273.747988
1273.807503
1273.926246
1274.102129
1274.144645
1274.264904
1274.533233
1274.868408
1275.068703
1275.461100
1275.535811
1275.882127
1275.923538
1275.930993
1276.042936
1276.072468
1276.104294
1276.277801
1276.709274
1277.069394
1277.397811
1277.507871
1277.730038
1278.033388
1278.168842
1278.308270
1278.432010
1278.625137
1279.078195
1279.150490
1279.596626
1279.648481
1279.874499
1279.904440
1280.015483
1280.092611
1280.511263
1280.597197
1280.736092
1280.838697
1281.109484
1281.251082
1281.471324
1281.631478
1281.640571
1281.647698
1282.192302
1282.261361
1282.435318
1282.480087
1282.504212
1282.592358
1282.728714
1282.845655
1283.283886
1283.332710
1283.551232
1283.696845
1284.311859
1284.515676
1285.123400
1285.509775
1286.069289
1286.127002
1286.314353
1286.485361
1286.656737
1286.904054
1287.192494
1287.356826
1287.365181
1287.772897
1288.054579
1288.264294
1288.340521
1288.433623
1288.538890
1288.777400
1288.806072
1288.868823
1288.949678
1289.043599
1289.065267
1289.083249
1289.216328
1289.271050
1289.395077
1289.796813
1289.816801
1290.068541
1290.097787
1290.188227
1290.492314
1290.509066
1290.735288
1290.757652
1290.946642
1290.961306
1291.115930
1291.186176
1291.481375
1291.632804
1291.763548
1291.773829
1291.874058
1292.087624
1292.439020
1292.493087
1292.534579
1292.705628
1292.730532
1292.957409
1293.053870
1293.108593
1293.114040
1293.171016
1293.230531
1293.250028
1293.275423
1293.284147
1293.362545
1293.832479
1294.054277
1294.105108
1294.364918
1294.682235
1294.716846
1294.989476
1295.045714
1295.122432
1295.136317
1295.160893
1295.234130
1295.425126
1295.499878
1295.629189
1295.697510
1295.761203
1295.777628
1295.845253
1295.900672
1296.041656
1296.058696
1296.392192
1296.437043
1296.447816
1296.585196
1296.648602
1297.094738
1297.659494
1297.717453
1297.770004
1297.894973
1297.942200
1297.950597
1298.043904
1298.256568
1298.329313
1298.451620
1298.764186
1298.775818
1298.878628
1299.299287
1299.497288
1299.708068
1299.929457
1299.953951
1299.966239
1300.155679
1300.198973
1300.249764
1300.498473
1300.560978
1300.613202
1300.794491
1300.881900
1301.192008
1301.240422
1301.285683
1301.326316
1301.580022
1301.731410
1302.145188
1302.331228
1302.966436
1303.059538
1303.085220
1303.345357
1303.811523
1303.938826
1304.434483
1304.475402
1304.523735
1304.573256
1304.591360
1304.756142
1304.854569
1305.487401
1305.850061
1305.965240
1306.191503
1306.338714
1306.657505
1306.774610
1306.821919
1306.940826
1306.952540
1307.044577
1307.162665
1307.261379
1307.355177
1307.601306
1307.690271
1307.834081
1307.957535
1308.103967
1308.277105
1308.398387
1308.602245
1308.631368
1308.737618
1308.859720
1309.452042
1309.605765
1309.696369
1309.790740
1309.954417
1310.105108
1310.121288
1310.231511
1310.513971
1310.564639
1310.594949
1310.669373
1310.822810
1310.855004
1310.863974
1311.101583
1311.153889
1311.269847
1311.695462
1311.731466
1311.745352
1311.976407
1312.093880
1312.140247
1312.306299
1312.629760
1312.655974
1312.921190
1313.001472
1313.067868
1313.220977
1313.361879
1313.375068
1313.394115
1313.691156
1313.732772
1313.825874
1313.877934
1313.948221
1314.123612
1314.178417
1314.329068
1314.458747
1314.526822
1314.664571
1314.768609
1314.806702
1314.901811
1314.907791
1315.214295
1315.276145
1315.384607
1315.430810
1315.581583
1315.609723
1315.708518
1315.944202
1315.974431
1316.001751
1316.019487
1316.153999
1316.168172
1316.380959
1316.787036
1316.788224
1316.817019
1316.897833
1316.943176
1316.988764
1317.058806
1317.088993
1317.218140
1317.267005
1317.381243
1317.657354
1317.679186
1317.789041
1317.885624
1317.934367
1318.065029
1318.141870
1318.152847
1318.241853
1318.345236
1318.379274
1318.771712
1318.779085
1318.856499
1318.875750
1318.953411
1319.018209
1319.353917
1319.519027
1319.693844
1320.109548
1320.110653
1320.187904
1320.227144
1320.264417
1320.475238
1320.906015
1320.979538
1320.982651
1321.070141
1321.309676
1321.491825
1321.502679
1321.587180
1321.686712
1321.910026
1322.029752
1322.415677
1322.548879
1322.594099
1322.678313
1322.823475
1322.984694
1323.047895
1323.164467
1323.347313
1323.512095
1323.648655
1323.693998
1323.836088
1323.985183
1324.010783
1324.107366
1324.421489
1324.502426
1325.131899
1325.281362
1325.430866
1325.451223
1325.556982
1325.623173
1325.829366
1326.391091
1326.655816
1326.885069
1327.393956
1327.943885
1328.220692
1328.341484
1328.806298
1328.820716
1328.983613
1329.432044
1329.591706
1330.414428
1330.893087
1331.306701
1332.172964
1332.365599
1332.371743
1332.447437
1332.465336
1332.580639
1332.592026
1332.708639
1332.779418
1332.921262
1333.384724
1333.666365
1333.780890
1334.033326
1334.117704
1334.128067
1334.236692
1334.381855
1334.552945
1334.882591
1334.944522
1335.215063
1335.235830
1335.569449
1335.649198
1335.742259
1336.350966
1336.945910
1337.049334
1337.503621
1337.625313
1337.668321
1338.030981
1338.142638
1338.343096
1338.642924
1338.803773
1339.063132
1339.317617
1340.195553
1340.800778
1341.126533
1341.279273
1341.458637
1341.527327
1341.532283
1341.613507
1341.623132
1341.690348
1341.716849
1342.046945
1342.083523
1342.889042
1343.002296
1343.843615
1343.859999
1343.955190
1344.586179
1344.715080
1344.859546
1344.990945
1345.203773
1345.889157
1346.436588
1346.442977
1346.845819
1347.404349
1347.634872
1347.689308
1349.040701
1349.170668
1349.504614
1349.613076
1349.621555
1349.731205
1350.962790
1351.222682
1352.529019
1352.542781
1352.628838
1354.430218
1354.506772
1354.558915
1354.966303
1355.273994
1355.957699
1356.020900
1356.144517
1356.199485
1356.281938
1356.297052
1356.369306
1356.462449
1356.787425
1357.201613
1357.256827
1357.467730
1357.787095
1358.004593
1358.026957
1358.301471
1358.597571
1358.880891
1359.125914
1359.198413
1359.586140
1359.739167
1359.928689
1360.012780
1360.406938
1360.815309
1361.021747
1361.022730
1361.159537
1361.199268
1362.043740
1362.188534
1362.245591
1362.341396
1362.387026
1362.539479
1362.728796
1363.199140
1363.816202
1363.937731
1364.336722
1364.430193
1364.614267
1364.628357
1364.636918
1364.797604
1365.189100
1365.279662
1365.366292
1365.413560
1365.469061
1365.814231
1365.975654
1366.059868
1366.265364
1366.294569
1366.944113
1367.006618
1367.018701
1367.280230
1367.346053
1367.369810
1367.380337
1367.493100
1367.766671
1367.912612
1367.955784
1367.988920
1368.004239
1368.178811
1368.248115
1368.352891
1368.515174
1368.537211
1368.543273
1368.637153
1368.700559
1368.736973
1368.849859
1368.972534
1369.117573
1369.198060
1369.325568
1369.422725
1369.514066
1369.610527
1369.653699
1370.115809
1370.358006
1370.583695
1370.751549
1370.872914
1370.955162
1371.018813
1371.316634
1371.493376
1371.690230
1371.883151
1371.983462
1372.103721
1372.332564
1372.494070
1372.713001
1372.931277
1373.005824
1373.104169
1373.286892
1373.353083
1373.426033
1373.662863
1373.868401
1373.991404
1374.321254
1374.325146
1374.461706
1374.542316
1374.773576
1375.167611
1375.379292
1375.687475
1376.020849
1376.098017
1376.238961
1376.469852
1376.537272
1376.753746
1376.978248
1377.229332
1377.354383
1377.457234
1377.478410
1377.492746
1377.811128
1377.904312
1377.961738
1377.970258
1377.975296
1378.308301
1378.324562
1378.482217
1379.074048
1379.239322
1379.286467
1379.307069
1379.544310
1379.563520
1379.804529
1379.921388
1379.969556
1380.261847
1380.330209
1380.478771
1380.510556
1380.614062
1380.805386
1381.008794
1381.269053
1381.298135
1381.530911
1381.677261
1381.768929
1381.863342
1382.153912
1382.188114
1382.382838
1382.615982
1382.755615
1382.896353
1382.939976
1382.978109
1382.982615
1383.076700
1383.142769
1383.249551
1383.455130
1383.468360
1383.476675
1383.612170
1384.000102
1384.120484
1384.238203
1384.461025
1384.490435
1384.765276
1384.913551
1385.017590
1385.085706
1385.157468
1385.245901
1385.266299
1385.458278
1385.524306
1385.685033
1385.904087
1386.042696
1386.234880
1386.285015
1386.431898
1386.518077
1386.608189
1386.690806
1386.717594
1386.820116
1386.974740
1386.989691
1387.092992
1387.120476
1387.174298
1387.317371
1387.329577
1387.741798
1387.943404
1388.029788
1388.181381
1388.187853
1388.480184
1388.549366
1388.569641
1388.877087
1388.910920
1389.528637
1389.638902
1390.046413
1390.153892
1390.679532
1390.726390
1390.778122
1391.005123
1391.386747
1391.613583
1391.939215
1392.081347
1392.239452
1392.437002
1392.600842
1392.870318
1393.645404
1393.689887
1393.750589
1394.033828
1394.128896
1394.261893
1394.277376
1394.365891
1394.563891
1394.684150
1395.043574
1395.172966
1395.359375
1395.459113
1395.639747
1395.659366
1395.988767
1396.287898
1396.301537
1396.309606
1396.513669
1396.561715
1396.572365
1396.786790
1396.955095
1397.079327
1397.360558
1397.392302
1397.607670
1397.829796
1397.965906
1398.085960
1398.321603
1398.464266
1398.683279
1398.845071
1398.950748
1399.171154
1399.263805
1399.285064
1399.333151
1399.391724
1399.559045
1399.618150
1399.722516
1399.908434
1399.940792
1400.050319
1400.118559
1400.388321
1400.463729
1400.529142
1400.780841
1400.931041
1401.369600
1401.464340
1401.479905
1401.791734
1401.862554
1401.936732
1402.056704
1402.299023
1402.377380
1402.476339
1402.542531
1402.561372
1402.688799
1402.903429
1402.960241
1403.043185
1403.093688
1404.277268
1404.479037
1404.935045
1405.012132
1405.818675
1405.865042
1405.925868
1406.113341
1406.119813
1406.130995
1406.620631
1406.645944
1406.747116
1406.777139
1406.805606
1406.986568
1407.215124
1407.355986
1407.507538
1407.682396
1407.833580
1407.850086
1408.342671
1408.410829
1408.473416
1408.592159
1408.608297
1408.672850
1408.917299
1409.023427
1409.039729
1409.243464
1409.325957
1409.475133
1409.517527
1409.657487
1409.799045
1409.896366
1410.050417
1410.184151
1410.311373
1410.639340
1410.977382
1411.451085
1411.480781
1411.588833
1412.091003
1412.181729
1412.353556
1412.462060
1412.551803
1412.772536
1412.800676
1413.042627
1413.160428
1413.207941
1413.437153
1413.769994
1413.843968
1413.875630
1413.945631
1414.220636
1414.586655
1414.808166
1414.924247
1415.049339
1415.316644
1415.477903
1415.538565
1415.565230
1415.812014
1415.976141
1416.086651
1416.164147
1416.262205
1416.433050
1416.527913
1416.551383
1416.738324
1416.752087
1416.766259
1416.780472
1416.832492
1416.889958
1416.925921
1417.039258
1417.074237
1417.428009
1417.453896
1417.519923
1417.800008
1417.816064
1417.824174
1417.842074
1417.996165
1418.062602
1418.290954
1418.368901
1418.453115
1418.506076
1418.511196
1418.604462
1418.630717
1418.816348
1418.886963
1418.918216
1418.984325
1419.088732
1419.482726
1419.727421
1419.751711
1419.878932
1420.204605
1420.368527
1420.454502
1420.624732
1420.656599
1420.757975
1420.902154
1421.050716
1421.211730
1421.253878
1421.380035
1421.451633
1421.617029
1421.693911
1421.826826
1421.928899
1422.009958
1422.280008
1422.359470
1422.493491
1422.715863
1422.777999
1422.923530
1423.110963
1423.171789
1423.201812
1423.207711
1423.400100
1423.606661
1423.720448
1423.985664
1424.138486
1424.689275
1424.797983
1424.900710
1425.007616
1425.292657
1425.377853
1425.459364
1425.470505
1425.794990
1425.856225
1425.876419
1425.935933
1426.498888
1426.638234
1427.074458
1427.086336
1427.100754
1427.284869
1427.688980
1427.788472
1428.187996
1428.520468
1428.576256
1429.020959
1429.138883
1429.640315
1430.270157
1430.591078
1430.758359
1431.292232
1431.346463
1431.541064
1431.616389
1431.794401
1431.968072
1431.969464
1431.983964
1432.045199
1432.302019
1432.374477
1432.548598
1432.660460
1432.887583
1433.293414
1433.502720
1433.626911
1434.104545
1434.161275
1434.180362
1434.256876
1434.338140
1434.654843
1434.848051
1435.098604
1435.744829
1436.027372
1436.037161
1436.239135
1436.439839
1436.589343
1436.784394
1437.144474
1437.292503
1437.716316
1437.761618
1437.928899
1438.176051
1439.109939
1439.186166
1439.214060
1439.249531
1439.488287
1439.694111
1439.763907
1439.787909
1439.889777
1439.898993
1440.439992
1440.477430
1440.562749
1440.965263
1441.217044
1441.304904
1441.353687
1441.486643
1441.541407
1441.630536
1441.946870
1442.018304
1442.073027
1442.116649
1442.217943
1442.352701
1442.419220
1442.435604
1442.567864
1442.583921
1442.754273
1442.867978
1443.022316
1443.316163
1443.498230
1444.038492
1444.127457
1444.223713
1444.353884
1444.570317
1444.596695
1444.911964
1445.202084
1446.143345
1446.376038
1446.810051
1446.840975
1447.036969
1447.314637
1447.513743
1447.653458
1447.865426
1448.256881
1448.317788
1448.588452
1449.029386
1449.827451
1450.148536
1450.635592
1450.636370
1450.880205
1451.046502
1451.228201
1452.023644
1452.643123
1452.768707
1452.778824
1454.416937
1454.528307
1454.918328
1455.006474
1455.230362
1455.585075
1455.779512
1455.863849
1456.061481
1456.373514
1456.455762
1456.569426
1456.791716
1457.176494
1457.442570
1457.488159
1457.650770
1457.835418
1458.116977
1458.291016
1458.323292
1458.733056
1458.881126
1458.938552
1458.959606
1459.052831
1459.170017
1459.247227
1459.547873
1459.596984
1459.634954
1459.759882
1459.836232
1459.848970
1459.879936
1459.990446
1460.098417
1460.757422
1461.159117
1461.220188
1461.303337
1461.327913
1461.406310
1461.471683
1461.709455
1462.158377
1462.260736
1462.571090
1462.659564
1462.754058
1462.826885
1462.832906
1462.903849
1463.242834
1463.374889
1463.902659
1464.278057
1464.434524
1464.838472
1465.453158
1465.463931
1465.633751
1465.663857
1465.874104
1466.012017
1466.389873
1466.535281
1466.611016
1466.754662
1466.889953
1467.330191
1467.980759
1468.085535
1468.145459
1468.275425
1468.726968
1468.970107
1469.325148
1469.520241
1469.710213
1469.847183
1469.948559
1470.636933
1470.680842
1471.021548
1471.718482
1472.227779
1472.617390
1472.727163
1472.747151
1472.770171
1472.872243
1472.941670
1472.959611
1473.673626
1473.901732
1474.120540
1474.809733
1474.895708
1475.024937
1475.207127
1475.398246
1475.486556
1475.517317
1475.900539
1475.940147
1476.614308
1476.753531
1477.252465
1477.920440
1477.992571
1478.112584
1478.340076
1478.410936
1478.492365
1478.548685
1478.798295
1478.803538
1478.989005
1479.364690
1479.618109
1479.788995
1479.986954
1480.461804
1480.598651
1480.763146
1481.023201
1481.126707
1481.636086
1481.860465
1482.247987
1482.991821
1483.018076
1483.123425
1483.228447
1483.534295
1483.673068
1483.737498
1483.841290
1483.999150
1484.076974
1484.160532
1484.320973
1484.500787
1484.688425
1485.003571
1485.263094
1485.273743
1485.387981
1485.527736
1485.794181
1485.843374
1485.938893
1486.101053
1486.306222
1486.313923
1486.582211
1486.822195
1554.799780
1554.871296
1555.385385
1555.604562
1555.944776
1556.492206
1557.393531
1557.476721
1558.399836
1558.559130
1559.437148
1559.839130
1560.548229
1561.025454
1561.202278
1561.274941
1561.317868
1561.629164
1561.670451
1562.045317
1563.245322
1564.375859
1568.380477
1573.060772
1573.894840
1577.013903
1578.691011
1579.655496
1580.015411
1580.066488
1584.311050
1585.979597
1590.758318
1591.433421
1591.560274
1591.859364
1592.312668
1592.786698
1593.910886
1593.939067
1594.053919
1594.642145
1595.066982
1595.144438
1596.105851
1596.415590
1596.516024
1596.659466
1596.846121
1597.096346
1597.386916
1597.477560
1597.860618
1598.060790
1598.545592
1599.710986
1600.098509
1600.105431
1600.321126
1600.748134
1601.173422
1602.330583
1602.495283
1602.833613
1603.170386
1603.861914
1604.793836
1605.709701
1605.932401
1606.244024
1606.527427
1607.021240
1607.218053
1607.510835
1608.021361
1618.723717
1620.611236
1620.868424
1621.207572
1628.129731
1630.547558
1632.782746
1634.599485
1635.118490
1635.469599
1635.588260
1638.626222
1642.607288
1643.103273
1643.290173
1645.496402
1647.190958
1648.427213
1652.168827
1656.268923
1656.643133
1656.665743
1659.623137
1663.879291
1664.602644
1665.042104
1668.180460
1668.777083
1671.526646
1671.745290
1672.683684
1675.852063
1676.017295
1677.057106
1677.632881
1677.781484
1677.965967
1678.238884
1678.898135
1680.898662
1681.738424
1681.807770
1681.995325
1682.120991
1682.152817
1682.602148
1683.177349
1683.208274
1683.453870
1683.640156
1683.695247
1684.557947
1685.091410
1685.632082
1686.143181
1686.632407
1686.647849
1686.854328
1687.661281
1687.681188
1687.940383
1688.066130
1688.087347
1688.243405
1688.825487
1688.967537
1689.253724
1689.324298
1690.089882
1690.188513
1690.384015
1690.629775
1690.911252
1691.306476
1692.163195
1692.428206
1692.527206
1692.755640
1693.321462
1694.084956
1696.806871
1696.853279
1697.781064
1699.874652
1700.381204
1704.920924
1705.139896
1705.617654
1706.973880
1708.389335
1710.372495
1711.715983
1716.423434
1721.286861
1724.569231
1727.369216
1728.212419
1728.395264
1732.668580
1732.749271
1733.862236
1734.145597
1740.204073
1742.313718
1742.443028
1743.643648
1744.414556
1744.684483
1745.043005
1746.554102
1747.248251
1749.086495
1751.195361
1752.299766
1755.656356
1755.834655
1758.062551
1761.649132
1761.890918
1762.037064
1762.626028
1762.999460
1764.094321
1764.115661
1764.437443
1764.887060
1767.916339
1768.141373
1768.706540
1768.964219
1769.851208
1771.620762
1772.686828
1773.555220
1778.447852
1778.692301
1779.865231
1782.759178
1784.541676
1785.486950
1785.539092
1785.551176
1789.072015
1789.257236
1789.340590
1790.188708
1790.404977
1790.527406
1791.352873
1791.660442
1792.338575
1792.536494
1793.926799
1794.087772
1795.726049
1796.021371
1796.158710
1796.311368
1796.996751
1797.481390
1798.184182
1800.178156
1801.592873
1802.176635
1802.290176
1802.571162
1803.789189
1805.878682
1806.536131
1806.945280
1807.078318
1808.685466
1809.434952
1809.443799
1810.353644
1811.172803
1812.443546
1812.464558
1813.316280
1813.325619
1815.524557
1815.641293
1816.043848
1817.585869
1818.276618
1823.505695
1823.938232
1825.702420
1831.803986
1832.574853
1834.474045
1836.229140
1837.036831
1839.878636
1840.639468
1841.702666
1843.049759
1843.120742
1843.195167
1844.389437
1846.288466
1846.733988
1848.523735
1848.807260
1855.038013
1855.483453
1856.016343
1859.605381
1859.613491
1862.498386
1863.175455
1863.350723
1863.467049
1866.665533
1866.756178
1869.759078
1870.393098
1871.963505
1874.343526
1874.698609
1875.479183
1877.255496
1879.468524
1880.067441
1880.325775
1881.021399
1881.536143
1883.606426
1883.960443
1884.593357
1884.692767
1885.145293
1885.427057
1886.317773
1887.290327
1892.213760
1892.857405
1894.596444
1894.855270
1900.056371
1901.467484
1903.745638
1904.084705
1904.091341
1904.143401
1908.875960
1909.319762
1911.381934
1912.611799
1916.429722
1917.236142
1917.482762
1918.781235
1922.378670
1928.102625
1932.352963
1934.323712
1935.317156
1944.895611
1945.083249
1945.579643
1945.672622
1948.556247
1953.842627
1956.002365
1956.149658
1956.669850
1958.177260
1958.383288
1962.423910
1962.524795
1962.557727
1963.183104
1963.636777
1964.956017
1965.274685
1965.354926
1965.717340
1965.747896
1966.049772
1966.136197
1966.602404
1966.862459
1966.947164
1967.149670
1967.176540
1967.642010
1967.905055
1968.022651
1968.047841
1968.244204
1970.248950
1970.638602
1971.203973
1971.949322
1972.136387
1972.263444
1972.355195
1972.595999
1972.932403
1973.067530
1973.219123
1973.631304
1973.713961
1973.745009
1973.846958
1973.917860
1973.936087
1974.674964
1974.685655
1975.060480
1975.615775
1975.632650
1975.669228
1982.669660
1984.084337
1985.677107
1986.334597
1986.794291
1987.304653
1988.307108
1989.902172
1990.584975
1999.263007
2009.012265
2009.936241
2012.451758
2012.942049
2019.229164
2020.296745
2021.531402
2021.959148
2022.225142
2022.430269
2022.468157
2022.619300
2023.423836
2023.751066
2024.249098
2025.363005
2026.241311
2027.596063
2027.676303
2027.811676
2028.116050
2028.467773
2028.488417
2028.607406
2028.632719
2028.921528
2029.055181
2029.356892
2029.484933
2030.032282
2030.086881
2030.164951
2030.542152
2031.323218
2031.616328
2031.900140
2032.916111
2032.930693
2033.509417
2034.155725
2034.388337
2034.428109
2034.635694
2034.655109
2035.088998
2038.157681
2038.313984
2040.106312
2040.135352
2040.279368
2040.861041
2040.876483
2041.052938
2041.460941
2041.904374
2041.913262
2042.075914
2042.087752
2042.157056
2042.380001
2042.725048
2042.777272
2042.966180
2043.143250
2043.256218
2044.164342
2044.739748
2045.321830
2045.466010
2045.574840
2046.254858
2046.271980
2046.626243
2046.767677
2046.867251
2047.836406
2047.949210
2048.128737
2048.241500
2048.528097
2048.619028
2048.627507
2049.072251
2049.186898
2049.229537
2049.966367
2050.072207
2050.259845
2050.680791
2050.823660
2050.840248
2050.886124
2050.943549
2051.049431
2051.342418
2051.389972
2051.548529
2051.708191
2052.154982
2052.333322
2052.481638
2052.926874
2052.947845
2053.271306
2054.118359
2054.265651
2054.458491
2054.983434
2055.223992
2056.337244
2056.503091
2056.611635
2056.643830
2056.663777
2056.676516
2056.684134
2057.011446
2059.185070
2060.048425
2060.958392
2061.151601
2062.432133
2062.516961
2068.956078
2070.069780
2070.148628
2070.164439
2072.290304
2073.124372
2079.242158
2081.130660
2081.931674
2082.458132
2088.296448
2094.226678
2094.276403
2096.149340
2096.489185
2097.078641
2097.228472
2097.279427
2097.957519
2098.374861
2098.558239
2101.376532
2101.886607
2103.800832
2105.619456
2108.102697
2108.369142
2108.531712
2119.698063
2123.898470
2124.151521
2125.736223
2127.464571
2129.348157
2129.827717
2132.158013
2132.615660
2134.108488
2136.457462
2140.018033
2140.366766
2140.376351
2140.780790
2140.801761
2140.866314
2142.339482
2142.365819
2143.166587
2143.417098
2145.369170
2145.563812
2145.837425
2147.139215
2147.308831
2148.082074
2148.725309
2149.045576
2149.740462
2149.807718
2149.830042
2150.381814
2150.976143
2151.040287
2151.167836
2151.575060
2152.354079
2152.522015
2152.720384
2152.818278
2153.036636
2153.055846
2154.752655
2154.778501
2154.814136
2154.917356
2155.133911
2240.764109
2240.806994
2240.985088
2241.825505
2241.834025
2241.881252
2242.023342
2242.141102
2242.458010
2242.722529
2243.103007
2243.216589
2243.583181
2243.962716
2244.024607
2244.035174
2244.089037
2244.100137
2244.337172
2244.480328
2244.658381
2244.868178
2245.235917
2245.264671
2245.368668
2245.556961
2245.569700
2245.899756
2246.147359
2246.194913
2246.328975
2246.469632
2246.755983
2246.918431
2247.025787
2247.174308
2247.246602
2247.318610
2247.672054
2247.749755
2247.883899
2247.934648
2248.630518
2248.646042
2248.687043
2249.187779
2249.449882
2249.472655
2249.507512
2249.580995
2249.791488
2249.818235
2249.939313
2250.084721
2250.403389
2250.452460
2250.457498
2250.463764
2250.904822
2250.980270
2251.079148
2251.282104
2251.429601
2251.468390
2251.687199
2251.827692
2251.856609
2251.913298
2252.941230
2253.236470
2253.405716
2253.509304
2253.778412
2253.861356
2254.385562
2254.501315
2254.601585
2254.643077
2254.747034
2255.558124
2255.753421
2255.826330
2255.827313
2256.038625
2256.116818
2256.299704
2256.400507
2256.500244
2256.533094
2256.640246
2256.675553
2256.772997
2256.869581
2256.877773
2257.166336
2257.227653
2258.623570
2258.937938
2258.976522
2258.987008
2259.087401
2259.090801
2259.323699
2259.394519
2259.447439
2259.500524
2259.606159
2259.839140
2260.467343
2260.480369
2260.885504
2261.157437
2261.354824
2261.614510
2261.758362
2261.875425
2261.888328
2262.335693
2262.555853
2263.076741
2263.267287
2263.476756
2264.094392
2264.380948
2265.166766
2265.174589
2265.253478
2265.368658
2265.389588
2265.624207
2265.781207
2265.789235
2265.798861
2265.892127
2265.964708
2265.975562
2266.385572
2266.408632
2266.585170
2266.762199
2266.808484
2267.113923
2267.246715
2267.968471
2267.982520
2268.327199
2268.996567
2269.114163
2269.468508
2269.536870
2269.579469
2269.713490
2269.838950
2269.933650
2269.954580
2269.998203
2270.656553
2272.064389
2272.149586
2272.196895
2272.398868
2272.585605
2272.734208
2273.403494
2273.492992
2273.575404
2273.610260
2274.050294
2274.180710
2274.380513
2274.872893
2274.915779
2275.079291
2275.346063
2275.381780
2275.428188
2275.633971
2276.247388
2276.485284
2276.548280
2276.673905
2277.079982
2277.615944
2278.013133
2278.095544
2278.256845
2278.476595
2278.582354
2278.924329
2278.959309
2279.250780
2279.689421
2279.921582
2280.448205
2280.826143
2281.256673
2281.612534
2281.888399
2282.681958
2283.160699
2283.992678
2284.117811
2284.667535
2284.897935
2285.012787
2285.424804
2286.017372
2286.558986
2286.741299
2287.124316
2288.419512
2288.499671
2288.813466
2288.977101
2289.561477
2290.347540
2290.434621
2290.570445
2290.788516
2291.572285
2292.377108
2292.392428
2292.473815
2292.954808
2293.037834
2293.226578
2293.233828
2293.267497
2293.429248
2293.639619
2293.824184
2293.889679
2294.042911
2294.199419
2294.317507
2294.791782
2295.017390
2295.162307
2295.945052
2295.954514
2296.124826
2296.142561
2296.163123
2296.595292
2296.631419
2296.707973
2296.840192
2296.851169
2296.871035
2296.910848
2297.029140
2297.729147
2298.391347
2299.343380
2299.680195
2299.760886
2300.172124
2300.225413
2300.272435
2300.300902
2300.385444
2300.434514
2300.624445
2300.872909
2300.907315
2301.132554
2301.238354
2301.258547
2301.521838
2301.604946
2301.886382
2302.485012
2302.870446
2303.011717
2303.329321
2303.566643
2303.632630
2304.874824
2305.010524
2305.197588
2305.252844
2305.662525
2306.266767
2306.289254
2306.367037
2306.459443
2306.939167
2307.104072
2307.577487
2307.920568
2307.931996
2307.969147
2308.252262
2308.397793
2308.495852
2308.709417
2308.930437
2309.062124
2309.077197
2309.552538
2309.566956
2309.592474
2309.830820
2309.911224
2310.036152
2310.147850
2310.613320
2311.305380
2311.828357
2311.945544
2312.010424
2312.133591
2313.056215
2313.479864
2313.512632
2313.990185
2314.101023
2314.537001
2314.551132
2314.635182
2314.816389
2314.899866
2315.016069
2315.017912
2316.016230
2316.744376
2316.944712
2317.110641
2317.123461
2317.482516
2317.502259
2317.670769
2317.808435
2317.948600
2318.223974
2318.361395
2318.407885
2318.556815
2318.629437
2318.766940
2319.129641
2319.266324
2319.502705
2319.558574
2320.035676
2320.590397
2321.694802
2321.740554
2322.878833
2326.447227
2326.995149
2327.722476
2328.675615
2328.872059
2330.990141
2330.995425
2333.297336
2333.387981
2333.491692
2333.930004
2333.936804
2334.030848
2334.573937
2334.640497
2335.421071
2335.642010
2335.726920
2335.874294
2336.463954
2336.824812
2337.370358
2337.749811
2337.827185
2337.970954
2338.016870
2338.033787
2338.407219
2338.598339
2338.647982
2338.984428
2340.465705
2340.593910
2342.603653
2342.616842
2342.864200
2343.074898
2343.667794
2343.824302
2343.942308
2343.962788
2344.262902
2344.272159
2344.525128
2345.216000
2345.243156
2345.262817
2345.784607
2345.823437
2345.909248
2346.172252
2346.416333
2346.634363
2346.763141
2346.957988
2347.034051
2347.068334
2347.203830
2347.298652
2347.426693
2347.524055
2347.536589
2347.811062
2347.835392
2347.915592
2347.929887
2348.102328
2348.164342
2348.231352
2348.518072
2349.051044
2349.262111
2349.400105
2349.533553
2349.614531
2349.642670
2349.653524
2349.950648
2350.628782
2350.672077
2350.826578
2350.933647
2350.968177
2351.663063
2351.799173
2351.979807
2352.155116
2352.844595
2353.259725
2353.452851
2353.638154
2353.792328
2353.836687
2354.128323
2354.150892
2354.221711
2354.327101
2354.405540
2354.492867
2354.605957
2354.941010
2355.058074
2355.179848
2355.224658
2355.305103
2355.411599
2355.563274
2356.217037
2357.959762
2357.972910
2358.086533
2358.136955
2358.420562
2358.960005
2359.293051
2359.693353
2360.230502
2360.536269
2361.198961
2361.418138
2361.759539
2361.835930
2362.136248
2362.251469
2362.455450
2362.585006
2362.592379
2362.597540
2362.950902
2363.437793
2363.746181
2363.761172
2363.929027
2364.028682
2364.050104
2364.071813
2364.218204
2364.987105
2365.820559
2366.344110
2366.374584
2366.382203
2367.046410
2367.103099
2367.272960
2367.359140
2367.733596
2367.839273
2367.945114
2367.952978
2368.452977
2368.953549
2369.677476
2369.850409
2370.853315
2370.958787
2371.042918
2371.313787
2371.427697
2371.941827
2372.038164
2372.051354
2373.838029
2373.919212
2374.312346
2374.548931
2374.861742
2375.189053
2375.342121
2375.504855
2375.746642
2375.952302
2376.711823
2376.982815
2377.099878
2377.186345
2377.217147
2377.263391
2377.717965
2378.158612
2378.184950
2378.234225
2378.446643
2378.499031
2378.686095
2378.806395
2378.840351
2382.124237
2382.282998
2382.602363
2382.983578
2384.395305
2384.979354
2386.181243
2386.432369
2388.316774
2390.139167
2390.769336
2390.993592
2391.285555
2391.586284
2393.134285
2394.556006
2395.612897
2397.863404
2400.259768
2401.326694
2402.724291
2407.090053
2407.913964
2408.214405
2408.730583
2409.242788
2411.849687
2412.127519
2413.649060
2413.660324
2415.276278
2416.426230
2418.251899
2418.874286
2420.071588
2420.079616
2420.085228
2421.380096
2421.839544
2422.011372
2422.046515
2423.192371
2423.211540
2424.093491
2424.895078
2424.973148
2425.002557
2425.470116
2425.820979
2426.242540
2426.439516
2426.723205
2426.786611
2427.148616
2427.183882
2427.438408
2427.908669
2427.989729
2428.155167
2428.497388
2430.046740
2430.304952
2430.543299
2430.713528
2430.751457
2431.422710
2432.217825
2432.593674
2432.742236
2433.006879
2433.030472
2433.050092
2434.170839
2434.346721
2434.389606
2434.495078
2434.594529
2434.737111
2434.784748
2435.178455
2435.499172
2436.255293
2436.516659
2436.530913
2436.550410
2437.331476
2437.977006
2438.765199
2439.175946
2440.041021
2440.193065
2440.212070
2440.503828
2440.997601
2441.275802
2441.405481
2441.506324
2441.662341
2441.953567
2442.243932
2442.579558
2442.654843
2442.939720
2443.143373
2443.363656
2443.747574
2443.926036
2444.054774
2444.527493
2444.597207
2445.230531
2445.347594
2445.401907
2446.044652
2446.058209
2446.353859
2446.422180
2446.463304
2446.565663
2446.932664
2447.169987
2447.180513
2447.214510
2447.298724
2447.330877
2447.881544
2447.989965
2448.014049
2448.206889
2448.457564
2448.473293
2448.552223
2448.570163
2449.320387
2449.396449
2449.467433
2449.560699
2449.674691
2449.871995
2449.981891
2450.119188
2450.294374
2450.458911
2450.526208
2450.532966
2450.759107
2452.148142
2453.261885
2453.942026
2454.141829
2454.265528
2454.504407
2456.754340
2457.015910
2457.376727
2459.179868
2463.106335
2463.960883
2464.034447
2464.669614
2464.723395
2465.301463
2465.689027
2465.842749
2467.426509
2467.450716
2467.703235
2467.864330
2468.198072
2471.652393
2472.123843
2474.846372
2475.563336
2475.629691
2476.775137
2478.356029
2484.031160
2484.922409
2485.297357
2490.421740
2491.967816
2492.529336
2496.452813
2496.580116
2498.026168
2498.944164
2499.109069
2499.760497
2500.124099
2501.849702
2504.179507
2505.349652
2505.420677
2508.493988
2508.748104
2508.917760
2510.133821
2514.130903
2523.763630
2526.664131
2526.856806
2527.609733
2528.221430
2529.156219
2529.565532
2529.574953
2531.048202
2535.490888
2538.407567
2540.785295
2541.260595
2541.557514
2544.578519
2547.617464
2547.642819
2547.889480
2548.491469
2549.213594
2550.146294
2550.264750
2550.273188
2551.781130
2552.504730
2552.908104
2552.921088
2552.949105
2553.054740
2553.170493
2553.378652
2554.010132
2554.199613
2554.256589
2554.265641
2555.020288
2555.347476
2555.375247
2555.459379
2555.925668
2557.388308
2557.483418
2557.752443
2557.880566
2557.983457
2558.192435
2558.667858
2558.694441
2558.897562
2559.012864
2559.211520
2559.366676
2559.554806
2559.721267
2559.951421
2560.317399
2560.431473
2560.488202
2560.566804
2561.303183
2561.485087
2561.893622
2562.046239
2562.222858
2562.760540
2563.254272
2563.714458
2564.160471
2564.277862
2564.751770
2564.854948
2565.151416
2565.356626
2565.956280
2565.978481
2565.986140
2566.143468
2566.252995
2566.318981
2566.333932
2566.345114
2566.478193
2566.616556
2566.877921
2568.076493
2568.273551
2568.368292
2568.506860
2568.736973
2568.748728
2568.830484
2568.858583
2569.014968
2569.224233
2569.511977
2569.875620
2570.644808
2570.749624
2570.884792
2571.003945
2571.043062
2571.331297
2571.549041
2572.755108
2572.813722
2572.897976
2572.903670
2573.150863
2573.302825
2573.394002
2573.442335
2573.462241
2573.630587
2573.829366
2573.876019
2573.896827
2574.060175
2574.191370
2574.214349
2574.396293
2574.537277
2574.796390
2576.137585
2576.220324
2576.272916
2576.410296
2576.427745
2576.443023
2577.086751
2577.145610
2577.272545
2577.470054
2578.039398
2578.095923
2578.115256
2578.204590
2578.224620
2578.383503
2578.397266
2578.663875
2578.681610
2578.714173
2578.749358
2578.955100
2579.239895
2579.340247
2579.761193
2579.770450
2580.222566
2580.433961
2580.458619
2580.670423
2580.709868
2580.763771
2581.730796
2581.951775
2582.176850
2582.353019
2582.774907
2582.819676
2582.844826
2582.908887
2582.943949
2583.212483
2583.544381
2584.138260
2585.163407
2586.459955
2586.529505
2586.660536
2586.831831
2587.312169
2587.407073
2587.515658
2587.544248
2587.708703
2591.619236
2591.951872
2592.744120
2595.556762
2596.781711
2596.869120
2597.253980
2597.489377
2598.038651
2598.913024
2600.870216
2600.885248
2602.176758
2602.294436
2602.863124
2603.421000
2605.935944
2606.614569
2607.629394
2607.684854
2610.990285
2611.241083
2612.841226
2613.206835
2618.161029
2618.174177
2619.779727
2619.943035
2620.089057
2620.337971
2620.396421
2621.565460
2621.596918
2622.457324
2625.985372
2626.251284
2626.363064
2631.107830
2631.185449
2632.147845
2632.159560
2633.004483
2635.283743
2635.443036
2636.146729
2636.537160
2638.188503
2638.682604
2640.004628
2641.120174
2642.732687
2643.381862
2646.070231
2647.086080
2647.569162
2647.895450
2648.656527
2649.755607
2650.013204
2650.092462
2650.181018
2650.728858
2650.935828
2653.220168
2654.964613
2655.507497
2657.047839
2660.129137
2660.740997
2660.853473
2660.867727
2660.903731
2660.956856
2661.113692
2661.258363
2662.738821
2663.784980
2664.440300
2665.111634
2671.904973
2675.184640
2676.557087
2677.964882
2679.518167
2680.451645
2682.583491
2684.452741
2684.558991
2684.846735
2689.261158
2689.608786
2690.917171
2692.246610
2694.602465
2694.811116
2696.503542
2701.138248
2701.842022
2703.237243
2706.448179
2706.456740
2706.532966
2707.719864
2707.755745
2707.841597
2708.083958
2708.723016
2708.732477
2708.984013
2709.412987
2710.031278
2710.310830
2710.559048
2710.831718
2711.052165
2711.274537
2711.474586
2711.555809
2711.918961
2712.702484
2712.947098
2713.826877
2713.966305
2714.281042
2714.370458
2714.778337
2714.953441
2715.396342
2715.493949
2715.860500
2716.860785
2716.934963
2716.962775
2717.191086
2717.675028
2717.951877
2718.138900
2718.538015
2718.726185
2718.852096
2718.888141
2719.190057
2719.437373
2719.516058
2719.593636
2719.608463
2719.751987
2720.050381
2720.060539
2720.195871
2720.462397
2720.614646
2721.320837
2721.462067
2721.916846
2721.925366
2722.140283
2722.293350
2722.605752
2722.928517
2723.355402
2723.408978
2723.411722
2723.571425
2723.714499
2723.779174
2723.978445
2724.159652
2724.181647
2724.259594
2724.392550
2724.595384
2724.844298
2725.137367
2725.138514
2725.220311
2725.308703
2725.325660
2725.684224
2725.724324
2725.876613
2725.915689
2726.200238
2726.215680
2726.503260
2726.558556
2726.611272
2726.649692
2726.679798
2726.721167
2726.775767
2726.788260
2726.868910
2726.887178
2727.447388
2727.512228
2727.646659
2727.680369
2727.740785
2727.812710
2727.900611
2727.989494
2728.279572
2728.393277
2728.717599
2728.782930
2729.146900
2729.482445
2729.637888
2729.652224
2729.788580
2729.900032
2730.091151
2730.236477
2730.237460
2730.646077
2731.401708
2731.566039
2731.784151
2731.938202
2731.957494
2732.067512
2732.107407
2732.212838
2732.309217
2732.652134
2732.680356
2732.985467
2733.021553
2733.059441
2733.079880
2733.229588
2733.443359
2733.478257
2733.752607
2733.842678
2734.207877
2734.229012
2734.589133
2734.801879
2734.822072
2734.851564
2735.240929
2735.672934
2735.720489
2735.761162
2735.992013
2736.053576
2736.208036
2736.546652
2736.613704
2736.725033
2736.745144
2736.757883
2736.777339
2736.812892
2737.209344
2737.220321
2737.267548
2737.292820
2737.462764
2737.709793
2737.817600
2737.850286
2738.228634
2738.274181
2738.288681
2738.624389
2738.656625
2738.872238
2739.091702
2739.249398
2739.559301
2739.827712
2739.950592
2741.132698
2741.156618
2741.545574
2741.614879
2742.032179
2742.561546
2742.588908
2742.690079
2742.729318
2743.143956
2743.504773
2743.626834
2743.945134
2744.303493
2749.113057
2749.135217
2749.379338
2750.026383
2750.074962
2750.225449
2750.329324
2751.526339
2751.843574
2752.014172
2752.238838
2753.374659
2758.139126
2758.975734
2758.998630
2759.389757
2759.440998
2762.749010
2763.252081
2763.361976
2763.423908
2763.638989
2764.811428
2765.049938
2765.484524
2765.737902
2766.296187
2768.438354
2768.472064
2768.539976
2769.158226
2769.327022
2769.615831
2769.774551
2769.889853
2769.904230
2770.556969
2771.596534
2771.790152
2771.841761
2772.143309
2772.155965
2772.239770
2772.697211
2772.707328
2773.429084
2774.092308
2774.771753
2775.370260
2777.319383
2778.008863
2778.295460
2778.776412
2779.148657
2779.667907
2779.689001
2782.490214
2782.791270
2783.648809
2783.916114
2784.038216
2784.115917
2784.189358
2784.544891
2784.868065
2785.339679
2786.690867
2787.163013
2788.652401
2789.016904
2790.969139
2794.670285
2795.770593
2795.932385
2796.116910
2796.150702
2797.759160
2798.432584
2798.788444
2800.832307
2801.500160
2802.359706
2802.777375
2804.660224
2804.970537
2806.771999
2809.422029
2809.578537
2809.898598
2810.236191
2810.393846
2810.528276
2811.157832
2811.261911
2811.274158
2811.278172
2812.463309
2813.169951
2813.473546
2813.992509
2814.332682
2814.346281
2815.671583
2815.923978
2816.041492
2816.385966
2816.942285
2816.952279
2817.314079
2817.772421
2817.861304
2818.612552
2818.673091
2818.696151
2818.846228
2818.895995
2819.394642
2819.782943
2822.189629
2822.579036
