65.631314
66.026414
66.468741
68.483686
71.408804
73.623101
74.894664
75.455775
75.521352
76.336333
77.339812
77.539574
78.196204
81.430733
82.153472
82.269266
84.593500
84.828037
84.883948
85.387919
86.701384
86.721864
87.311073
87.491461
90.711736
91.095245
92.987064
93.058703
93.865984
95.199232
95.571886
95.731753
97.160315
97.825178
98.926100
99.041321
99.146383
99.646792
99.919503
100.371497
101.839585
102.179430
102.474875
102.638223
102.764544
102.961644
102.982042
103.956111
104.246313
104.712765
106.826670
106.875372
109.196042
109.994926
110.120018
110.598717
110.662287
110.807777
111.191777
111.426437
111.577784
111.906939
113.185792
115.233833
116.615823
116.864819
117.345731
118.482371
118.976061
122.106552
123.060920
123.364516
123.629937
124.949627
125.470269
125.655532
126.211850
126.380442
127.451914
129.591992
129.897144
131.930071
137.073418
137.278996
137.811067
137.832448
138.057605
139.435581
139.733606
140.080660
140.135956
141.805076
143.381791
144.138117
144.232899
144.748667
148.960502
154.525450
154.663363
155.925176
155.965727
156.430213
157.250150
157.841613
158.018929
161.458995
162.235802
163.595100
164.808008
164.899144
165.688361
165.885706
166.036193
166.705521
169.267855
169.814835
169.872712
170.160374
170.184335
170.511319
171.387331
175.753175
177.532969
178.507612
178.802852
179.891446
182.420931
183.604797
186.860790
186.926490
188.150497
188.268462
188.711485
189.563044
190.134641
190.311014
192.197755
193.338941
194.059264
194.422948
194.498765
195.329393
198.026772
199.135683
199.189053
199.593656
200.559084
201.249178
209.687757
213.348966
215.053353
215.774700
221.074432
221.193298
223.416238
223.922217
224.083231
226.671698
227.605668
228.761682
229.782692
232.414618
232.455455
233.644483
234.393846
236.594422
237.578527
237.890355
241.586258
244.190454
245.103002
245.111357
249.610609
250.092872
250.300826
250.807624
254.088397
255.675679
256.120750
259.953172
263.220265
264.144691
264.616755
265.214730
265.652265
265.701581
266.598277
267.432796
271.296430
271.588925
271.591219
271.623823
274.054922
274.805924
279.394550
280.622981
281.164104
282.807624
284.788818
287.299338
287.736709
293.003796
296.102912
301.754819
302.469284
302.568612
302.925210
305.743053
306.219950
306.338406
306.868552
307.292078
308.828119
309.034066
309.574697
310.940140
316.007916
316.284068
316.500009
316.520776
324.297769
324.927037
326.607053
329.382380
330.294436
333.191660
333.266739
334.677279
334.786232
335.465513
336.826450
336.943964
337.097032
337.861673
338.757427
339.101983
339.393249
339.650847
340.069908
340.801208
342.955868
348.007096
349.508035
350.333256
353.606615
353.961492
354.034606
354.752963
356.616643
357.076132
358.166200
358.753772
358.963323
358.985769
361.594921
363.117445
363.853455
363.879875
367.481119
367.494963
369.415700
372.156539
373.173084
373.400330
373.446738
373.623726
374.107382
374.301164
374.445793
374.500844
374.788178
375.790592
380.243763
381.613261
383.561769
385.074913
385.264968
386.005647
390.506209
390.995231
391.115694
391.199744
391.301120
394.163241
394.534748
395.159634
396.736143
397.539451
399.692104
401.372365
403.967508
404.039803
404.404224
404.439040
405.335572
405.848719
406.317670
406.416998
407.802470
408.451441
408.992809
410.361815
412.782100
412.863242
415.827395
415.916810
416.658964
417.457930
417.647411
419.342172
420.130693
422.705971
423.701832
424.215675
425.480970
428.606013
429.193585
431.577170
432.393216
432.741089
433.141064
433.427784
437.787607
437.986836
438.666691
440.827249
440.943043
441.770639
442.223739
442.604175
443.114660
443.768832
443.871887
444.705219
445.466952
445.721764
446.456709
448.486973
449.029489
449.709916
450.805678
450.977710
452.268646
452.851139
453.418148
454.591201
454.937354
454.963692
455.114670
455.648010
455.929692
457.607987
457.722593
459.892777
460.387205
461.566157
461.731799
462.038835
462.067384
462.393958
462.813225
462.862950
463.007293
464.169124
464.493650
464.934011
465.008271
465.344881
466.237071
466.389893
466.455593
466.629263
466.837873
468.609884
468.627128
468.650926
468.706304
468.720763
468.812923
468.861133
468.879974
469.105623
469.226209
469.450998
469.621473
470.106194
471.096484
471.169475
471.207035
471.331881
471.552328
471.819592
471.869030
471.912079
472.076861
472.158372
472.451686
472.725094
473.374843
473.376768
473.720463
473.749873
473.883361
474.221527
474.314875
474.651116
474.661478
475.118592
475.416658
475.530854
475.612324
475.686461
475.726766
476.359967
476.923617
477.421199
477.523640
477.921403
478.765629
478.897111
478.961254
478.969324
479.063327
479.223030
479.461663
479.603343
480.010568
480.461742
480.489431
480.512369
480.523059
480.538132
480.645448
480.674693
481.039933
481.345864
481.523671
481.856102
482.245796
482.341478
482.426839
482.503885
482.584453
482.630615
482.893906
483.034440
483.091415
483.225969
483.691315
484.360684
484.377477
484.407337
484.476068
484.903608
486.884680
488.056013
489.437348
490.057400
490.466918
491.218944
491.837972
491.867259
492.704522
492.871598
493.212385
496.540262
496.578396
498.118984
498.274099
498.445844
498.654904
498.698527
498.888745
499.573924
499.654410
500.475740
502.145597
502.600991
503.009649
503.195771
504.255242
504.831918
506.367304
507.657052
507.847762
508.124119
508.396790
508.640829
509.154755
509.505782
509.715743
510.627430
512.305521
513.108828
513.141473
513.210900
513.234534
513.300644
515.689759
515.734036
515.763814
519.248159
522.657546
522.824458
524.527985
524.818678
526.681702
527.745516
528.620585
531.543572
533.283021
537.015583
538.588160
539.113062
540.833628
543.671296
545.703936
545.840906
551.151370
556.135506
556.712919
561.891942
563.048858
565.493719
565.791539
567.364526
582.720430
583.093862
584.165745
588.664545
589.272433
592.427622
594.134098
594.820547
596.728381
598.090506
598.728090
598.900531
599.247176
600.315863
601.831916
602.121626
603.172291
603.487437
603.677573
605.185884
605.269606
605.742776
606.508483
606.520934
608.726426
608.952361
608.974889
609.580073
609.932575
610.004664
610.377892
611.073802
611.350528
611.731374
611.959521
612.409221
612.614226
612.934574
613.080801
613.092925
614.302761
616.242135
616.608727
616.611553
616.899543
617.329623
617.938575
618.324091
621.432873
621.742899
621.898875
621.959045
622.194688
622.578360
622.812938
622.896456
623.268372
624.100229
625.081549
625.638154
626.158387
626.555781
626.806129
626.832671
631.655547
637.340918
640.189932
641.097810
642.173706
643.806208
646.101074
646.262907
693.095506
693.207736
693.299323
693.340037
693.389066
695.095501
695.775191
696.173158
696.497848
696.792064
697.054536
698.167747
699.241144
699.861320
700.129321
700.153897
700.372705
701.066158
701.738189
701.865738
703.075656
703.409070
703.779021
703.797985
704.321618
704.664781
704.677396
704.763044
704.879452
706.759229
706.882314
708.116726
710.012764
710.125855
710.184223
711.328563
711.338025
711.430881
712.541962
712.628756
713.910600
714.281329
717.832724
719.277425
720.619602
722.233385
724.594033
725.597921
725.792891
726.221701
726.541763
726.623068
727.535002
728.743813
728.762532
728.780800
728.815903
731.482153
731.676877
731.873444
731.967693
732.155331
732.398961
732.608184
732.730122
733.738476
734.699151
734.890803
739.833487
740.193075
740.370678
742.930842
742.962340
743.251517
743.328932
743.437599
743.511859
743.638835
744.582144
744.641413
745.096520
745.609257
746.938450
747.289887
747.702927
748.059320
748.799345
749.650985
749.651436
749.692518
749.901210
750.058414
750.331740
750.352343
750.466048
750.779843
750.818755
750.880809
751.844844
751.877079
752.988733
753.498030
753.793065
754.165391
754.458542
755.545006
755.962634
756.186481
756.499743
757.210481
757.256151
757.563392
760.860221
760.947425
761.180733
761.350308
761.754542
761.836012
762.178519
762.199859
762.219233
762.236273
762.276700
763.445494
763.610030
765.094502
765.204849
765.367910
766.212014
766.283817
767.294628
767.540101
768.915784
770.049188
770.258616
771.298714
771.525304
771.731948
771.979510
772.431258
772.951572
773.309194
774.487695
774.755983
775.567032
775.727350
776.815165
777.207316
777.231524
777.513206
778.052731
781.047071
781.393879
783.662694
783.702712
784.500204
784.733757
784.990986
789.090755
789.946778
790.406349
790.428262
790.789612
790.989988
791.278715
792.590295
793.055805
793.167380
793.451151
793.845760
794.115113
794.613719
795.175076
795.233485
796.834857
796.900680
797.027656
797.690880
798.055834
799.431516
800.502989
801.206313
802.134385
802.268037
803.470213
804.018790
804.042383
806.261309
807.190610
808.954921
809.101435
809.295135
809.608233
810.634404
811.775058
814.036623
815.007621
815.161303
815.357665
816.535388
817.331077
818.374246
818.676613
819.712573
819.882435
820.020675
820.641096
821.396275
822.873088
823.508869
824.265687
824.675123
825.473106
825.589309
825.765929
826.150789
826.345472
826.387620
826.482770
826.905641
827.020739
827.232952
827.815363
828.323717
828.731433
829.312778
829.893837
830.125384
830.161101
830.393098
830.452859
830.498570
831.398871
832.051610
832.134758
832.248627
832.321331
833.129349
833.480090
834.347704
836.744765
836.768481
836.944855
837.124383
837.288714
837.873132
838.128271
839.103857
839.187374
839.277691
839.446200
839.479910
840.444355
841.672827
841.993052
842.150339
842.241475
842.324132
842.367713
842.605199
842.740490
842.967368
843.024548
843.431649
843.692564
844.699648
845.620019
846.311956
846.353326
846.792827
847.078892
847.156838
848.392602
848.664904
852.402790
854.063882
854.495519
854.626673
854.947144
856.348426
856.448901
857.862226
858.378936
859.019551
859.211776
859.225661
859.422188
859.908997
860.342231
861.114655
861.791764
861.808968
861.819699
861.847675
862.353859
863.669658
863.766610
863.845376
863.872492
864.501596
864.547717
865.563607
865.920819
865.940808
866.189066
867.639665
868.140196
868.426752
868.656251
868.684022
868.974060
870.150636
870.285763
870.864855
873.065390
873.902612
873.919775
873.935585
874.175447
874.419569
875.188060
875.932590
876.157788
876.176425
876.540723
876.683633
877.532815
877.879419
877.925130
877.972931
878.043382
878.278533
878.426030
878.439916
878.740398
878.817731
878.820352
879.147418
879.516140
879.739781
880.251781
880.265011
880.290243
881.497989
881.511465
881.521009
881.794089
882.051195
882.149868
882.274140
882.366669
882.435973
882.988810
883.796460
886.243328
886.490194
886.505841
886.932111
889.326223
891.299103
891.818025
891.972198
893.317079
894.215004
895.518269
896.587653
897.028055
899.431260
899.572122
899.840901
900.229652
900.792730
900.935188
900.993311
901.046927
902.170173
902.204703
902.450708
903.343555
903.852237
903.873536
903.954842
906.251878
906.608189
906.640794
906.801807
906.841539
906.850222
907.244995
907.260641
907.526636
907.742945
907.784151
908.137964
908.333629
908.396339
908.432138
909.074145
909.090079
909.331620
909.602939
910.027407
910.047150
910.176010
910.450401
910.469857
910.541128
910.699069
910.710129
910.715208
910.752154
910.796964
911.117926
911.136522
911.228232
911.452856
911.499387
912.110264
912.397107
912.522240
912.534897
912.643400
912.652370
912.686776
912.889692
912.934994
913.085399
914.070528
914.160108
914.292367
914.332713
914.345779
914.361590
914.380800
914.406441
914.456904
916.395500
917.135360
917.187133
917.449851
917.477868
917.993144
918.299812
918.345482
919.159562
919.382344
920.235786
921.035203
921.117368
921.274900
921.710264
921.727631
921.974620
922.050888
923.277148
923.630879
923.678474
923.692851
923.802010
924.204769
926.889820
926.997504
928.977879
930.093629
930.658017
932.436705
932.448256
932.463862
933.077729
933.111153
934.635725
934.988268
935.047127
935.669228
936.031764
936.126833
936.138793
936.335032
937.333596
937.708831
937.991782
938.747372
938.887987
941.364142
941.394207
941.453885
941.516268
941.685064
941.700014
941.885317
941.948436
942.232740
942.444667
942.457774
942.493000
942.505820
943.125053
943.344681
943.480914
943.535677
943.953633
944.004997
944.007700
944.304497
944.366305
944.574996
945.176371
945.212211
946.060780
947.275162
947.685540
947.987333
948.756972
948.891976
948.990935
949.845443
950.374031
950.612992
951.158661
951.474749
952.635884
954.660987
956.282020
956.630712
956.833178
956.858450
957.164954
957.512868
957.756088
959.695012
960.906404
963.013591
963.120660
965.216788
965.656125
967.640760
970.106143
970.246758
970.526024
970.998989
971.574927
971.780178
972.705382
975.436104
975.612436
977.395548
978.123653
978.535670
979.023012
979.477053
980.626350
982.583828
983.916872
984.910275
984.978678
985.497477
988.489196
988.973138
989.288940
992.323748
993.411195
993.597768
993.613537
996.107796
996.868997
997.749023
997.801370
997.825659
998.950502
999.534182
1000.802222
1002.196460
1002.781368
1003.810898
1003.911332
1004.306719
1005.887775
1006.081516
1008.500163
1009.689846
1011.716710
1011.766395
1013.737964
1016.073667
1016.710554
1017.872916
1020.257444
1021.432955
1022.198252
1022.201856
1025.099039
1025.750385
1028.124303
1028.744069
1030.463488
1030.691185
1031.255532
1033.238323
1033.843835
1033.854484
1034.136904
1034.649682
1037.506437
1038.947246
1039.735562
1040.578437
1040.830874
1041.056276
1043.728138
1044.509409
1045.391196
1045.478400
1046.559252
1046.964470
1047.891968
1050.036224
1050.331095
1050.684129
1050.703135
1050.765599
1052.183798
1053.466460
1053.584302
1054.497505
1054.681211
1054.756291
1055.100723
1059.029402
1060.679148
1060.815708
1061.592719
1062.062858
1062.559130
1063.141171
1064.964014
1064.979128
1065.725788
1065.934684
1066.082181
1066.134446
1066.323272
1068.719923
1069.607240
1069.681377
1070.113792
1070.756250
1071.361024
1071.844598
1072.481321
1075.974390
1076.312515
1076.411105
1076.997366
1077.078262
1077.656289
1078.277161
1079.084237
1080.778998
1081.168855
1081.443697
1082.501775
1083.638866
1084.309791
1085.472563
1088.412590
1088.448553
1090.120049
1090.388623
1090.404516
1091.844137
1093.816238
1095.162020
1095.681761
1096.206541
1099.255972
1100.280545
1100.466340
1101.508035
1101.991199
1102.539039
1102.772961
1103.014298
1103.723151
1104.320963
1105.009787
1105.066476
1107.525509
1108.406436
1111.429939
1112.113111
1112.481260
1113.314140
1113.640591
1113.671352
1113.709691
1114.127155
1114.299146
1115.201741
1115.550269
1116.901335
1117.067715
1117.125181
1118.126817
1118.554972
1118.565786
1118.744330
1119.703204
1119.820145
1120.339681
1120.751452
1120.945562
1121.654047
1123.112141
1123.757425
1125.470249
1126.476800
1126.547374
1126.874808
1127.339991
1127.747830
1128.029348
1128.114053
1128.192410
1128.276296
1128.479334
1128.662180
1128.735007
1129.238651
1129.320817
1130.648412
1130.849935
1130.954138
1131.141448
1131.247698
1131.515740
1131.862835
1131.929149
1131.966710
1132.600115
1132.813025
1133.086024
1133.120061
1133.131694
1133.251953
1133.302989
1133.572137
1134.125548
1134.491156
1134.492795
1134.649262
1134.693581
1134.800937
1135.090606
1135.173550
1135.269233
1135.674982
1137.492746
1137.822638
1138.008760
1138.067415
1138.190541
1138.327552
1138.402591
1138.622341
1138.892964
1139.250258
1139.321037
1139.331645
1139.336438
1139.506094
1140.276265
1140.766392
1141.680333
1141.699707
1141.756969
1141.781340
1143.389635
1144.053924
1144.805745
1145.286205
1145.568297
1146.657014
1146.670244
1146.874388
1147.216364
1147.830968
1148.829696
1148.966134
1149.105398
1149.174374
1149.285704
1149.802865
1150.281277
1150.314947
1150.717706
1150.745600
1150.783816
1150.835220
1150.862705
1151.074877
1151.093596
1151.224504
1151.234335
1151.303107
1151.551037
1151.757189
1151.817769
1151.968010
1152.228884
1152.267960
1152.360038
1152.838984
1152.840704
1152.846029
1152.870113
1153.050337
1153.221591
1153.228636
1153.318789
1153.391411
1153.527521
1153.592648
1153.625375
1153.825792
1153.899889
1153.909842
1153.937162
1154.467103
1154.569257
1155.248865
1155.523420
1155.758531
1157.443502
1157.805261
1157.898322
1158.141624
1158.396969
1158.689628
1158.754468
1158.840156
1160.109875
1160.323686
1161.781944
1162.320077
1163.469455
1164.505170
1164.695429
1164.727214
1165.174129
1165.513196
1165.895352
1166.140047
1166.434550
1166.523146
1166.577951
1167.208407
1167.277507
1167.381709
1167.423734
1167.502868
1167.654748
1167.880643
1167.913452
1168.059556
1168.086958
1168.108872
1168.145777
1168.155853
1168.265626
1168.340296
1168.428483
1168.432783
1168.737772
1169.764229
1169.868636
1169.971405
1169.979064
1170.019410
1170.027602
1170.200412
1170.483241
1170.634547
1170.893824
1171.225887
1171.243295
1171.331441
1171.485983
1171.683451
1171.706921
1171.846308
1172.012032
1172.092559
1172.335985
1173.038039
1173.233582
1173.331722
1174.056714
1174.071665
1174.356910
1174.609797
1174.673367
1174.828032
1174.981345
1175.003095
1175.345684
1175.554417
1175.679263
1175.865836
1176.927519
1177.776456
1177.797468
1177.901302
1178.627400
1178.743030
1178.764616
1178.780385
1179.201946
1179.282637
1179.284029
1179.326136
1179.503616
1179.607654
1179.681055
1179.891671
1180.148040
1180.621373
1181.248225
1181.284844
1181.642424
1181.941842
1182.423122
1182.774518
1182.805484
1182.970429
1183.081349
1183.374500
1183.452570
1183.822070
1184.138281
1184.408617
1184.537969
1184.702013
1185.025352
1185.501266
1185.722655
1185.732321
1185.758781
1186.142986
1186.440765
1186.614927
1186.736456
1187.111281
1187.300065
1187.417866
1187.525345
1187.559342
1187.574538
1187.604398
1189.683077
1190.018703
1190.437642
1190.481674
1190.957302
1191.020012
1191.187866
1191.698473
1192.444969
1192.640676
1193.015583
1193.142231
1194.524467
1194.732298
1194.920018
1195.082998
1195.502060
1195.629568
1195.640463
1196.483953
1197.064684
1197.208904
1197.649142
1197.829366
1197.873193
1198.279270
1198.554358
1198.697226
1198.844436
1198.973379
1199.842017
1199.951012
1200.676987
1200.724009
1201.408819
1201.518592
1202.538701
1202.667602
1203.287777
1204.500111
1206.421586
1207.749632
1208.004895
1208.809923
1212.635259
1212.784927
1213.114778
1216.033956
1216.085074
1217.553818
1218.109399
1219.425075
1219.744645
1220.692869
1221.041070
1221.348434
1221.572772
1221.672714
1222.193889
1222.292152
1222.356746
1222.405816
1222.658294
1222.715597
1222.973030
1223.264625
1223.333601
1223.345480
1223.459348
1223.628964
1223.669596
1224.328028
1224.519188
1225.139978
1225.717883
1226.393477
1226.407158
1226.532413
1226.779361
1226.800456
1226.898227
1227.010949
1227.348173
1227.402117
1227.699528
1227.860337
1227.927470
1228.080169
1228.121539
1228.531712
1228.656312
1228.854927
1228.957450
1229.027000
1229.163110
1229.208781
1229.432750
1229.465723
1229.484892
1229.534495
1229.605724
1229.881262
1229.923779
1230.001766
1230.141399
1230.183997
1230.448476
1230.844396
1230.963671
1231.710740
1232.036536
1232.154092
1232.228844
1232.531046
1232.648724
1233.039770
1233.474478
1233.493647
1233.797857
1234.847826
1234.857124
1235.193364
1235.852411
1236.138312
1236.591575
1236.774912
1236.939858
1237.281505
1237.380874
1238.882755
1238.904914
1238.930473
1239.105126
1239.121428
1239.136461
1239.174349
1239.200809
1239.347241
1239.451976
1239.459021
1239.855555
1240.212275
1240.353997
1240.664637
1240.704410
1241.085092
1241.738732
1241.849897
1241.869558
1241.947259
1241.998623
1242.045440
1242.332979
1242.339287
1242.616996
1242.651034
1242.809303
1242.895483
1243.004396
1243.395072
1243.416166
1243.560878
1243.660534
1243.906703
1243.955200
1244.502426
1244.519793
1244.765430
1244.786483
1244.803318
1245.061693
1245.132390
1245.150003
1245.300204
1245.989642
1246.170931
1246.174659
1246.183506
1246.346240
1246.372168
1246.676132
1246.743183
1246.777549
1247.619523
1248.185221
1249.259848
1249.351025
1249.517404
1249.860690
1249.960509
1250.006426
1250.377318
1250.480538
1250.701148
1250.717123
1251.265823
1251.276349
1251.460628
1252.975985
1253.119263
1253.310956
1253.542912
1254.106726
1254.116803
1254.512845
1254.683894
1254.786744
1255.274373
1255.369277
1255.847485
1256.233697
1256.307876
1256.512758
1256.680202
1256.715715
1256.800461
1256.893809
1256.904049
1257.238610
1257.260646
1257.708544
1257.965937
1258.042573
1258.368860
1261.077709
1261.180641
1261.207306
1261.411492
1261.796065
1262.066934
1262.392361
1264.320061
1264.386580
1265.562542
1265.847542
1266.071142
1266.118738
1266.480169
1267.202662
1268.158956
1268.835492
1268.927406
1269.323407
1269.339791
1269.379727
1269.519606
1270.187622
1270.982083
1271.463076
1271.519846
1272.035860
1272.399094
1272.467538
1272.580383
1273.024717
1273.133998
1273.632973
1273.987482
1274.343014
1274.685399
1274.800333
1275.161395
1275.561574
1275.577426
1275.845427
1276.271084
1276.700303
1276.720988
1276.749087
1277.645373
1277.691044
1278.489395
1279.006761
1279.046328
1279.126815
1279.330918
1279.562506
1279.711068
1279.963750
1279.995535
1280.051077
1280.086835
1280.238797
1280.446013
1280.683418
1280.686408
1280.724255
1280.753213
1280.864256
1281.297039
1281.435894
1281.467023
1281.583350
1281.646674
1282.649006
1282.754150
1282.815631
1283.045458
1283.174441
1283.777454
1284.559708
1284.850319
1288.569815
1289.044500
1289.910395
1291.073413
1291.845550
1292.663194
1292.752937
1292.927795
1295.012782
1295.140618
1295.622922
1295.918121
1296.099615
1296.766607
1296.768573
1297.475092
1297.539768
1297.549189
1298.219172
1298.487869
1299.149128
1299.378176
1299.623076
1299.871621
1300.007854
1300.141507
1301.839217
1302.273802
1302.715146
1302.733414
1302.924902
1303.091732
1303.311401
1303.321354
1303.336387
1305.245573
1305.486377
1306.935910
1307.227914
1307.538145
1307.668398
1307.675812
1307.686257
1307.746755
1308.007465
1308.109455
1308.355052
1308.380570
1308.571238
1309.420503
1310.228152
1310.281728
1311.952445
1312.030720
1312.257761
1312.324239
1312.333210
1312.550789
1312.792576
1312.950723
1313.125499
1313.215201
1313.379410
1313.430815
1313.554514
1313.904599
1314.526372
1314.634588
1315.256975
1315.463700
1316.397015
1316.437524
1316.547092
1317.045289
1318.074491
1318.656696
1319.524352
1319.712031
1319.787889
1319.858749
1319.885251
1320.186962
1320.774738
1321.423585
1321.828884
1322.035773
1322.592870
1322.762609
1322.879959
1323.937300
1323.956060
1324.053340
1325.894001
1326.712463
1326.831002
1326.882775
1327.495291
1328.286884
1329.207173
1330.090762
1330.143437
1330.204099
1330.281718
1330.409636
1330.554593
1330.618081
1330.629919
1330.976154
1331.623895
1331.628564
1331.707085
1331.953869
1333.135811
1333.306982
1333.454316
1333.540823
1333.616517
1333.771428
1335.011451
1335.674020
1337.708790
1337.985516
1338.578616
1338.650132
1338.755564
1339.331297
1340.950487
1340.988989
1340.993577
1341.089833
1341.587866
1341.861437
1343.763251
1343.771443
1343.894856
1344.510403
1344.532070
1345.128120
1345.158390
1345.501143
1345.550090
1346.028995
1347.192422
1347.315220
1347.319972
1347.423027
1347.822592
1347.864003
1348.049592
1348.325827
1348.383375
1348.436337
1348.669850
1348.744806
1349.091164
1349.413970
1349.749187
1350.524805
1350.968361
1351.092552
1351.387628
1351.421420
1352.485028
1353.255076
1353.264579
1353.582838
1355.364024
1355.366072
1355.754004
1356.375900
1357.006029
1357.182239
1357.403259
1357.880648
1357.983130
1358.123704
1358.182482
1358.810399
1360.220324
1360.749568
1360.871916
1361.497334
1362.015805
1362.344755
1362.358682
1362.427331
1362.429256
1362.596741
1363.205530
1364.569211
1364.936458
1365.742797
1366.570394
1366.689628
1366.763971
1366.863258
1367.458202
1368.636129
1369.063670
1369.073582
1369.129370
1369.475113
1369.497190
1369.535652
1369.644810
1370.139197
1370.279567
1370.611753
1370.771374
1371.435622
1371.539456
1371.557274
1375.227249
1375.423980
1375.492956
1375.510159
1375.950561
1376.225239
1376.251781
1376.674734
1376.721101
1377.647411
1377.752556
1377.825997
1378.047017
1378.077327
1378.112594
1378.184888
1378.192179
1378.250424
1378.256650
1378.260951
1378.425078
1378.426798
1378.570772
1378.636268
1379.220480
1379.357983
1379.364332
1380.459438
1380.563558
1380.704788
1381.746811
1382.156247
1382.477537
1383.855718
1384.476180
1385.020785
1385.276785
1385.449718
1386.372833
1386.758963
1387.967898
1387.998208
1388.039291
1388.974203
1389.261373
1389.608428
1389.650698
1389.688381
1390.047068
1390.701322
1391.832310
1392.422584
1393.228308
1394.051686
1394.243994
1394.949898
1395.100713
1395.322757
1395.522068
1395.997819
1396.326646
1396.891525
1397.024276
1397.251400
1397.274583
1398.817096
1399.140352
1400.583496
1400.594145
1400.774042
1401.216614
1401.296650
1401.388442
1401.626255
1401.641902
1402.072228
1402.202644
1402.843505
1403.403756
1403.415101
1403.453194
1403.759411
1404.548342
1406.237942
1406.785085
1406.940570
1407.162040
1407.300813
1407.629763
1407.677768
1409.919427
1410.251325
1410.300559
1411.024323
1411.525100
1411.993231
1412.099973
1412.247347
1412.652401
1412.839137
1413.645844
1414.696550
1414.906429
1415.318036
1415.336018
1416.456479
1416.723456
1417.046548
1418.021642
1418.436936
1419.191378
1420.906947
1422.144840
1422.354514
1422.367457
1422.433526
1423.595602
1423.975465
1424.279265
1424.282173
1424.348733
1424.357253
1424.617431
1424.912220
1425.022239
1425.386906
1426.858025
1426.959933
1427.010314
1427.035259
1427.464192
1428.239811
1428.241080
1428.408279
1428.555694
1428.595425
1428.761477
1428.816527
1428.896809
1428.965622
1429.014651
1429.347246
1429.448786
1429.620531
1430.359327
1430.592102
1431.828726
1432.501699
1432.750162
1432.910316
1433.280758
1433.300460
1433.640714
1433.657016
1433.709978
1434.043884
1435.377705
1435.893064
1436.170895
1436.613222
1436.873769
1436.991447
1437.128950
1437.307085
1438.146355
1438.357422
1438.410711
1438.461747
1438.502953
1438.754406
1439.048212
1439.654011
1441.654497
1442.055741
1442.101166
1442.516910
1443.259105
1443.636224
1443.721175
1444.212285
1444.569661
1444.595671
1444.728095
1444.760371
1444.915732
1445.172019
1445.518295
1445.547991
1445.624545
1445.673902
1445.690081
1445.894595
1446.105375
1446.176973
1446.226534
1446.244966
1446.293586
1446.768927
1446.833889
1446.871818
1446.962135
1447.668204
1447.708713
1447.739924
1447.748690
1447.816684
1448.298209
1448.750449
1448.865915
1449.160172
1449.379758
1449.427272
1449.514516
1449.576612
1449.996452
1450.445496
1451.134403
1451.181957
1451.757445
1452.372091
1453.073777
1453.082051
1453.183959
1453.238886
1453.356442
1453.624197
1453.687931
1453.766287
1453.997548
1455.232000
1455.445975
1455.550136
1455.778488
1456.100311
1456.125829
1456.190095
1456.330670
1456.445768
1456.579502
1456.592323
1456.779387
1457.033585
1457.378017
1457.979392
1458.424668
1458.530140
1458.867364
1458.869699
1458.929992
1458.983363
1459.562742
1460.230881
1460.878377
1460.893082
1461.251564
1461.446451
1461.709701
1462.873661
1463.146004
1463.181926
1463.208714
1463.284408
1463.414456
1463.417651
1463.984497
1464.617984
1464.865833
1465.078006
1465.180160
1465.601311
1465.666929
1465.881518
1466.077061
1466.257531
1466.267075
1466.614497
1466.883973
1466.914120
1467.685069
1467.986412
1468.081029
1468.306432
1468.593684
1468.816876
1468.839567
1468.919112
1469.119488
1469.846528
1470.165770
1470.729175
1470.849884
1470.968955
1471.141192
1471.365243
1471.369298
1471.392031
1471.543091
1471.704064
1471.915704
1471.934464
1471.952896
1472.101663
1472.285368
1472.365322
1472.487178
1472.552182
1472.594698
1472.727736
1472.885350
1473.039114
1473.394606
1473.538580
1473.775084
1473.809203
1473.981932
1473.986314
1474.094940
1474.144870
1474.149704
1474.365645
1474.385388
1474.488484
1474.510889
1474.896978
1474.901688
1474.943181
1474.946826
1474.956329
1474.966815
1475.163136
1475.523543
1475.652116
1475.680829
1475.731415
1475.802235
1476.066509
1476.282245
1477.410488
1477.437809
1477.749801
1478.108979
1478.397624
1478.538404
1478.550241
1481.050440
1481.153495
1481.353257
1481.924690
1481.949143
1482.553876
1483.010908
1483.073085
1483.283620
1485.678346
1486.660567
1487.709020
1488.205169
1488.407880
1491.309609
1491.690783
1495.219200
1496.834621
1497.284690
1497.557279
1497.761874
1498.372506
1498.436567
1498.472284
1498.650583
1499.058954
1499.208868
1499.404329
1500.116664
1502.777876
1503.584051
1503.864340
1503.888671
1504.177357
1504.201728
1504.592486
1504.738017
1505.509458
1505.572004
1505.573274
1505.789133
1506.068603
1506.533171
1507.554755
1508.176691
1508.338770
1508.749804
1508.795679
1509.348270
1509.702738
1509.709251
1510.603817
1511.672054
1512.362680
1514.071736
1514.425303
1515.000832
1515.021599
1515.068826
1515.710996
1515.953070
1516.818924
1516.837724
1516.891546
1517.611704
1517.656146
1518.013276
1519.020155
1519.164867
1519.743549
1520.566026
1520.644465
1523.673088
1524.374856
1524.430725
1524.695081
1525.280932
1525.438874
1525.597553
1526.394307
1526.467830
1526.578749
1526.723707
1526.724076
1526.936986
1526.966149
1527.199498
1527.500800
1527.810949
1527.877960
1528.361656
1529.361531
1529.419203
1529.679053
1529.985475
1530.002022
1530.038436
1530.131988
1532.930335
1533.077832
1533.403505
1559.537541
1559.708385
1559.907287
1560.116306
1560.986051
1561.125192
1561.315123
1561.892700
1562.082017
1562.180772
1562.347930
1562.398351
1562.448896
1562.522460
1562.618470
1562.858783
1562.986086
1563.037696
1563.171144
1563.870781
1564.588032
1564.676424
1564.707553
1566.560174
1566.608384
1566.621901
1566.663107
1566.721516
1567.282545
1567.634309
1567.670600
1568.148972
1568.733676
1568.752886
1571.076260
1571.231130
1571.232973
1571.294740
1571.471647
1571.473654
1572.625981
1574.598410
1576.903926
1578.508001
1578.701660
1579.953316
1581.315318
1582.492467
1583.999713
1585.876951
1586.464481
1586.656174
1587.861258
1588.507607
1588.863222
1589.510431
1589.682790
1591.590748
1593.463931
1599.987302
1602.205696
1602.627256
1604.624466
1604.819476
1605.460951
1605.512765
1606.042706
1606.327665
1607.965082
1608.399462
1611.285996
1611.884831
1612.033311
1612.669133
1612.793692
1612.879135
1612.903506
1613.433979
1613.718323
1615.027732
1617.488118
1617.914921
1617.970299
1619.924541
1620.113285
1620.949033
1621.030994
1621.033820
1621.974712
1622.360105
1622.487491
1623.211418
1624.688681
1625.173279
1625.371034
1626.050273
1626.971996
1627.503698
1627.591680
1627.714314
1627.747246
1627.770921
1628.698829
1630.555873
1631.641641
1631.834235
1631.897682
1632.323461
1632.969073
1633.045381
1633.374904
1633.643766
1633.870520
1634.056724
1635.050004
1635.732644
1635.862405
1636.575396
1637.037875
1640.233902
1640.381932
1640.652964
1641.153987
1641.164431
1641.184748
1642.421248
1642.502554
1643.346657
1643.585823
1643.615478
1643.917967
1644.751954
1644.894945
1645.649428
1645.812204
1646.081024
1646.279188
1646.444175
1646.494515
1646.741668
1646.877696
1648.466534
1649.270866
1649.456620
1649.562501
1649.704264
1650.011054
1650.061271
1650.170348
1650.717655
1650.750259
1650.883052
1651.629220
1651.924664
1653.082972
1653.250990
1653.381161
1653.538202
1653.972787
1654.638305
1654.974136
1655.300628
1655.418348
1655.499940
1655.585956
1655.594639
1655.768023
1657.385452
1657.882173
1661.257687
1661.412229
1661.623992
1662.183506
1662.292910
1662.535557
1662.701691
1665.093304
1666.580972
1667.581420
1668.248617
1668.266926
1668.754514
1669.092680
1669.266104
1669.498020
1669.544755
1669.905818
1670.267208
1673.711821
1674.299884
1675.420180
1675.555144
1675.741594
1679.409521
1679.953101
1680.779715
1682.355732
1683.837338
1686.282936
1689.117327
1689.435300
1689.541960
1690.534339
1691.569725
1693.438321
1694.777508
1694.882693
1695.769928
1696.075940
1696.465838
1698.937979
1700.939080
1702.745661
1703.200850
1703.492485
1704.860508
1705.198674
1706.461389
1706.607411
1706.932797
1707.164099
1707.333018
1708.201697
1710.443028
1713.480049
1714.845368
1716.882719
1719.173652
1720.160952
1720.467046
1720.914903
1723.503206
1723.966669
1724.304302
1726.577295
1727.683584
1727.752724
1729.778196
1732.695122
1733.042053
1733.156086
1733.557903
1736.303206
1736.951276
1737.559245
1737.678275
1738.435133
1740.681789
1741.231841
1741.632184
1741.761331
1742.297047
1742.953677
1743.497339
1744.419062
1744.618865
1745.293271
1745.305600
1746.091827
1746.164285
1746.479923
1746.527314
1747.337544
1748.193894
1748.978524
1749.123604
1749.698642
1750.210929
1750.594232
1753.069568
1753.455780
1753.610650
1756.140626
1756.327608
1756.746260
1758.228275
1759.698985
1761.237934
1763.398410
1763.535503
1763.857900
1765.258609
1765.316731
1765.977620
1768.304558
1768.855962
1770.288087
1770.659308
1771.320730
1771.877335
1772.275343
1773.920870
1773.923369
1775.402476
1775.450399
1776.398828
1779.208233
1781.015798
1782.636954
1784.409416
1786.390569
1788.045804
1788.124201
1790.421197
1791.764234
1792.250921
1792.449823
1795.796828
1799.389716
1799.620608
1802.980516
1803.695309
1804.647956
1808.874168
1810.189804
1814.319268
1815.395000
1816.436613
1817.140552
1818.269778
1818.306888
1820.025897
1820.802212
1820.936274
1821.052682
1821.537485
1821.807534
1822.168556
1823.727739
1824.190546
1826.126930
1826.621440
1831.545610
1831.997194
1834.008125
1834.298450
1834.318193
1834.323722
1835.265475
1836.699935
1836.784476
1836.919112
1837.244457
1838.355866
1839.617516
1841.568113
1841.720238
1841.831240
1841.881743
1842.986189
1843.396526
1843.706143
1844.666204
1845.786255
1848.924283
1849.306808
1849.765437
1851.098276
1852.501361
1852.662661
1852.855869
1853.699686
1853.851689
1857.858519
1860.021166
1860.696883
1862.118359
1862.582026
1862.625526
1862.990275
1863.731077
1864.385167
1864.837079
1866.196050
1867.886510
1867.927716
1869.458391
1874.021581
1875.460547
1875.639869
1877.102100
1877.199831
1878.733455
1879.327662
1879.688069
1881.648579
1881.707397
1882.609336
1884.443116
1884.538020
1885.083689
1885.576192
1885.646643
1885.749740
1885.930701
1886.557676
1886.562918
1887.017083
1889.176084
1890.770739
1891.470377
1892.091085
1893.596201
1893.755331
1894.153052
1896.526275
1896.701092
1897.992684
1898.541916
1898.621215
1899.767030
1902.671585
1904.550134
1904.994263
1907.576545
1907.986145
1909.165629
1912.719729
1913.454019
1914.073825
1914.747208
1915.132027
1916.059075
1916.538143
1916.578857
1920.142828
1920.410870
1920.639508
1921.133609
1922.483036
1923.750093
1927.311196
1928.870257
1929.510666
1929.732055
1930.020127
1932.728934
1933.769810
1935.243592
1935.342961
1936.669041
1936.956744
1936.987382
1937.039565
1940.730102
1942.053110
1942.056755
1944.632320
1947.536425
1948.491244
1948.917883
1949.058294
1950.092206
1951.560049
1952.491069
1954.023956
1954.749112
1954.879570
1955.067372
1957.898035
1961.123103
1963.248026
1965.529252
1966.875075
1966.979236
1967.059354
1968.596337
1969.723597
1971.618898
1974.182625
1975.296205
1975.913759
1976.107336
1976.709202
1976.846213
1977.197937
1978.615316
1979.272724
1981.927793
1982.959084
1988.444856
1990.691103
1999.120015
2001.093509
2002.924749
2003.027640
2005.612954
2005.619139
2006.411264
2006.652723
2007.726981
2008.234926
2008.826429
2009.703383
2010.832118
2011.424891
2012.618383
2012.870205
2013.465354
2014.779597
2015.183995
2016.256573
2016.516628
2016.804168
2017.114481
2017.477140
2017.762714
2018.243871
2018.322186
2018.390548
2019.288883
2019.794534
2019.842171
2020.196475
2021.614060
2022.039142
2022.619750
2025.755812
2025.979986
2026.230866
2026.645750
2027.108311
2027.443200
2028.683018
2030.419026
2030.589174
2031.419843
2032.583516
2032.964157
2033.562788
2033.855652
2033.994506
2034.584699
2035.573228
2036.457226
2036.878213
2038.388900
2038.409175
2039.211991
2040.260116
2041.930179
2042.200924
2042.340844
2046.216274
2048.126403
2049.405338
2050.494587
2050.521129
2051.988275
2052.655759
2052.760740
2053.995520
2054.306488
2055.950172
2056.398971
2057.324462
2057.870131
2057.895977
2059.185766
2059.422310
2060.808315
2062.468301
2062.599496
2063.233393
2067.077407
2069.382595
2073.435587
2078.546289
2079.072051
2081.790484
2081.883709
2081.885921
2082.949939
2084.250829
2088.027914
2088.413676
2088.594104
2088.882749
2088.933704
2090.005135
2091.436605
2092.220744
2092.510618
2092.750356
2094.007869
2094.469530
2095.259935
2099.093422
2099.119596
2100.547502
2101.872927
2102.930678
2103.609467
2103.828275
2106.750157
2109.950403
2109.965681
2109.995704
2110.058660
2110.230282
2110.325760
2110.830838
2111.802368
2111.912714
2112.630825
2112.771973
2112.836772
2112.854958
2112.936264
2113.020764
2113.060495
2113.095393
2113.134674
2113.138156
2113.267794
2113.696154
2113.879491
2114.151588
2114.160681
2114.354749
2114.395218
2114.487869
2114.559508
2114.723512
2114.842214
2115.452887
2115.900006
2116.093501
2116.356751
2116.432404
2116.536566
2117.540946
2117.546271
2117.581742
2117.646868
2119.077765
2119.325082
2119.515054
2119.549297
2119.659766
2119.670579
2119.706255
2120.093123
2120.263434
2120.497562
2121.124004
2121.414574
2122.898514
2125.157335
2125.214556
2125.357261
2125.656351
2126.479155
2126.531994
2127.577702
2127.588762
2127.609160
2128.295608
2128.420946
2128.436838
2128.515523
2128.938721
2129.056399
2129.748091
2130.045010
2130.071716
2130.132255
2130.500895
2130.640077
2130.644705
2131.210977
2131.724288
2131.851715
2131.963044
2132.093460
2132.156744
2132.164608
2133.434614
2133.670052
2133.681725
2133.966438
2134.484705
2134.514606
2134.791086
2136.117576
2136.306074
2136.343757
2136.607744
2137.328845
2137.471877
2144.080773
2146.622669
2148.569006
2149.732762
2150.174392
2150.516408
2151.015547
2151.360471
2151.838966
2153.306235
2155.039785
2155.318600
