47.580283
47.686902
47.783281
47.883878
48.163922
48.812114
48.825426
49.054638
49.346560
49.667932
49.775329
49.917092
50.564465
51.120742
51.211715
51.377439
51.435848
51.617669
51.777659
52.006216
52.488315
52.618281
52.747469
52.810179
53.403034
54.368993
54.505472
54.702694
55.186555
55.333601
55.468769
55.706911
55.781908
55.870259
56.219443
56.356004
56.504975
56.640020
56.766915
56.832369
56.950948
57.308365
57.355264
57.579561
57.952584
58.679214
58.845061
58.969866
59.115602
59.409490
59.694981
59.838915
60.057272
60.230574
60.420219
60.530524
60.631941
60.647834
60.669706
60.823101
60.937626
61.041050
61.781770
62.484644
62.644142
62.969119
63.323382
63.533466
63.581635
64.082043
64.103342
64.141885
64.490865
65.180672
65.291510
65.442529
65.730314
65.805844
66.105139
66.177516
66.356142
67.452764
67.957473
68.002775
68.194140
68.283433
68.368138
68.385137
68.429046
68.535951
68.565033
68.739031
68.850647
68.948009
69.032591
69.098701
69.228544
70.396887
70.486589
70.698394
71.099884
71.295386
71.504937
71.740416
71.885660
72.612905
72.732140
72.946565
72.972698
73.255977
73.287352
74.750607
75.101676
75.419320
75.589960
75.866481
75.997102
76.134031
77.022822
77.603021
77.856645
78.168556
78.311916
78.396539
79.054397
79.136727
79.498199
79.906652
80.078971
80.357786
80.499753
80.915866
81.185137
81.278607
81.300562
81.308180
81.440891
81.513062
81.547059
81.631805
81.748500
81.994588
82.181161
82.414428
82.549309
82.622423
83.475866
83.628401
83.685253
84.125082
84.202906
84.217446
84.310671
84.329841
84.460175
84.552991
84.719739
84.802150
84.917617
85.137121
85.535703
85.613486
85.758157
85.992202
86.260654
86.367068
86.384599
86.723912
87.061955
87.244104
87.258030
87.347241
87.480648
87.569818
87.776174
87.834706
87.880049
87.986094
88.020951
88.150671
88.326390
88.571863
89.194988
89.592914
89.883361
90.028073
90.092012
90.129285
90.324419
90.518692
90.645586
90.683023
90.971136
91.110072
91.281859
91.377541
91.619656
91.637883
91.714068
91.773174
91.906007
91.914936
92.124119
92.256502
92.284068
92.453110
92.479857
92.530401
92.576358
92.616622
92.760228
92.852756
92.925542
92.969165
93.028516
93.168148
93.536461
93.757030
94.158152
94.398669
94.438523
94.482186
94.636401
94.705787
94.738104
94.795571
95.541043
96.533422
97.183416
97.316127
97.796137
97.965875
97.975009
97.990861
98.080276
98.101494
98.115707
98.389115
98.658673
99.053158
99.271188
99.448177
99.592028
99.734897
99.913687
100.116275
100.619264
100.857733
100.919009
101.057044
101.441618
101.474550
101.843845
101.948826
101.959352
102.146580
102.397379
102.758195
102.975406
103.170007
103.309353
103.328154
103.433994
103.558799
103.628472
103.727718
104.016364
104.217068
104.394793
104.581366
104.659681
104.865014
104.938537
105.196012
105.257943
105.386230
105.424650
105.526395
105.683763
105.707069
105.731850
105.885409
106.085622
106.271867
106.649641
106.802504
107.069030
107.162337
107.459543
107.633910
107.706696
107.799060
108.071731
108.800901
109.004800
109.329531
109.687685
110.289224
110.589829
110.805770
111.269356
112.226427
112.375972
112.506348
112.698040
113.018266
113.099940
113.171907
113.532150
113.892925
114.023219
114.395709
114.675835
114.931016
115.204669
115.214459
115.440108
115.492250
115.547873
115.649167
115.663503
115.800310
115.920118
115.948298
115.968492
115.976765
116.239032
116.391199
116.682875
116.953211
117.055447
117.130117
117.496300
118.168248
118.441206
118.807060
119.415235
119.608361
119.631544
119.739638
119.863173
119.972372
120.181965
120.302674
120.420721
120.554742
120.719606
121.099100
121.301934
121.633423
121.774285
121.876931
121.950167
122.207642
122.277847
122.461635
122.481050
122.518036
122.574152
122.595410
122.867139
123.558543
123.758961
123.915223
123.942052
124.249580
124.270920
124.509471
125.117276
125.205053
125.399532
125.425664
125.468549
125.565993
125.851402
125.956424
126.039777
126.118994
126.373929
126.894285
127.050465
127.177687
127.204884
127.422177
127.510077
127.596093
127.795814
128.188047
128.622838
128.638935
128.698491
128.842629
128.948265
129.077248
129.188495
129.510687
129.530880
129.573560
129.819976
129.996227
130.277540
130.346967
130.713149
130.877604
130.972221
131.192136
131.545539
131.711713
132.010557
132.251812
133.412168
133.504614
134.390047
135.169884
135.590298
136.111514
136.241152
136.369521
136.495718
136.616264
136.713052
137.192161
137.535201
138.221158
138.348462
138.499072
138.638254
138.682900
139.883766
139.909939
140.097331
140.426527
140.863816
140.982600
141.026304
141.193503
141.277471
141.986243
143.312896
144.039567
144.472433
144.952771
145.091011
145.941340
146.241577
147.393085
147.938263
147.961487
148.078019
148.959560
149.928223
150.275400
150.633595
150.931743
151.346217
151.450583
151.550075
151.800095
153.268101
154.211901
154.953892
158.423204
158.984724
159.506842
159.744819
160.108175
160.376914
160.685425
161.079951
161.274348
161.322189
162.425692
163.482665
165.208064
165.502771
165.933916
166.599762
167.527014
167.723581
167.845356
167.949476
168.621261
168.720630
169.269985
169.973842
169.992274
170.126664
170.529997
170.825114
170.856489
171.160248
171.469660
171.578573
171.735245
171.916861
172.243272
172.667617
172.943360
173.433610
174.040883
174.075904
174.348820
174.992466
175.200297
175.479972
175.723356
176.312279
176.923812
177.355899
177.518920
179.140813
179.561595
180.419174
181.144084
181.286625
181.382717
181.509325
182.348841
182.555443
182.761062
182.878781
183.086490
183.403397
183.692657
183.916421
184.147599
184.295219
184.541225
184.770765
186.569728
187.630797
188.074189
188.243395
188.371681
188.437463
188.661268
188.998369
191.062098
191.429468
192.185426
192.266076
192.330957
192.640123
192.668549
192.712049
193.171825
194.231050
195.366011
195.471155
195.900826
196.262339
197.122949
197.867848
197.905121
198.329057
198.454764
199.543153
199.961600
200.232468
200.361984
201.695846
202.683474
203.231027
203.912806
204.782469
206.347674
208.704676
208.774799
208.967885
209.060127
209.287578
209.809367
210.243994
210.362982
211.093381
212.434084
214.941737
215.512556
216.011899
216.109548
216.717640
216.856166
217.367634
218.035364
218.238976
218.305413
218.739098
221.505413
223.809905
223.939953
225.054843
225.207214
226.820547
228.424745
228.984381
229.479014
232.797020
234.315284
238.236221
239.841362
240.096092
242.492416
246.050365
246.772244
247.506821
248.756265
250.045563
253.097206
255.268618
256.780411
257.014252
257.295360
258.338734
264.771871
265.095987
266.150461
268.085576
269.512950
270.864548
271.681085
275.503759
277.276836
277.546230
278.081618
278.923837
279.089480
280.215347
280.831263
280.982528
281.181635
281.332285
281.565880
285.844234
285.913539
287.827476
289.879532
290.596004
292.785521
294.745702
296.934810
298.061783
298.870907
299.017585
304.738714
305.873838
306.080358
306.778194
306.814484
307.692134
307.894108
308.393165
309.973770
310.709985
320.627671
320.742728
320.775332
320.964403
321.043702
322.294743
322.628567
322.990572
324.500439
325.131346
326.118236
327.039631
327.532831
328.369070
328.729805
329.902367
332.673229
333.488988
333.652992
333.909811
334.052557
334.248305
334.864097
340.778762
341.338685
347.676672
348.332851
348.525732
351.076925
352.182149
354.404024
354.629509
358.046392
364.786770
365.847880
365.982556
366.096753
366.838006
369.710817
371.741655
371.917865
372.322755
373.626716
374.300795
375.030948
378.574193
379.161805
379.746386
380.180767
380.290949
380.403343
380.455158
380.877742
381.100810
382.121411
382.772142
383.176417
383.673221
388.033167
388.387676
393.792184
394.143089
394.476790
394.621665
403.643556
403.767255
404.284908
407.812833
410.616340
411.005665
411.562230
417.904640
418.533622
418.629755
421.507277
423.156040
428.474941
429.005087
429.083320
429.588357
429.715538
429.784351
431.540675
434.602394
437.978808
441.127076
449.559716
450.568356
456.168489
456.991171
459.436278
459.730166
459.847680
472.257044
474.307297
477.152707
483.598336
483.689185
484.934042
485.042217
485.169480
485.953454
486.071992
486.212035
486.438011
486.938952
487.004652
488.343142
490.373652
490.520371
493.309297
493.454582
494.130094
494.160282
497.342177
499.139871
501.418803
502.471393
505.668690
506.979287
507.578941
507.839078
507.979366
508.124733
508.408545
509.144883
510.447288
511.105925
511.351030
511.785247
512.652943
513.249853
515.956736
516.146954
518.567485
519.873044
520.561541
520.816026
521.395814
524.323758
526.002381
526.200873
526.329446
532.540785
532.577157
532.727521
534.098043
534.730097
534.917612
535.206175
537.204982
539.311104
542.694113
544.241869
548.102103
548.909015
549.267948
551.906058
551.982121
552.440873
553.308815
553.451356
558.249247
560.112722
560.217047
561.646715
562.080850
566.348063
567.617782
568.987034
570.363372
572.725862
572.837478
574.630420
577.023877
577.377526
579.076997
580.097270
580.337664
580.621599
580.968038
581.183898
581.596242
581.800837
581.805670
582.847283
584.601027
584.680612
584.774410
584.986583
585.570017
585.604588
589.556531
592.321495
592.785695
592.839066
592.939663
593.416888
593.559060
593.584906
594.749604
595.734897
595.884646
596.297523
596.502938
596.614062
596.779581
598.259671
598.892831
599.562035
600.629617
601.360835
602.486661
603.088937
604.382659
604.975800
605.380608
605.840302
606.017413
606.895718
609.507942
610.634916
610.810225
611.175670
611.377848
615.247503
616.218419
619.616829
619.876393
625.456865
627.510395
629.686804
629.760778
629.816893
629.973361
630.119916
633.488384
633.685279
692.366254
693.855068
694.149325
694.657024
695.450993
695.641334
696.246723
696.690074
697.008087
697.063055
697.066701
697.222267
697.632358
697.870459
698.422149
701.452083
701.844439
701.954580
702.141972
702.256169
702.391747
702.722417
703.630459
704.188006
704.253665
707.804897
709.120573
709.499986
709.662433
711.475814
712.337859
712.588698
713.881518
716.156232
717.234790
717.333750
717.529457
718.132675
718.402642
718.839316
721.239245
722.241905
723.633152
724.334592
724.519895
724.768031
725.313044
725.716746
726.494331
726.615982
728.151572
729.127363
729.406054
730.084434
730.241229
731.963433
733.928776
736.179364
736.542925
736.975176
737.154007
737.361060
738.310840
738.833777
739.188572
739.280773
739.686031
739.816202
740.720517
745.170698
749.318595
749.611540
750.143406
750.524662
750.580654
750.968381
751.386051
751.664169
751.791923
751.922463
752.127877
752.449290
754.244977
754.328863
754.452767
754.588180
754.823045
754.991677
755.337011
755.564995
756.085719
756.706058
756.831478
757.014979
758.030909
758.491791
759.030006
759.188685
761.173361
762.315366
770.935726
771.558154
771.911967
771.926508
771.963904
772.158546
772.272292
772.499210
772.631511
773.891441
774.248858
775.697859
776.783012
776.925798
776.963236
778.058465
778.640015
779.140055
779.210875
779.274568
779.317494
779.347640
779.355955
779.396260
779.416003
779.465196
779.503124
779.529175
779.557396
779.808727
779.818312
779.833549
780.230164
780.286484
780.507873
780.691702
780.994519
781.041787
781.205914
781.732864
782.346158
782.974157
783.109489
783.456379
783.749530
784.446956
785.553408
785.922826
786.772050
787.956490
788.085064
788.962877
789.330330
789.721293
790.607831
790.765732
790.940140
791.229972
791.399506
791.590257
791.781253
791.859732
792.078705
792.140759
792.283013
792.360387
792.626053
792.853504
793.489818
793.546711
793.560064
793.657631
793.713623
793.746227
793.783337
793.852477
793.956106
794.118554
794.363535
794.498335
794.757366
794.854277
795.150090
795.375739
795.961999
796.114371
796.382413
796.761252
796.894454
797.549158
798.178755
798.297784
800.737034
801.357332
804.642529
804.802847
805.009859
805.147238
805.465539
805.867930
805.919498
806.109143
806.416384
806.495027
806.678938
807.585178
807.772160
808.369029
808.726446
809.031967
809.299681
809.408184
809.522954
809.775104
809.879839
810.446029
810.564649
811.169423
811.328676
811.376189
811.473265
811.658772
811.767726
811.878031
812.124242
813.019914
813.465723
819.001426
819.232563
819.675955
819.798548
819.858309
820.030833
820.114842
820.424540
820.495360
821.110374
821.522309
821.633311
821.970084
825.033974
825.633833
825.904169
829.631078
830.023803
830.312366
830.577091
831.948349
835.136799
836.171858
837.054505
838.022472
841.789686
844.626084
845.049283
845.159711
845.207634
845.227991
845.598966
847.426601
851.545457
851.923804
853.605786
855.342162
856.309637
857.570714
857.900442
858.267771
858.500137
858.592829
859.057930
859.110400
859.413791
859.742208
859.964908
860.070093
860.795249
861.207757
861.413376
861.994271
862.092370
862.122967
863.792660
864.694067
865.534771
865.609196
866.764677
866.882109
867.039846
867.147244
867.617587
868.320379
869.265367
874.287841
874.383729
876.009513
880.540303
881.144218
884.019282
885.969060
888.953692
889.956106
890.450207
893.916037
897.498849
900.677509
901.046927
901.597020
901.766431
902.508790
904.135434
905.050112
906.180198
907.394744
908.576522
909.397688
913.562460
917.348229
917.761188
920.021443
923.808973
927.182889
927.811625
929.585725
932.253368
933.836718
936.944845
944.476324
947.337052
949.382349
952.446812
954.827489
957.811589
959.263949
960.180306
963.785277
964.748247
968.332861
968.521441
968.584847
968.850555
969.142149
971.261420
973.053747
973.155041
975.193825
977.205043
979.900621
980.248863
987.959337
988.213780
989.261660
989.350093
989.872292
994.759762
994.918482
1004.341658
1010.570445
1010.718351
1010.878259
1015.310295
1016.231322
1020.115190
1020.305162
1021.118423
1024.102851
1024.666952
1025.469440
1025.582490
1025.996390
1028.219740
1029.254758
1029.259182
1031.811031
1033.962168
1034.413670
1034.442260
1035.821097
1037.420995
1038.610227
1040.290120
1045.285356
1045.750047
1051.145052
1052.357632
1052.862669
1054.868808
1057.125499
1061.038858
1061.286134
1061.640888
1061.999247
1062.048072
1062.449152
1062.513213
1062.572360
1062.620611
1063.117865
1063.230751
1063.293542
1063.702815
1063.834255
1064.189870
1064.887992
1065.453937
1065.493545
1065.660170
1065.708052
1066.236396
1066.623386
1066.885366
1069.058662
1069.201613
1072.239534
1072.624312
1072.984146
1076.335370
1081.173156
1081.826099
1083.390157
1085.784883
1086.655611
1087.822029
1089.111572
1089.208320
1089.230971
1089.388257
1089.531904
1089.826693
1090.133565
1090.346639
1090.783519
1090.922045
1092.551844
1092.993393
1093.241283
1093.749924
1094.325903
1096.012677
1096.305787
1096.610652
1096.680735
1096.740618
1096.834908
1097.091318
1097.205432
1097.317704
1097.373614
1097.635062
1097.830932
1097.863496
1098.784358
1099.768054
1100.442214
1100.805407
1101.471621
1101.845299
1105.574502
1105.878467
1107.423437
1107.785933
1109.148795
1111.729357
1112.688886
1114.037207
1117.019054
1117.809869
1118.925128
1119.327519
1119.908413
1122.535260
1122.887557
1122.921841
1124.572037
1125.047583
1125.184430
1125.262295
1125.287240
1125.368668
1125.508055
1125.612012
1126.185861
1129.743565
1132.728402
1133.126083
1133.456630
1133.724508
1136.338084
1136.835297
1138.732360
1139.967386
1145.623347
1146.098934
1146.120233
1153.657815
1154.336154
1155.563069
1160.258355
1160.593408
1160.718664
1161.187082
1161.847644
1162.144850
1164.772598
1166.966702
1168.464978
1170.417869
1170.489303
1172.782367
1173.651333
1179.643781
1181.665812
1183.260017
1184.241254
1190.039593
1197.290168
1199.156552
1203.612140
1206.646702
1208.958976
1211.939676
1212.090163
1212.381921
1213.211484
1215.176008
1215.398994
1215.504425
1216.291676
1216.955843
1218.317353
1218.433393
1218.956411
1221.094482
1228.823020
1229.108756
1230.863606
1232.447119
1232.560660
1232.603587
1232.742113
1232.870113
1233.113047
1233.224622
1233.528340
1233.841521
1235.128812
1235.175342
1237.232108
1237.288387
1237.508997
1243.617362
1243.955077
1245.596221
1245.709312
1245.901537
1249.156219
1252.124262
1252.456776
1253.171118
1255.122698
1256.732631
1261.245727
1262.630093
1263.295406
1263.465718
1265.324360
1266.154127
1266.257920
1266.559345
1266.959811
1267.093750
1267.855770
1267.994173
1268.341064
1275.837030
1276.078326
1276.433818
1280.155730
1285.058765
1285.393408
1287.767900
1294.650081
1297.980703
1299.195617
1303.540204
1304.614011
1305.073091
1305.713664
1306.381189
1307.967119
1308.241265
1308.720087
1308.894126
1309.411820
1309.945283
1311.152579
1311.566561
1312.101622
1312.346849
1316.152320
1316.374118
1316.789780
1317.180416
1318.621798
1320.281375
1320.464302
1321.820406
1323.426406
1323.481416
1323.714806
1323.752284
1327.820759
1328.804987
1329.808753
1330.340168
1332.149084
1334.946898
1335.976960
1338.645463
1340.478136
1342.583767
1346.454651
1348.420690
1351.221166
1355.847229
1355.896095
1355.918868
1358.190346
1358.476165
1358.998446
1359.615058
1359.738798
1359.881789
1360.078152
1360.315023
1368.856084
1369.077924
1369.357763
1370.035200
1370.172580
1376.488161
1376.511877
1376.552018
1377.951539
1377.960387
1378.207826
1378.587116
1378.909635
1379.423068
1379.555738
1381.254595
1382.752502
1382.905979
1382.987653
1383.391805
1385.032008
1385.328148
1385.365832
1385.586278
1385.694249
1386.217185
1388.161720
1390.514012
1391.215534
1392.688620
1392.870728
1393.013228
1393.964114
1394.454774
1394.821243
1394.934743
1395.046236
1398.797517
1399.398769
1399.974461
1400.541880
1400.632730
1401.537946
1405.304750
1406.165524
1408.949043
1409.411850
1410.212577
1412.220436
1412.316160
1412.811162
1413.233213
1413.780890
1413.910159
1414.367027
1414.820291
1414.983762
1415.524639
1415.665910
1415.975813
1417.894216
1418.471055
1418.515251
1418.714604
1419.782799
1419.827651
1420.024340
1420.202148
1420.443402
1420.616827
1420.630057
1420.838666
1421.137469
1421.408297
1421.799342
1421.983416
1422.028554
1422.125711
1422.239826
1422.250107
1422.394204
1422.772060
1423.147500
1423.208530
1423.384044
1423.480177
1423.626322
1423.749120
1423.771034
1423.790940
1423.860859
1423.875154
1423.883756
1423.895552
1424.040223
1424.084050
1424.206561
1424.256614
1424.292168
1424.527852
1424.558653
1424.620175
1424.641434
1424.714875
1424.763044
1424.850657
1424.960307
1425.012777
1425.069711
1425.140531
1425.297695
1425.363681
1425.448960
1425.578148
1425.666335
1425.747313
1425.848934
1425.899315
1426.027479
1426.151301
1426.195743
1426.207457
1426.299126
1426.339840
1426.512937
1426.561229
1426.750464
1426.780447
1426.818826
1426.857697
1426.934497
1426.964890
1427.065160
1427.283313
1427.490693
1427.546194
1427.729654
1428.390052
1428.595999
1428.701225
1428.838687
1429.040701
1429.139251
1429.404180
1429.548892
1429.759631
1429.926134
1430.103941
1430.251602
1430.630318
1431.028818
1431.148298
1431.380337
1431.809761
1431.931372
1432.022221
1432.211579
1432.658739
1434.096312
1434.166026
1434.826834
1435.689001
1436.038267
1436.246344
1436.510372
1436.800082
1437.521920
1438.047519
1438.151598
1438.248591
1438.433321
1438.700913
1439.250145
1439.563162
1440.694723
1440.773571
1440.942408
1441.159864
1441.219461
1441.311785
1442.119967
1442.508964
1442.611282
1443.213967
1443.314156
1444.397588
1445.508874
1445.558477
1445.791662
1446.133187
1446.245130
1447.081042
1447.311688
1447.696876
1447.859528
1447.917896
1447.989289
1448.226079
1448.659395
1449.293169
1449.404170
1449.600410
1449.855386
1450.159636
1450.353254
1450.577674
1450.810900
1450.878648
1451.056333
1451.175199
1451.660452
1451.950408
1452.432548
1452.587745
1452.713615
1452.773622
1453.117358
1453.732618
1453.779927
1454.078239
1454.288445
1454.476042
1454.622106
1455.043748
1455.237366
1455.302533
1455.387566
1455.583027
1455.748137
1455.786025
1455.867044
1455.962931
1456.063283
1456.191529
1456.380355
1456.559636
1456.648602
1456.778240
1456.994796
1457.101824
1457.235927
1457.333330
1457.441669
1457.638113
1457.740145
1457.949614
1458.533171
1458.706145
1458.829722
1458.975498
1459.087032
1459.318211
1459.579453
1459.694346
1460.142735
1461.523210
1461.922038
1462.411510
1463.012680
1463.193518
1463.574815
1463.741358
1464.333435
1464.807260
1464.823439
1464.850350
1466.034545
1466.170286
1466.637681
1467.272069
1467.893350
1468.326830
1469.036134
1469.335183
1470.496031
1470.954250
1473.142497
1473.239532
1474.109645
1476.004905
1476.015514
1476.292936
1477.268398
1478.246605
1478.547825
1478.853755
1479.157883
1480.441733
1481.325363
1481.443328
1481.509274
1481.568420
1481.731809
1483.796726
1484.309135
1484.414321
1484.502958
1484.912927
1484.974858
1484.996567
1485.050798
1485.061693
1485.080003
1485.108634
1485.173555
1485.256294
1485.296271
1485.395149
1485.529702
1485.699113
1486.327808
1486.374748
1486.638981
1486.761329
1487.188296
1554.688901
1558.384968
1559.739802
1560.621015
1566.178509
1568.093143
1572.337377
1577.593242
1579.735695
1581.225083
1584.130703
1587.279217
1588.001587
1588.300882
1590.756270
1593.097708
1593.563791
1595.070710
1595.274527
1595.571077
1595.677655
1596.980265
1597.217300
1598.075453
1598.164746
1598.918328
1599.410176
1600.457236
1600.671908
1600.945357
1601.142415
1601.341809
1601.624924
1602.576507
1603.208643
1603.615703
1604.383416
1604.474839
1604.596982
1605.189755
1605.587108
1605.600297
1605.797478
1606.252831
1609.154519
1610.607452
1610.935501
1611.801764
1612.225290
1612.317819
1612.431196
1612.554281
1613.589135
1614.766490
1615.478292
1615.756534
1616.821576
1618.451456
1626.969129
1627.996733
1629.905469
1630.381670
1631.285617
1631.479603
1632.251085
1637.398241
1638.145106
1644.195594
1644.935864
1646.427423
1647.618130
1648.896778
1649.841562
1658.389914
1658.422477
1659.367137
1659.801477
1660.903547
1662.959862
1663.908045
1664.460349
1669.222482
1670.268723
1673.260769
1673.927721
1677.479977
1677.542523
1677.758136
1678.367048
1678.634803
1679.794053
1681.100431
1681.337385
1681.592730
1686.411223
1688.429691
1689.905521
1691.406950
1696.011837
1697.061233
1697.710899
1697.823498
1698.220073
1698.799329
1700.162888
1701.987901
1703.837245
1704.702034
1705.068052
1707.391590
1708.984033
1709.296108
1709.376594
1709.921853
1710.049239
1710.315274
1710.510653
1711.088435
1713.091789
1713.239450
1713.270702
1713.867530
1713.961206
1714.204590
1714.867159
1715.770614
1717.120901
1717.178163
1717.256643
1718.816399
1719.919452
1719.979008
1720.183808
1720.280105
1720.343020
1720.373002
1720.673362
1720.827372
1720.877343
1720.982364
1721.555927
1721.632645
1722.080911
1722.160497
1722.282025
1722.468680
1722.575913
1722.811474
1723.020083
1723.153654
1723.273748
1723.388396
1723.403960
1723.469496
1723.582382
1723.762033
1724.228280
1724.799713
1724.885320
1724.969697
1725.032899
1726.502830
1726.696407
1727.027528
1727.438316
1727.486116
1727.504548
1727.519334
1727.745638
1728.712335
1728.949412
1729.617428
1730.119025
1730.321572
1730.399355
1730.543534
1730.734981
1730.766889
1730.869125
1730.878996
1730.985452
1731.302932
1731.518177
1731.834348
1731.962225
1732.401971
1732.866007
1732.959191
1733.005763
1733.103821
1733.194629
1733.313413
1733.364490
1733.507441
1733.573632
1733.608325
1733.724897
1734.227845
1734.671442
1734.893691
1735.251354
1735.307141
1735.383327
1735.500349
1735.531151
1735.847117
1736.382382
1736.796856
1737.343140
1737.553920
1738.884833
1739.013079
1739.120435
1739.364024
1739.533926
1739.929928
1740.811796
1741.331333
1742.089462
1742.321910
1743.073075
1743.545098
1745.469727
1746.051523
1746.117018
1746.500731
1746.547466
1746.893578
1747.275121
1747.651297
1748.009697
1748.158587
1748.289577
1748.371538
1748.775281
1748.962304
1749.464228
1749.795635
1750.159237
1750.572851
1751.051878
1751.372718
1751.517716
1751.530332
1751.552983
1751.591322
1751.822500
1751.917036
1752.060682
1752.240660
1752.344945
1752.542740
1752.666563
1752.793129
1752.961925
1753.185935
1753.460613
1753.694249
1753.840067
1753.919939
1754.816717
1755.098235
1755.274977
1755.459666
1755.841208
1756.170609
1756.254577
1756.456714
1756.527534
1756.759900
1756.860457
1756.969329
1757.210092
1757.815603
1757.861356
1758.080164
1758.127759
1758.234173
1758.295491
1758.482391
1758.750392
1758.774477
1758.903050
1759.147172
1759.287050
1759.770911
1760.640860
1761.253868
1761.324114
1761.645773
1762.002862
1762.950185
1762.955428
1763.325501
1763.487826
1763.672146
1763.840451
1764.398858
1764.701307
1764.848640
1764.954685
1764.999741
1765.126922
1765.151252
1765.329347
1765.545738
1765.566587
1765.874647
1766.039716
1766.219448
1767.254057
1767.477125
1767.495188
1767.674388
1767.802184
1767.901471
1767.985807
1768.150876
1768.312422
1768.894546
1769.055191
1769.232630
1769.525699
1769.827492
1769.923666
1770.266255
1770.680525
1770.758554
1770.882785
1770.976543
1771.134689
1771.328266
1771.383398
1771.515167
1771.571814
1771.850097
1772.047606
1772.626207
1772.806062
1773.528515
1773.951140
1774.760837
1775.176253
1775.808553
1775.889285
1776.156959
1776.394281
1777.514578
1777.756979
1779.050250
1779.668337
1780.012278
1780.426998
1781.058929
1781.288059
1781.969551
1782.059213
1782.768067
1783.302308
1784.201052
1785.474499
1785.485967
1785.492111
1785.866240
1786.271334
1786.834657
1786.852475
1787.280876
1787.328471
1787.440988
1787.532902
1787.758469
1787.846328
1787.864269
1787.951882
1788.065833
1788.095734
1788.215091
1788.517007
1788.882452
1788.924355
1789.064724
1789.205176
1789.452861
1789.457531
1789.668762
1789.696655
1789.789716
1790.263419
1790.335631
1790.804664
1790.987796
1791.062671
1792.640492
1793.111818
1793.361060
1793.679114
1794.101166
1794.524078
1794.566881
1794.625782
1794.985738
1795.129221
1795.755008
1795.798794
1795.925893
1795.957309
1795.985818
1796.041892
1796.085924
1796.144947
1796.287119
1796.927898
1797.815542
1797.888901
1798.076785
1801.335726
1803.148943
1804.494807
1804.833669
1805.653729
1806.973911
1808.428769
1808.617308
1808.802447
1809.262920
1809.453138
1809.555702
1809.595269
1810.266194
1810.487419
1810.671780
1812.043366
1812.140196
1812.916224
1814.213181
1814.436864
1814.518497
1814.602383
1815.222190
1816.099717
1816.559165
1816.889672
1816.896225
1818.560799
1819.281818
1820.075500
1820.817695
1821.241139
1821.652500
1821.873562
1821.896212
1821.967647
1822.148895
1824.022118
1824.216433
1824.224748
1824.883016
1825.255711
1825.417748
1825.602601
1825.980006
1828.018790
1828.379402
1828.505641
1828.777574
1830.509117
1831.740539
1831.804273
1831.999242
1832.151081
1832.601231
1832.745042
1834.330358
1835.914895
1836.036588
1836.969206
1837.262807
1837.384868
1837.599334
1837.603963
1838.446674
1838.481940
1838.832230
1838.956749
1839.162450
1839.203492
1839.546204
1839.651676
1839.971123
1840.003973
1842.253414
1842.686116
1843.538289
1843.831849
1844.946616
1845.639127
1845.973893
1846.236815
1846.905733
1846.939443
1847.303209
1847.446610
1847.704617
1848.140923
1848.460739
1849.055027
1849.452626
1850.509066
1850.733978
1851.371807
1851.741225
1852.129526
1852.734054
1852.880650
1853.284721
1853.463101
1853.626163
1853.850665
1853.956669
1854.021796
1854.299054
1854.310851
1854.765588
1854.780088
1854.789550
1855.057715
1855.205458
1855.610552
1855.994429
1857.606451
1857.755054
1858.072330
1858.580111
1858.683412
1859.695944
1860.018913
1860.376371
1860.713226
1861.237555
1861.283717
1861.380342
1861.783593
1862.056960
1862.070845
1862.190858
1862.495232
1863.451034
1864.725545
1864.931615
1864.961352
1865.032417
1865.263104
1865.732792
1865.850184
1866.586194
1867.511153
1867.764449
1867.774935
1868.279030
1868.435374
1868.807496
1868.833710
1869.113917
1869.435740
1869.480059
1869.881713
1870.396908
1870.776525
1871.003730
1871.210496
1871.259894
1872.577741
1872.580977
1873.200865
1873.278362
1873.500938
1873.741005
1874.159780
1874.402918
1875.694551
1877.005476
1880.279572
1881.097789
1883.163238
1883.430011
1884.174131
1884.265431
1884.451881
1884.504678
1884.949791
1885.588111
1885.913211
1886.309827
1886.569103
1887.348736
1887.707177
1888.710205
1888.810803
1888.930939
1889.068032
1889.092280
1889.719255
1889.764803
1890.075771
1890.551972
1890.773565
1891.070853
1891.314934
1891.820544
1891.954565
1892.698685
1892.927898
1893.344297
1893.405819
1893.756477
1893.992161
1894.729359
1895.526236
1895.760077
1896.275313
1896.286372
1896.513085
1896.611471
1896.870420
1896.933949
1897.533112
1897.895281
1897.944146
1897.997722
1898.014147
1898.283868
1898.572472
1898.597949
1898.897080
1899.079557
1899.270676
1899.289969
1899.314954
1899.787469
1899.937587
1900.213002
1900.238029
1900.412682
1900.851773
1901.080945
1901.722870
1902.254121
1902.561403
1904.109568
1904.760300
1905.634058
1906.584289
1906.782740
1906.803917
1906.992865
1907.423437
1907.764920
1908.318577
1908.328653
1908.879360
1908.908360
1909.105336
1909.234319
1909.755126
1909.937193
1910.244844
1910.470984
1910.574653
1910.671114
1910.730957
1910.938173
1911.091610
1911.247954
1911.535411
1911.845724
1912.144077
1912.324547
1912.435057
1912.462213
1912.575181
1912.926044
1913.327616
1913.680241
1913.922683
1914.043351
1914.142310
1914.360709
1914.464461
1914.556580
1914.683474
1914.961797
1915.248763
1915.554980
1915.650376
1916.421243
1916.752814
1916.858860
1917.054116
1917.389496
1917.509960
1917.600563
1917.898711
1917.971620
1918.073446
1918.088397
1918.459576
1918.557880
1918.749164
1919.438848
1919.745270
1919.862702
1920.457318
1920.556360
1920.749814
1920.842301
1920.981647
1921.006141
1921.076879
1921.177682
1921.348813
1921.538949
1921.613537
1921.705615
1921.823089
1922.101740
1922.387476
1922.495652
1922.648556
1922.781061
1923.183739
1923.804979
1923.970007
1924.215235
1924.406682
1924.510188
1924.688937
1924.929536
1924.986798
1925.124669
1925.295391
1925.661655
1925.768438
1925.987041
1926.656123
1926.787400
1926.989824
1927.281869
1927.391846
1927.673201
1928.029348
1928.247706
1928.377631
1928.520786
1928.644280
1928.929321
1929.105039
1930.287350
1930.381517
1930.498785
1930.776044
1930.885693
1931.055063
1931.127767
1931.149230
1931.202068
1931.607204
1931.905556
1931.996119
1932.562473
1932.676997
1932.738355
1932.989891
1933.138616
1933.314212
1933.484605
1933.721149
1933.879009
1934.504141
1934.672159
1934.756782
1934.842552
1934.960558
1935.192515
1935.481569
1935.813468
1936.151306
1936.363274
1937.318789
1937.539236
1937.673667
1938.463334
1939.473859
1940.639785
1941.032837
1941.077115
1941.219820
1941.591081
1942.348882
1943.267287
1944.587264
1945.264497
1945.614336
1947.592704
1947.707023
1947.963761
1948.055142
1948.803645
1949.360210
1949.465723
1950.990705
1951.131156
1953.329193
1953.522237
1953.928602
1954.110464
1954.662195
1954.874737
1955.009946
1955.243213
1955.329679
1955.755500
1956.493271
1957.368381
1957.581251
1959.410115
1959.704248
1960.086200
1960.687084
1961.003786
1961.250570
1961.666232
1961.689620
1962.130227
1962.868040
1963.328389
1963.446313
1963.826545
1964.079063
1964.268913
1964.537487
1964.888719
1965.084262
1965.180191
1965.384991
1965.640253
1965.726515
1965.817610
1966.437376
1966.600765
1966.623498
1966.842020
1966.864916
1966.961582
1967.124644
1967.286354
1967.556076
1967.807324
1968.242278
1968.430612
1969.894277
1970.351677
1970.652324
1970.710241
1970.832998
1971.130778
1971.163095
1971.390833
1971.712369
1972.330414
1972.653466
1972.747510
1973.327462
1973.760778
1973.998633
1974.485402
1974.558679
1974.649979
1974.692577
1974.704947
1974.724485
1974.912655
1974.967828
1975.207117
1975.544013
1977.105777
1977.295380
1977.609708
1978.008003
1980.205220
1980.299469
1980.677857
1980.751217
1981.825311
1982.039777
1982.221230
1982.439834
1983.292908
1983.490908
1983.616041
1983.715246
1983.728435
1983.925412
1983.978742
1984.125624
1984.332145
1984.420209
1984.558162
1985.077617
1985.282990
1986.067620
1986.540462
1987.335578
1987.436380
1987.613082
1987.703808
1988.103537
1988.584776
1989.099356
1989.529395
1989.613732
1989.761638
1989.865185
1990.095995
1990.243041
1990.488596
1990.741115
1990.850806
1991.011656
1991.112458
1991.132570
1991.211213
1991.356744
1991.577313
1991.707730
1992.036598
1992.293540
1992.379064
1992.453284
1992.541266
1992.624988
1992.804024
1992.920023
1993.647555
1993.766093
1994.869391
1995.907727
1996.088279
1996.396749
1996.484936
1997.458473
1997.622804
1997.914194
1998.006600
1998.579958
1999.285453
2001.667441
2001.958216
2002.049679
2002.368102
2003.579781
2003.940762
2004.036731
2004.224573
2004.360233
2004.503142
2005.004698
2005.284905
2005.507195
2005.640684
2006.070436
2007.726162
2008.269824
2008.919245
2009.041674
2009.171231
2009.498870
2010.110157
2010.289316
2010.315080
2010.492682
2010.739384
2011.015782
2011.554857
2011.829125
2012.249702
2012.578488
2012.877824
2013.692969
2014.145372
2014.466990
2015.060132
2015.795364
2015.997788
2016.017080
2016.590193
2016.819159
2017.304084
2017.400095
2018.053693
2018.177638
2018.391491
2018.636308
2019.113943
2019.381043
2021.115331
2021.947064
2024.945377
2025.536061
2025.693430
2027.657830
2027.905720
2027.936686
2028.066406
2028.311552
2028.776366
2029.702431
2029.832929
2030.011146
2030.264115
2030.477353
2030.937170
2031.352586
2031.569797
2031.644344
2031.731876
2031.841321
2031.961580
2032.157286
2032.374129
2032.677601
2032.934912
2033.160806
2033.359299
2034.174689
2034.413937
2034.540831
2034.596741
2034.690458
2034.768036
2035.243950
2036.108861
2037.380465
2037.730918
2037.782979
2037.944730
2038.297641
2038.317875
2038.554501
2038.867681
2038.944727
2039.061135
2039.291412
2039.480852
2039.634780
2039.837819
2040.152474
2040.274248
2040.305091
2040.397742
2040.471060
2040.907366
2041.206497
2041.226117
2041.298002
2041.395077
2041.978388
2042.200228
2042.322207
2042.385162
2042.952540
2044.061614
2044.130918
2044.593480
2044.659548
2044.884009
2045.148201
2045.365740
2045.413581
2045.604086
2045.725901
2045.750600
2045.855212
2045.969818
2046.237409
2046.311793
2046.464737
2046.637752
2046.662656
2046.675026
2046.723564
2046.741053
2046.844477
2046.895923
2047.020769
2047.103672
2047.866880
2048.180511
2048.274145
2048.640614
2048.768205
2048.811663
2049.565041
2049.717740
2049.854054
2050.387517
2050.753618
2050.925404
2051.028173
2051.094569
2051.191808
2051.343524
2051.412664
2051.631473
2052.002447
2052.172636
2052.238664
2052.365271
2052.519322
2053.653176
2053.954683
2054.107013
2054.382920
2054.553518
2054.668698
2054.939238
2055.051960
2055.180001
2055.494492
2056.129618
2056.382464
2056.628675
2056.659558
2056.835195
2056.944271
2057.281167
2057.431818
2058.234020
2058.748477
2059.309384
2059.546337
2060.449014
2060.507546
2061.513892
2061.725409
2061.768909
2061.875732
2061.936108
2061.947617
2062.369178
2062.734049
2062.786642
2063.409357
2063.500616
2063.962726
2064.431063
2064.674365
2064.721633
2065.414472
2065.617265
2066.770862
2066.860933
2067.035464
2067.200082
2067.458253
2067.740672
2068.267254
2068.333609
2068.482048
2068.625449
2069.632369
2070.015386
2070.190121
2070.394716
2070.748733
2070.868419
2070.960456
2071.227679
2071.250289
2071.625851
2071.747256
2072.243405
2072.267776
2072.677868
2073.207112
2073.620931
2073.800786
2073.843917
2074.559775
2074.820362
2074.938860
2075.062968
2075.172864
2075.373158
2075.651318
2075.895849
2076.025979
2076.056781
2076.379464
2076.489564
2076.777554
2077.225738
2077.352100
2077.557924
2077.903340
2078.032773
2078.195876
2079.344067
2079.890719
2080.101581
2080.171008
2080.524902
2080.643932
2080.750838
2080.765911
2080.911196
2080.959693
2081.109484
2081.141473
2081.169449
2081.262674
2081.485988
2081.495204
2081.683907
2082.295153
2082.444165
2082.518344
2082.739814
2082.866053
2083.261153
2083.518423
2083.779215
2083.950019
2084.050002
2084.270735
2084.478566
2084.906885
2084.979630
2085.190861
2085.444403
2085.562941
2085.682299
2085.881610
2085.951201
2086.777897
2086.912123
2087.046717
2087.637647
2087.979459
2088.425841
2088.519680
2088.611553
2088.650056
2088.871813
2088.999404
2089.297961
2089.315451
2089.451602
2089.615892
2089.908183
2090.356285
2090.466099
2090.532700
2090.640712
2090.720010
2090.801603
2090.911252
2091.931034
2092.334285
2092.457697
2092.522619
2092.547318
2092.621660
2092.692316
2092.842926
2093.019464
2093.202145
2093.406249
2093.573775
2093.613343
2093.820027
2093.950607
2094.191084
2094.314783
2094.457446
2094.595441
2094.641398
2094.785290
2095.089992
2095.275254
2095.302328
2096.119112
2096.181248
2096.300114
2096.467640
2096.627876
2096.729743
2096.839762
2097.075077
2097.150607
2097.381253
2097.486971
2097.627996
2097.766687
2097.809162
2097.892270
2098.077737
2098.169569
2098.476605
2098.508022
2099.355238
2099.699302
2099.939492
2100.133642
2100.232479
2100.350280
2100.461240
2100.633068
2100.983890
2101.270692
2101.857894
2101.885624
2102.036849
2102.178447
2102.199665
2102.419005
2102.855516
2102.982328
2103.203840
2103.411139
2103.465411
2105.140347
2105.385861
2105.860956
2105.984246
2106.200310
2106.638787
2106.743071
2106.912276
2106.942177
2107.108229
2107.169874
2107.543839
2107.641610
2107.666268
2107.803812
2108.127642
2108.287590
2108.338586
2108.705751
2108.784108
2108.848333
2108.973834
2109.335798
2109.549322
2109.616906
2109.689446
2110.039941
2110.182769
2110.289879
2110.331863
2110.454866
2110.695711
2110.749737
2110.810931
2110.918533
2111.012495
2111.344394
2111.452283
2111.720284
2111.851520
2111.893791
2111.924060
2112.053699
2112.322724
2112.508436
2112.555213
2112.637624
2112.706560
2112.738263
2112.844145
2112.884122
2113.289175
2113.569178
2113.779712
2114.290565
2114.699223
2114.902999
2114.910167
2115.344261
2115.463864
2115.685048
2115.778806
2115.806413
2116.127908
2117.250417
2117.282570
2117.472092
2118.253240
2118.348718
2118.794281
2119.172014
2119.446979
2119.534100
2119.758766
2120.687493
2121.432596
2121.632481
2122.177987
2122.401997
2123.015332
2123.196580
2123.435827
2123.525243
2124.169216
2124.366234
2124.550144
2124.617974
2124.723077
2124.860621
2125.050757
2125.226844
2125.552476
2125.642138
2125.716152
2125.776896
2125.797540
2125.846692
2125.896253
2125.966377
2125.984604
2125.994271
2126.341857
2126.373806
2126.450360
2126.586143
2126.646927
2126.658355
2126.699028
2126.783324
2126.914888
2127.119729
2127.249654
2127.506350
2127.833580
2127.876260
2127.893217
2127.972188
2128.060170
2128.159949
2128.186491
2128.283279
2128.355328
2128.509420
2128.593797
2128.729539
2129.058406
2129.117389
2129.176044
2129.280819
2129.405420
2129.637417
2129.941504
2130.053734
2130.167726
2130.258657
2130.309489
2130.458337
2130.793144
2131.003310
2131.212780
2131.498721
2131.632456
2131.787858
2131.868140
2132.115702
2132.167844
2132.475331
2132.649738
2133.034230
2133.114143
2133.259264
2133.549343
2133.665300
2133.817958
2133.913846
2134.000804
2134.496338
2134.623232
2134.755451
2135.204536
2135.475200
2135.617741
2135.754301
2135.853711
2136.263844
2136.352358
2137.067520
2137.177620
2137.273917
2137.376604
2137.453568
2138.213908
2138.491208
2138.686546
2139.108721
2139.178394
2139.226235
2139.539538
2139.633295
2139.926282
2140.399944
2140.609659
2140.713820
2140.887368
2141.003325
2141.133251
2141.365002
2141.560586
2141.674332
2141.912596
2142.062469
2142.166139
2142.229422
2142.286889
2142.601462
2142.631076
2142.952817
2143.087206
2143.366185
2143.414149
2143.614116
2143.719875
2144.020070
2144.287416
2144.420823
2144.957440
2145.041531
2145.119519
2145.192796
2145.374781
2145.463337
2145.714094
2145.758454
2145.860690
2145.945231
2146.030019
2146.210939
2146.297283
2146.426962
2146.597192
2146.810675
2146.946212
2147.106406
2147.274056
2147.623608
2147.958948
2148.046930
2148.309115
2148.363674
2148.378747
2148.541522
2148.654612
2148.705403
2148.742922
2148.852204
2149.168087
2149.309891
2149.483356
2149.537382
2149.639823
2149.665219
2149.772329
2150.402826
2150.418350
2150.513500
2150.648463
2150.887793
2151.294812
2151.325614
2151.574446
2151.722639
2151.813980
2151.890698
2151.913144
2152.008090
2152.287846
2152.360059
2152.482652
2152.711987
2152.801567
2152.828764
2152.958198
2153.505833
2153.657999
2153.817661
2153.992806
2154.400072
2154.456310
2154.550190
2154.766746
2240.649216
2240.677315
2241.961533
2242.064998
2242.255954
2242.404762
2242.553283
2242.602271
2242.707456
2242.803425
2242.843197
2243.135160
2243.232563
2243.292733
2243.328000
2243.562004
2243.582566
2243.818373
2243.843482
2243.901645
2244.049797
2244.095836
2244.318208
2244.360684
2244.435927
2244.584161
2244.807107
2245.202084
2245.671444
2245.962998
2246.048195
2246.120202
2246.162678
2246.325821
2246.586122
2246.779331
2246.887096
2246.902907
2247.260733
2247.403602
2247.636296
2248.082473
2248.152023
2248.247050
2248.309637
2248.623227
2248.657060
2248.671109
2248.755077
2248.858092
2249.031598
2249.198756
2249.286820
2249.297510
2249.313157
2249.584230
2249.808077
2250.046505
2250.382418
2250.449019
2250.835640
2250.866319
2250.970153
2251.428086
2251.461673
2251.488748
2252.135793
2252.507341
2253.062676
2254.083604
2254.445036
2255.206031
2255.368602
2255.453716
2255.462441
2255.634063
2255.753052
2256.373432
2256.468419
2256.609403
2256.632218
2257.050583
2258.064671
2258.527724
2259.154330
2259.637494
2260.220477
2260.325745
2260.492780
2260.990894
2261.113446
2261.306982
2261.314109
2261.565727
2261.629665
2261.660058
2261.717524
2261.900984
2262.387876
2262.868992
2263.083540
2263.892787
2264.581489
2266.220790
2266.373898
2267.481334
2267.676058
2268.592824
2268.708127
2268.721275
2268.958392
2269.284475
2269.325967
2269.432832
2269.845340
2270.158438
2270.327685
2270.442660
2270.592860
2270.810440
2271.042273
2271.121531
2271.458427
2272.162570
2272.408207
2272.641270
2272.725361
2272.931594
2273.368965
2273.659945
2273.753334
2273.779384
2274.199306
2274.283602
2274.339758
2274.480456
2274.858394
2275.098788
2275.326075
2275.434496
2275.744522
2276.196762
2276.779090
2276.957594
2277.105582
2278.340690
2278.529065
2278.743122
2278.850396
2278.949560
2278.981632
2279.113482
2279.439278
2279.484867
2279.725916
2280.047985
2280.524882
2281.877791
2282.015334
2282.254705
2282.416701
2282.875044
2282.938900
2282.960568
2283.804836
2284.097249
2284.242043
2286.553416
2288.185426
2293.638676
2293.799731
2294.898278
2295.007601
2295.170949
2295.431332
2295.468892
2295.931126
2296.067318
2296.300380
2296.694006
2296.810332
2296.890286
2297.969910
2298.728817
2300.223242
2300.506849
2300.821422
2302.340915
2302.515692
2302.803108
2303.672852
2303.757476
2303.998198
2304.153559
2304.384819
2304.628408
2304.679199
2304.712376
2305.225482
2305.340867
2305.447281
2306.179441
2306.509824
2306.781061
2306.980332
2307.162194
2307.594158
2307.636593
2307.824148
2308.094730
2308.294328
2308.425114
2308.805591
2308.935762
2309.005926
2309.080924
2309.161411
2309.284905
2309.317509
2309.454643
2309.669396
2309.737677
2310.156247
2310.848471
2311.056056
2311.138509
2311.332577
2312.131461
2312.505057
2313.001984
2313.715384
2314.647388
2315.052892
2315.103969
2315.168645
2315.628790
2316.402360
2316.704686
2317.137347
2317.691986
2317.905756
2318.107689
2318.169457
2318.274314
2318.383186
2320.112558
2320.217702
2320.231260
2320.315638
2321.100431
2321.398661
2323.709706
2324.147978
2324.894597
2327.540408
2327.845396
2328.159478
2329.267528
2329.600737
2329.831301
2330.167296
2330.706166
2331.034132
2331.336294
2332.472607
2332.795453
2334.330184
2335.580242
2336.491684
2336.773530
2336.799703
2336.977592
2337.177600
2337.434624
2338.232975
2339.328082
2339.825869
2340.133765
2341.189263
2341.932032
2342.964716
2343.411794
2343.546921
2343.664845
2344.661115
2344.766136
2344.893276
2345.125929
2345.233162
2345.659269
2345.749176
2345.906012
2346.108764
2346.431775
2346.760520
2346.954383
2347.102577
2347.421204
2347.556086
2347.648942
2348.133499
2348.509880
2349.046211
2349.249004
2349.407887
2350.188790
2350.422794
2350.505329
2350.925660
2351.147704
2351.252398
2351.454904
2351.668552
2352.274801
2352.620995
2353.255260
2353.815634
2353.884078
2355.013059
2355.693199
2355.731087
2356.054385
2356.275937
2356.336517
2356.646543
2356.824187
2357.319680
2358.220800
2360.018289
2361.064612
2361.196380
2362.961961
2363.246060
2363.340472
2363.401421
2363.484692
2363.538063
2363.589468
2363.697684
2363.981578
2365.372334
2365.621043
2365.811999
2365.976330
2366.318182
2366.607073
2366.946468
2367.097201
2367.390188
2368.845619
2369.254400
2374.364283
2377.741394
2378.294845
2379.649475
2380.173230
2380.268585
2380.387656
2381.483704
2383.144509
2383.421153
2383.661138
2384.313262
2384.648479
2385.373921
2386.312438
2386.879611
2386.964357
2387.273155
2387.813704
2389.082030
2389.197947
2389.316895
2391.728374
2394.127114
2394.413670
2394.632110
2398.022124
2398.132920
2398.213079
2398.368809
2398.572626
2400.203776
2400.272835
2400.427213
2400.865690
2401.248911
2401.460797
2401.548247
2401.720156
2402.008269
2402.068152
2403.037307
2404.509942
2404.692951
2405.097349
2405.294694
2405.536604
2405.714289
2405.812347
2405.871411
2406.132490
2406.139904
2406.327747
2406.432727
2406.738616
2407.240008
2408.023818
2408.812052
2409.446892
2409.593651
2410.042532
2410.392207
2410.728407
2410.914857
2410.933658
2411.030692
2411.227054
2411.962696
2411.972035
2412.133007
2413.481820
2414.038385
2414.223401
2415.209103
2415.304704
2415.577293
2416.146063
2416.432620
2416.978534
2417.150812
2417.637335
2418.315633
2418.423030
2419.567985
2420.674109
2421.601444
2423.025828
2424.120812
2424.415805
2425.419407
2426.744422
2428.428329
2428.550513
2429.243023
2429.282509
2429.338501
2429.406454
2432.487875
2432.499753
2432.764477
2432.772792
2432.978780
2433.438843
2434.096701
2434.738094
2435.512074
2435.962716
2436.289454
2436.389601
2436.870308
2438.246687
2438.641254
2439.082762
2440.070021
2440.074854
2440.250778
2441.307464
2441.483919
2441.642803
2441.801400
2441.903186
2443.168727
2444.604047
2445.121905
2445.132145
2445.140419
2445.417308
2445.603717
2445.761495
2445.861315
2445.926031
2446.036746
2446.134764
2446.151066
2446.458307
2446.474363
2446.587044
2446.997135
2447.289303
2447.354921
2447.640289
2447.802409
2448.078848
2450.803876
2450.971894
2451.889316
2452.184801
2452.366131
2453.583995
2454.276547
2454.481469
2454.767206
2455.136420
2455.168328
2455.199949
2457.084723
2458.369802
2458.440540
2458.831626
2459.477115
2459.537490
2460.534252
2461.167698
2462.717870
2463.865979
2465.743094
2466.029322
2466.485944
2466.849997
2467.480371
2467.752223
2467.905208
2468.079780
2470.214369
2474.993582
2475.139523
2481.101128
2484.903690
2490.486374
2491.912806
2495.944663
2497.134387
2504.263762
2510.111867
2514.442158
2517.056471
2517.819720
2518.914990
2521.557524
2524.851364
2525.469655
2528.993034
2529.654579
2531.198771
2531.222323
2531.640320
2531.651092
2533.069087
2534.288916
2537.665577
2537.670820
2538.068746
2543.836324
2544.523264
2544.902472
2546.312684
2547.610747
2549.266801
2550.250004
2550.346097
2550.380257
2552.650138
2553.211044
2553.796526
2554.328515
2557.563658
2557.788283
2558.425784
2558.650860
2558.735770
2558.848614
2559.423160
2560.127058
2561.294213
2562.088919
2563.010519
2565.371658
2565.488558
2566.021734
2568.422031
2568.584602
2569.143910
2571.059692
2571.231232
2572.773007
2573.004145
2573.311222
2573.743104
2573.860577
2574.728970
2574.903460
2575.034860
2575.279391
2575.439340
2575.580488
2576.414597
2576.523674
2576.564879
2576.606945
2577.428849
2577.441505
2577.838572
2577.962025
2578.214461
2578.975048
2579.087360
2582.825370
2583.479788
2584.205435
2585.556910
2586.034831
2587.041833
2587.318886
2587.856896
2588.003410
2588.656886
2589.765018
2591.060214
2591.628493
2591.654257
2591.896658
2592.407347
2594.941010
2595.392389
2596.354908
2596.452598
2597.320335
2597.360968
2597.948498
2598.061957
2598.145679
2598.762824
2599.386194
2599.720387
2601.775104
2602.326467
2603.223409
2603.521884
2604.413338
2604.782100
2605.171180
2605.952369
2606.314168
2606.761574
2607.833539
2607.875195
2607.982264
2608.119480
2609.379901
2610.906604
2611.219538
2611.249398
2612.850811
2613.669192
2616.856453
2617.233900
2618.135716
2618.141737
2618.162012
2618.237420
2618.294845
2619.524833
2619.640422
2620.565012
2620.732662
2621.910999
2623.043830
2623.740518
2625.304207
2631.966679
2632.182415
2632.522506
2632.529469
2632.641454
2633.124413
2633.349571
2635.326751
2635.331420
2635.353825
2635.390689
2635.431199
2635.447337
2635.766497
2635.958600
2636.765471
2636.779684
2637.126287
2637.345055
2637.698458
2639.015035
2639.284634
2639.310479
2640.489718
2643.234611
2643.255460
2646.066708
2646.183117
2647.648338
2648.137605
2648.557896
2649.612575
2650.069156
2650.336707
2651.104092
2651.335557
2651.628462
2652.707185
2652.843827
2653.951427
2655.012127
2655.018516
2657.004380
2657.098260
2657.993196
2659.303260
2660.603412
2661.139292
2661.214659
2661.227848
2662.741934
2666.074726
2666.635018
2666.888724
2667.051295
2667.231109
2667.707392
2668.090532
2669.610025
2669.851075
2673.201521
2673.525555
2673.530675
2673.545994
2674.366751
2674.378138
2675.179561
2675.283395
2675.288392
2677.002772
2677.018173
2677.130568
2678.170952
2682.158203
2682.565427
2685.360292
2686.150124
2687.750717
2693.766144
2695.640146
2696.035328
2696.833843
2699.933000
2701.083894
2701.316874
2702.033510
2703.264358
2705.346519
2705.360814
2706.448876
2706.514985
2707.031900
2707.129508
2707.444941
2707.497288
2708.345037
2708.782940
2708.957307
2709.059297
2709.105623
2709.184184
2709.480735
2709.698888
2710.154854
2710.364611
2710.376571
2710.392381
2710.397747
2710.580306
2711.494738
2712.111800
2712.698921
2712.892088
2713.166438
2713.281208
2713.918259
2714.083533
2714.160988
2714.359726
2715.404247
2715.517460
2715.824701
2717.307167
2717.618504
2717.899653
2717.943808
2718.033592
2718.628086
2718.707835
2718.773862
2718.922711
2719.652659
2719.740068
2720.174694
2721.342505
2721.376502
2721.676739
2721.937900
2723.448955
2723.738460
2723.956982
2724.014121
2724.172595
2724.188815
2724.345815
2724.442071
2724.561920
2724.805714
2725.035418
2725.369692
2725.694423
2725.757338
2725.803827
2725.833482
2725.945876
2725.959598
2726.144123
2726.330941
2726.375260
2726.464102
2726.480364
2726.695485
2726.808166
2726.962135
2727.028244
2727.144980
2727.185203
2727.327007
2727.528612
2727.602545
2727.768883
2728.013128
2728.256840
2728.396800
2728.428708
2728.587469
2728.622735
2728.677294
2728.804434
2728.892908
2729.095250
2729.174999
2729.248768
2729.334825
2729.486828
2729.565143
2729.790218
2729.879470
2730.019758
2730.110812
2730.238075
2730.768957
2730.923254
2731.094016
2731.199078
2731.293123
2731.365089
2731.394867
2731.431895
2731.538555
2731.578778
2731.623547
2731.747697
2731.862467
2732.252611
2732.325069
2732.457697
2732.480553
2732.495790
2732.587950
2732.819251
2733.060915
2733.265142
2733.442089
2733.613998
2733.749125
2733.949010
2734.192558
2734.575821
2734.750228
2734.858363
2734.875116
2734.916813
2735.246541
2735.547515
2735.853158
2735.935447
2735.981937
2736.080118
2736.217661
2736.542884
2736.831283
2736.921272
2737.051197
2737.232732
2738.128691
2738.574664
2738.897961
2738.945188
2738.974761
2739.512279
2739.562865
2740.964762
2741.164483
2741.407580
2741.508506
2742.298870
2742.394143
2742.617211
2747.670077
2747.760681
2748.235776
2749.250355
2749.394248
2750.079959
2751.047762
2752.276029
2752.488489
2752.840294
2753.117430
2753.302077
2753.414758
2753.684152
2753.919549
2754.037228
2754.747843
2755.041321
2755.158344
2755.219497
2755.354993
2755.500114
2756.011786
2757.625774
2757.835571
2758.050120
2758.469919
2758.523781
2758.706913
2758.727107
2759.009649
2759.130440
2759.367680
2759.423713
2759.542170
2759.721288
2759.822828
2759.859118
2760.207892
2760.390124
2760.509440
2761.390285
2761.522627
2761.713050
2761.927803
2762.231562
2762.375619
2762.388521
2762.515415
2762.646938
2763.219231
2763.378319
2763.438940
2763.674952
2763.804180
2763.852595
2763.926282
2763.981537
2764.040684
2764.250276
2764.694569
2764.815114
2764.890890
2764.914483
2765.007544
2765.047153
2765.179494
2765.245850
2765.385441
2765.508444
2765.579551
2765.736264
2766.313677
2766.765588
2767.084626
2767.300649
2767.531049
2767.641641
2767.733514
2767.813140
2767.828705
2768.364503
2768.582820
2769.855078
2770.085396
2770.093548
2770.311823
2771.804774
2772.144169
2772.826890
2772.961976
2773.291254
2773.870838
2773.888041
2774.113321
2774.996132
2775.119340
2775.312220
2775.419986
2775.932559
2776.171725
2776.738488
2777.410437
2777.458319
2778.965402
2779.134525
2779.369021
2779.538678
2779.809751
2779.972936
2780.163072
2780.182733
2780.616950
2781.085286
2781.199442
2781.695222
2781.853696
2782.052844
2782.350909
2783.596175
2783.701238
2786.073928
2786.175713
2786.286551
2786.776474
2786.868961
2787.114762
2787.264307
2787.318170
2788.694753
2789.023130
2789.623153
2789.861458
2790.027223
2790.600581
2790.704865
2791.266181
2791.391355
2792.887091
2792.904335
2793.550316
2793.830932
2794.272522
2794.623017
2794.657833
2794.747085
2795.298324
2795.432305
2795.822817
2795.959091
2796.008571
2796.172575
2796.382003
2796.756337
2797.228892
2797.963510
2798.026260
2798.537687
2798.591590
2799.356027
2799.372780
2799.468462
2799.824937
2800.014787
2800.121283
2800.692224
2800.875807
2801.031414
2801.720771
2801.817805
2802.136760
2803.142861
2803.523379
2803.679396
2804.062618
2804.370637
2804.847534
2805.014569
2805.190451
2806.618522
2806.692782
2807.089234
2807.225917
2807.235174
2807.379927
2808.231731
2808.592794
2808.945705
2809.115566
2809.273262
2809.389179
2809.527788
2810.217021
2810.250076
2810.855588
2810.968596
2811.128996
2811.251958
2811.352801
2811.949138
2812.400968
2812.519997
2812.559688
2812.729836
2812.814705
2812.975596
2813.100360
2813.353288
2814.482514
2815.936512
2816.029123
2816.156590
2816.275210
2816.390267
2816.911892
2817.109524
2817.327596
2817.560207
2817.999012
2818.965668
2819.645727
2819.652485
2820.430561
2820.605911
2820.756111
2820.931133
2821.173330
2821.280850
2821.434245
2822.027018
2822.630318
