127.573402
127.708570
127.884861
127.912919
127.952282
128.300933
128.372449
128.519373
128.565453
128.754278
128.812728
128.903782
128.998523
129.209508
129.569751
129.578967
129.768858
130.049311
130.446172
130.606776
130.673377
130.742641
130.798305
130.847621
130.901115
130.910740
130.969887
131.118449
131.155108
131.159163
131.167519
131.175588
131.204956
131.310551
131.452027
131.473449
131.526820
131.595059
131.652977
131.964559
131.971850
132.021944
132.241121
132.414423
132.430356
132.528701
132.859249
132.866703
132.970291
133.101036
133.158625
133.187953
133.332664
133.344297
133.353923
133.412086
133.541110
134.065684
134.134661
134.283756
134.403031
134.642524
134.973768
135.176602
135.214162
135.350518
135.431578
135.444152
135.593943
135.633838
136.352686
136.368783
136.605532
136.736358
136.814182
136.856289
136.970240
137.233449
137.319629
137.827328
137.978552
138.147471
138.286899
138.296648
138.323026
138.418627
138.429850
138.577879
138.698179
138.700268
138.837524
138.854031
138.932675
139.055104
139.215667
139.596390
139.930378
140.022825
140.070789
140.244582
140.826051
140.865782
141.392404
141.614449
141.790208
141.900186
142.071931
142.304625
142.350459
142.508974
142.586962
142.591918
142.763090
142.771077
142.842429
142.869750
142.916731
142.968504
143.162409
143.184732
143.193784
143.295160
143.894077
144.282051
144.645857
144.711639
144.773939
144.965550
145.117389
145.134182
145.387889
145.457316
145.567007
145.586422
145.605386
145.812357
145.950679
146.381537
146.458993
146.535670
147.027272
147.041935
147.470787
147.622912
147.640115
147.968492
147.979182
148.032799
148.563354
148.700447
148.864041
149.027348
149.111931
149.393121
149.492613
149.526774
149.584568
149.613240
149.629215
149.854618
149.883699
149.954437
149.993021
150.000271
150.114058
150.238249
150.426173
150.575841
150.635438
151.078871
151.181599
151.323034
151.387668
151.695483
151.728046
151.818609
151.994245
152.170537
152.259420
152.328315
152.386150
152.472576
152.481546
152.538931
152.652964
152.772321
152.875295
152.938291
153.191956
153.227960
153.355346
153.535652
153.593446
153.779528
153.958810
154.564403
154.709852
154.958438
155.066122
155.165327
155.174298
155.354276
155.663729
155.674829
155.934188
156.206817
156.458803
156.467364
156.563620
156.689695
156.985426
157.103063
157.254042
157.319700
157.551411
157.819986
157.848781
158.299054
158.329364
158.493368
158.720655
158.757356
159.014216
159.097610
159.136236
159.591588
159.601009
159.632097
159.936799
160.184238
160.931471
161.079419
161.085932
161.242071
161.246822
161.256366
161.263657
161.334436
161.487135
161.584497
161.661583
161.830666
161.985905
162.053284
162.059387
162.083471
162.091950
162.191360
162.210898
162.366095
162.447196
162.568151
162.627502
162.886164
162.966528
163.212042
163.214049
163.282125
163.373629
163.381944
163.440681
163.484836
163.535544
163.584451
163.761480
163.849011
164.037591
164.044841
164.113859
164.118569
164.415775
164.563640
164.564091
164.574781
164.653957
164.691927
164.698317
164.922409
165.417206
165.791498
166.324142
166.375956
166.437478
166.466806
166.658294
166.759424
166.765650
167.008911
167.106724
167.169188
167.182295
167.450501
167.450952
167.462052
167.727022
168.105492
168.234803
168.338145
168.799027
168.980111
169.094840
169.762243
169.890038
170.004562
170.020413
170.075136
170.107494
170.152960
170.296484
170.415350
170.420142
170.648003
170.852844
170.858291
170.910310
170.973184
171.050885
171.070095
171.080663
171.632108
171.641938
172.149187
172.336128
172.368364
172.494807
172.566856
172.659712
172.839895
172.986245
173.204767
173.427507
173.437338
173.750477
173.835059
173.851034
173.865902
174.430781
174.460273
174.548828
174.566810
174.580449
174.602772
174.783611
174.804828
174.944952
174.967808
175.333704
175.342141
175.481242
175.517901
175.520686
175.578767
175.613256
175.617475
175.647621
175.700582
175.716393
175.728353
175.872819
175.890760
176.016998
176.247562
176.379290
176.565412
176.745882
178.108457
178.228388
178.344509
178.720113
178.864374
179.150316
179.339756
180.030136
180.321812
180.542013
180.753203
180.760699
180.785439
181.007974
182.015713
182.024561
182.044918
182.166651
182.616064
183.019028
183.455171
183.906263
184.014602
184.292434
184.442225
184.454062
184.471921
184.659558
184.781947
184.847565
185.217516
185.798697
185.814958
186.486538
186.673766
186.707845
186.869064
187.419771
188.220826
188.297134
189.942702
190.120141
190.301430
190.317650
190.373683
190.387569
190.596055
190.602445
190.814208
190.909194
191.006966
191.209636
191.372616
191.415296
191.572582
191.707136
191.815066
192.005079
192.018924
192.024822
192.294543
192.387113
192.399483
192.449044
192.539566
192.824975
192.876012
193.345331
193.363108
193.468989
193.502945
193.623572
193.956864
194.049802
194.278605
194.408325
194.739282
195.298099
195.326198
195.444204
195.479429
195.660390
195.676611
195.953787
196.400742
196.480696
197.048689
197.357076
197.612093
197.903688
198.023660
198.811238
199.132201
199.302349
199.489290
199.738737
199.885332
200.146739
200.194540
200.360018
200.363090
200.785633
201.060516
201.186263
201.279488
201.468273
201.512100
201.852805
201.969459
201.984942
202.006897
202.266624
202.342687
202.893435
202.963231
202.999357
203.188838
203.356733
203.551375
204.003615
204.056371
204.349481
204.378071
204.714803
205.042033
205.300040
205.484114
205.547028
205.658522
206.046003
206.857953
206.948147
207.149015
207.498240
207.681290
207.722455
207.889654
207.969772
208.152822
208.726876
209.423565
209.459937
210.002493
210.394276
210.529812
210.625946
210.713928
210.970952
211.006874
211.912253
212.374077
213.041725
213.162680
213.412086
213.522063
213.525750
213.627208
213.643346
214.038487
214.487613
214.734643
214.808044
215.082926
215.353631
215.563878
215.635517
215.962173
216.282890
216.284201
216.350147
216.384717
216.423997
216.643707
216.787149
216.885617
216.908513
217.065472
217.266504
217.494897
217.527624
217.539052
217.603154
217.781658
217.815654
218.004603
218.282926
218.546954
218.590495
218.594755
218.661151
218.729103
218.884710
219.002593
219.121132
219.145339
219.504968
219.538514
219.763958
219.852595
220.042486
220.123709
220.186337
220.690186
220.738765
220.816835
220.853125
220.862628
220.956140
221.018194
221.036585
221.183304
221.244293
221.351035
221.556695
221.684695
221.696041
221.722706
221.960479
221.970145
222.073979
222.145413
222.323302
222.689567
222.987346
223.092040
223.096422
223.177851
223.537684
223.658885
223.831409
224.493281
225.053164
225.170063
225.268818
225.389609
225.451500
226.481029
226.772869
226.997002
227.168092
227.249070
227.282698
227.425853
227.533742
227.763077
227.881083
228.313743
228.606034
228.857283
228.877353
229.201920
230.222152
230.324388
230.502973
231.262904
231.284163
231.322092
231.328072
231.352361
231.522591
231.538606
231.799644
232.276460
232.577065
232.855183
232.943329
233.445171
233.492726
233.644769
233.715999
233.745777
233.756549
233.857352
234.461184
234.486497
234.644357
234.685481
234.820485
234.875249
235.045151
235.198792
235.524178
235.584143
235.615273
235.735245
235.917435
236.017992
236.261949
236.790456
236.999311
237.375119
237.523354
237.957243
238.181990
238.849188
239.030149
239.078605
239.325880
239.386747
239.479316
239.728968
239.876465
239.933768
239.978578
240.152986
240.201769
240.446423
240.470098
240.508928
240.674529
240.729457
240.760750
240.775864
240.895836
241.037926
241.597481
241.676452
241.782784
242.090066
242.292040
242.361958
242.470502
243.056148
243.159695
243.304694
243.436708
243.576668
243.754516
243.851633
243.934085
243.991593
244.300472
244.328202
244.467507
244.548035
244.583137
244.766679
245.034312
245.136466
245.818081
246.199173
246.272532
246.391398
246.685737
247.205519
247.521731
247.926825
248.318403
248.455660
248.755364
249.196585
249.402778
249.724314
250.348995
250.399621
250.736517
250.781123
250.915635
251.091231
251.342029
251.566367
251.794063
252.406374
252.784394
252.865987
253.599580
254.661714
255.207383
255.751291
257.274388
257.302938
257.720238
257.860526
258.230436
258.252513
258.751242
259.515597
260.193239
260.382515
260.464312
260.773601
260.848845
260.983562
261.523005
261.651988
261.747917
261.852242
261.890662
261.922284
261.928059
262.126428
262.168412
262.395044
262.432154
262.599352
262.916506
263.491174
263.634452
264.011530
264.433295
264.585503
265.184010
265.204408
265.217188
265.252372
265.396429
265.783296
266.459914
267.110973
267.270349
267.539907
267.551089
267.653816
267.785216
268.439552
268.667044
268.945777
269.052273
271.136236
271.888261
272.200090
272.445153
273.040916
273.313956
273.429914
273.504666
273.584128
273.652040
273.749115
273.924669
274.030223
274.481152
274.534646
274.795028
274.932613
274.956902
275.235594
275.378012
275.722240
276.503142
277.088829
277.165179
277.274173
277.835694
277.946327
278.172426
278.420398
278.431416
278.947922
279.418798
281.384550
282.038600
284.137308
284.784804
285.518643
285.907108
286.600438
286.664499
286.776607
286.781768
286.815027
286.912922
287.647048
287.743140
287.902228
288.606454
288.700785
288.716677
288.996598
289.176166
289.434624
291.559260
291.656581
292.216013
293.576581
293.882716
294.008300
294.300959
294.718423
295.827128
296.231526
296.836915
297.224602
297.904210
300.449137
302.022697
302.062551
302.201283
302.229217
302.751990
303.270789
303.294505
304.057999
305.435853
306.489999
307.017605
307.619553
307.728220
309.402993
309.488189
309.507850
311.122985
311.879188
313.158779
313.344860
313.359933
313.373286
313.844367
314.217513
314.324255
314.906665
314.936074
316.716769
317.281280
317.642056
318.688215
318.785618
318.998528
319.040594
319.109202
319.322030
319.402844
319.486157
319.637299
319.815270
320.016220
320.120873
320.480666
324.365312
327.413965
328.945992
329.082839
329.771909
330.280796
330.903020
331.067965
331.254415
331.529953
331.627028
332.461834
333.195141
333.349396
334.091510
334.675354
336.823542
337.672888
339.118735
339.320218
340.367483
340.473815
343.278346
343.885742
344.015462
344.698266
345.282068
345.494077
345.697894
345.836175
346.310902
348.015903
348.061000
348.624609
348.689244
349.986734
350.790083
350.798316
351.007662
351.042519
351.188869
351.334851
352.320225
355.051233
355.138847
355.185295
355.378217
357.560525
357.612626
357.807432
358.551101
362.221117
362.838508
363.157176
363.309875
363.769856
363.876966
364.588769
366.434222
367.166095
367.214551
374.957425
376.590909
376.851743
377.141535
377.668035
378.802708
381.017825
381.471498
381.721518
381.767639
382.461870
384.486892
385.616773
386.861711
387.165020
388.910899
388.914217
388.930396
390.057984
390.801940
392.139448
392.156897
392.524636
392.969216
393.169183
393.665577
393.820201
394.966303
395.075092
395.584758
396.425052
398.744904
398.785864
399.096218
399.380808
400.221389
400.529900
400.785818
401.798103
401.992704
402.343690
402.493358
403.172721
405.770240
405.873091
406.610166
406.738207
407.283630
407.304110
408.706294
408.713667
409.037373
409.490678
409.915064
409.956721
410.810450
411.746918
411.891958
412.026388
413.055672
413.995827
414.431150
415.204188
416.767263
416.931840
418.538701
418.612675
419.774628
421.090550
421.777695
422.229647
422.540902
423.566131
423.799767
424.816435
424.853545
425.424732
425.855263
425.974661
426.129367
426.404946
426.606019
427.146240
427.217879
427.362222
427.858821
428.722258
429.497958
430.117683
430.209802
430.241137
430.243430
430.397481
430.908375
431.783363
432.495616
433.661256
433.895588
435.382149
435.757588
435.791872
436.173701
436.181524
436.642570
436.767662
436.784988
436.799570
437.030666
437.287690
437.567119
437.891932
437.913559
438.029804
438.039429
438.138429
438.187950
438.589440
438.857687
440.261468
440.986460
441.237094
441.251717
442.246717
442.347438
442.740531
442.762117
443.077018
443.132846
443.151770
443.810816
444.217508
444.433736
444.559933
444.581601
444.696494
444.716442
444.841370
445.017252
445.081641
445.404160
445.511557
445.596590
445.630710
445.911163
446.007460
446.982676
447.347958
447.393423
448.430612
448.457073
448.689562
449.556111
449.613701
450.822676
450.849096
450.861588
451.032842
451.336192
451.358638
451.397673
451.413279
451.454607
451.896689
452.026040
452.301660
452.420772
452.489503
453.027635
453.183488
453.498921
453.552988
453.602427
453.793669
453.948867
454.142484
454.665994
454.764380
455.232430
455.418716
455.550648
455.911629
456.736768
457.132810
457.185280
457.278218
458.683433
459.009475
459.507630
459.524178
459.533599
459.693998
459.991859
460.016968
460.077384
460.325151
460.616622
460.716319
460.861932
461.096755
461.764035
461.813555
461.884252
461.912842
462.607073
462.652662
462.699684
463.191081
463.292170
463.432704
463.519621
463.534326
463.552102
463.651922
463.944786
464.309535
464.367739
464.550461
464.852296
465.164370
465.388298
466.052178
466.058854
466.519654
466.625864
466.741207
466.763530
467.420447
467.471974
467.594732
467.830579
468.410900
468.948173
469.185290
469.441208
469.658747
469.682094
470.048154
470.237102
470.381814
470.450913
470.666936
471.573258
472.460206
473.154970
473.988260
474.307707
474.338918
474.834698
474.909123
475.200594
475.353907
475.788083
476.189614
476.228608
476.300247
476.414484
476.925870
477.387489
477.444710
477.511844
477.564600
477.624607
477.712466
477.742039
478.630543
478.712381
478.775173
478.836367
479.416812
480.308961
480.368108
480.562708
480.742195
481.047388
481.092567
481.103012
481.279140
482.127503
482.312929
482.320015
482.608783
482.800026
482.907095
482.944328
482.967757
483.008225
483.085640
483.387638
483.410821
483.520512
484.302397
484.550451
484.583916
484.909629
485.155144
485.727232
486.011945
486.127247
486.470042
486.568182
486.590177
486.626959
487.445340
487.622042
487.675167
488.088658
488.100168
488.259011
488.496169
488.508170
488.613192
488.740782
488.749056
488.857231
489.166643
489.446728
489.520087
489.563218
489.615933
489.740820
489.828393
490.423460
490.562519
490.571858
490.713170
490.987684
491.011645
491.022664
491.403059
491.507261
491.649966
491.819172
492.167619
492.362711
493.403505
493.469286
493.566648
494.056407
494.229955
494.259732
494.523843
494.629806
494.830346
494.897889
495.207096
495.256617
495.515484
495.519908
495.945851
496.047923
496.824033
497.022403
497.414595
497.909350
498.054021
498.085765
498.412995
498.637783
498.685420
498.926100
498.956370
499.135734
499.196928
499.563274
499.793469
499.827302
499.872113
500.451860
500.667187
500.765491
501.266760
501.369201
501.498593
501.691556
501.736448
502.062940
502.545572
502.548849
502.908436
502.980772
502.994862
503.890575
503.930757
504.449884
504.658739
504.818524
504.822129
504.957297
505.002271
505.580585
506.075054
506.571039
506.693181
506.698138
507.630961
508.502057
511.139226
511.311094
511.612232
511.759483
513.036984
514.929705
515.373711
516.104888
517.132042
517.507973
518.656246
518.846833
520.401347
521.993298
522.577306
524.370371
524.390277
525.476413
525.611172
525.623951
525.700014
526.358241
526.427136
526.719058
526.837637
526.866719
527.011103
527.039857
527.270748
527.803105
528.173425
528.482386
528.668467
529.876623
530.958336
530.997658
533.144822
533.535662
533.612012
533.664113
533.736407
533.846467
534.084813
534.427034
534.639616
534.758195
534.852608
537.335235
538.623713
538.899579
540.155781
541.553050
541.878354
542.655201
543.223644
543.394775
544.487096
544.743178
546.022318
546.459935
549.382595
549.695201
550.395208
553.264947
553.869599
553.888809
554.950001
555.807949
559.612027
559.750021
559.854961
559.959900
560.093962
560.335954
560.340173
560.498074
561.063281
561.692631
561.845043
562.483200
562.492785
563.232850
563.845734
564.164649
565.345853
565.718139
565.772780
566.158828
566.652436
566.664069
568.633836
568.646205
569.574851
569.667625
569.900114
570.869637
571.359068
571.543306
571.971256
572.814746
575.850824
575.926067
576.206561
576.564019
577.218601
577.256612
577.517855
577.839636
578.368307
578.802565
580.071875
582.544794
582.559539
586.666189
586.701414
587.012833
587.982070
588.280177
588.434186
588.601836
589.637018
590.320763
590.935818
590.964982
596.097434
597.016658
597.264957
597.938258
598.687416
599.516611
602.375578
602.767688
603.384832
603.413586
603.601183
604.131738
604.312781
604.395069
605.085409
605.112074
605.481083
607.690834
608.274678
608.600924
608.723968
610.595799
612.003389
612.907704
613.935555
613.974016
614.163866
614.407619
614.472745
615.491871
615.837123
616.198226
616.261796
616.457667
616.543846
616.827863
616.996536
617.166643
617.748972
618.735739
619.125719
621.986652
623.903375
624.835789
628.783596
629.398815
630.195569
630.290227
630.306529
630.310912
630.974382
631.221084
631.692902
636.217836
636.902646
638.560461
638.859141
639.135089
642.123940
644.977623
645.591736
646.419046
646.817260
647.802962
648.309350
648.598897
649.272566
649.618473
649.622200
650.317373
650.371523
650.583204
653.484524
654.431560
654.860657
657.056850
657.547100
657.847337
658.173624
659.263242
660.334715
660.567941
660.913398
661.630894
661.835489
662.499901
662.578504
662.759711
663.076659
663.143465
663.186637
663.634944
665.445007
665.700065
666.288087
666.295460
666.469458
667.278254
667.684782
668.661719
669.093847
670.999757
671.859630
672.326943
672.484884
672.567665
673.489920
673.507451
673.601372
673.685996
673.788396
673.893949
673.911972
674.177884
674.188616
675.558072
676.091126
676.419379
676.875510
677.105336
677.305958
677.371986
677.488108
677.850071
678.036685
678.874644
679.534674
679.943905
679.993590
680.046592
680.461640
680.864072
681.144812
681.381069
681.384100
681.387090
681.672622
682.550886
682.559447
682.636206
682.999767
683.740938
684.131000
684.266414
684.962161
685.191455
685.254001
685.580698
685.896376
686.333174
686.470799
686.564680
686.664704
686.763336
686.793605
686.799503
686.897603
687.033344
687.354225
687.526298
687.669289
687.673385
687.871836
688.367985
688.748298
688.828703
688.885514
689.201766
689.204306
689.275740
690.422743
690.543370
690.664653
690.723430
690.768241
690.795315
690.871583
691.106816
691.556147
691.730063
692.391772
692.940964
693.072200
693.218959
693.750907
694.334218
695.010058
696.572068
696.690934
696.772567
696.946729
697.145876
697.278833
698.597868
698.866770
701.073080
701.679534
703.221760
704.243425
705.209631
705.457562
706.340987
706.618819
707.320914
707.460137
707.477258
708.687053
708.844954
709.971026
709.989704
710.246851
710.836101
711.194296
711.199089
760.039178
760.247910
760.259256
760.315003
760.835686
760.936899
762.291978
762.303160
763.869020
764.981207
765.157048
765.381468
766.160282
766.771405
767.876383
767.887073
767.907471
768.239780
768.621036
769.450639
769.485087
769.518961
769.749361
771.071181
771.466854
771.646587
771.757548
771.896730
772.769260
773.029724
773.240955
773.331067
775.006740
775.423549
775.856865
776.343593
776.907080
777.063465
777.088901
777.103565
777.179955
777.310003
777.902776
777.976668
778.143580
778.517094
778.640835
778.885693
779.340800
780.249498
781.823795
784.284303
784.344310
784.495739
784.764273
785.947402
786.201477
786.584822
786.605834
786.813338
786.859622
787.096453
787.212616
787.279708
788.152443
789.522268
790.165791
790.263030
790.890947
792.423916
793.884140
793.915064
794.426982
794.818068
795.342643
795.472077
795.500216
795.737088
795.941970
796.029829
796.105400
796.189737
796.293284
798.202675
798.241423
798.747607
799.034204
800.309658
800.738468
801.160356
801.165681
801.170104
801.170637
801.259315
801.369539
801.378304
801.515069
801.698570
801.763492
801.885020
801.908941
801.918525
801.924669
803.475415
803.531284
803.848315
803.968819
804.127212
804.563313
804.605379
804.639703
804.825170
804.880343
805.665178
805.830779
805.911224
806.264668
806.279373
806.320251
806.337454
806.368338
806.385377
806.433382
806.498714
806.528123
808.730173
808.815698
812.645048
813.289800
813.525565
813.712630
813.726433
813.738271
814.218322
814.291067
814.358036
814.377861
814.480302
814.620099
814.645248
814.735114
814.813143
815.201608
816.034161
816.384123
816.807608
816.956908
817.670226
818.910986
819.060941
819.277783
819.443384
820.067860
820.310958
820.594688
820.729037
820.743823
820.933550
821.165384
821.174313
821.298258
821.549711
821.632246
822.150472
822.234235
822.285394
822.534062
822.713385
822.815580
822.887219
823.377019
824.399954
824.579523
824.740209
826.582630
826.608640
826.694943
826.811269
826.962780
827.361485
827.454546
827.962409
827.986698
828.670566
828.684411
828.720988
828.758671
829.317325
829.997588
830.015857
830.061978
830.112563
830.259487
830.329119
830.503608
830.585119
830.671094
830.726963
830.779556
830.911734
830.940652
831.074099
831.181988
831.728108
832.391905
832.622592
832.775823
833.406566
833.806377
833.913815
834.000978
834.519982
834.866627
836.344832
836.589322
836.643717
837.116027
837.165261
837.312594
837.569290
837.905613
838.046556
838.209823
838.493962
838.524355
838.549012
838.906429
838.930801
839.032504
839.269704
839.343555
839.835812
840.382259
840.915067
841.057731
841.195028
841.579479
841.754132
841.839739
842.849362
843.335557
843.342070
843.356611
843.610235
843.769201
844.450079
845.587784
846.658109
846.916076
847.056323
847.970468
848.107889
848.124355
848.144548
848.217334
848.348856
848.429957
848.466903
848.784589
849.787699
850.087363
850.625905
851.395871
851.865928
851.895091
852.009492
852.267295
852.288717
852.435436
853.420196
853.573468
853.685002
853.807145
853.813576
853.850890
853.906432
854.145966
854.326518
855.210476
855.549624
856.119132
856.146371
856.405156
856.740332
856.862065
857.075098
857.508823
857.663365
858.233283
859.719434
859.920220
860.119818
860.311470
860.367421
860.425544
860.431770
860.579308
860.633129
860.888433
862.467113
863.454904
863.993897
864.143319
864.268820
864.271852
864.688292
864.768205
864.774963
865.103299
865.124393
865.305190
866.313257
866.924872
867.300803
868.073595
868.105789
868.755333
868.824760
869.079204
869.208596
869.277901
870.666322
870.827745
871.980483
873.492316
874.119004
874.124001
874.124943
874.153124
874.364846
874.477117
874.633216
874.778501
874.918502
875.017175
876.645949
877.279068
878.341571
878.582907
879.071846
879.463916
880.102892
880.254280
880.283525
880.367370
881.504338
883.768197
883.850813
883.935724
884.050452
884.259226
884.301292
885.443584
885.516861
885.577400
885.672182
885.740708
885.748613
886.396600
886.538322
886.836265
887.004529
887.198392
887.245128
887.302676
887.366902
887.580058
887.689503
887.795958
887.907983
887.928095
888.119788
888.173978
889.083658
889.127526
889.317212
889.778053
890.536264
891.860009
892.225987
892.368568
892.418130
892.506726
892.649554
892.732088
892.847268
892.951716
893.033677
893.078118
893.129032
893.684859
894.031585
894.556733
894.885601
895.723643
895.845171
896.140206
896.359055
896.581427
898.144297
898.452644
898.853560
898.878054
898.915779
899.673457
899.866542
900.223549
900.640154
900.661412
900.856054
900.910326
901.024154
901.218427
902.060933
902.487245
903.190241
903.408886
903.545201
905.301729
905.471181
905.547858
905.706373
906.063094
906.090906
906.239549
907.271291
907.649597
909.954048
909.991281
910.003282
910.096753
910.165361
910.184694
910.290985
910.430659
910.480794
910.536540
910.578647
910.982349
911.881421
912.535347
912.956293
913.487421
915.342090
915.358761
915.413975
915.503473
915.568394
916.152607
916.430152
916.531118
916.639539
916.798218
916.838031
917.016453
917.499617
917.928755
918.673695
919.024189
919.184302
919.688192
919.701504
920.315208
920.858296
921.017549
921.692815
922.579763
922.714235
922.795377
922.953646
923.046461
924.780380
925.564232
925.805404
925.822771
926.203822
927.318180
927.518638
927.586509
927.617638
927.726182
928.129311
928.591831
928.760955
928.978575
929.079747
929.417667
929.484677
929.531699
929.887928
930.003476
930.114273
930.563113
930.645074
930.828001
931.208684
931.280404
931.309978
931.356836
932.907663
933.352653
933.685494
933.730427
933.771387
934.120407
934.472172
934.609306
934.673244
934.984172
935.099638
935.133553
936.927478
937.143009
937.301197
937.308692
937.311642
937.315983
937.321595
937.575956
938.679869
938.751263
938.758554
938.884424
939.061617
939.803771
940.479324
940.890276
941.092413
941.207675
941.233398
941.459988
941.575823
941.655941
941.681664
941.972439
942.541537
944.228024
944.471736
945.395917
945.455596
945.678828
945.703404
946.123244
946.142945
946.258043
946.306335
946.324603
946.386534
946.868183
946.966856
947.031040
947.110093
948.211261
948.451451
948.805345
949.074002
949.321482
949.440963
949.614715
950.617948
950.680166
951.470162
951.697777
951.833149
951.839498
953.889055
954.045563
954.531021
954.986988
955.237745
955.421901
955.474534
955.766702
957.426565
957.462692
957.498982
957.929636
957.949788
957.960684
958.180598
958.260183
958.371471
958.500004
959.130132
959.231058
959.327027
959.462687
960.328499
960.670761
960.695583
960.798024
961.343898
961.630085
961.675469
961.901036
961.945354
962.970829
964.183900
964.551557
964.616602
964.903240
965.192212
965.257175
965.769667
966.009364
966.361825
966.990275
967.019807
967.223869
967.242711
967.316849
967.389143
967.483228
967.581450
967.981179
967.992074
968.066376
971.426652
972.322939
972.343788
972.668436
972.850831
972.883149
973.109002
973.299220
973.404774
973.940859
974.358651
974.692393
974.724465
974.853407
974.971535
975.410995
976.405381
976.593428
977.661993
978.053243
978.811249
979.059999
979.075113
979.162563
979.182715
979.422863
979.651011
980.096451
980.365189
980.382433
980.832666
981.126676
981.473239
981.687665
981.733786
981.933670
982.195241
982.260163
982.640640
982.969549
983.597916
983.674593
984.157553
984.921539
985.123267
985.156485
985.338880
985.523036
985.558385
985.679012
985.838510
985.913426
985.982034
986.372588
986.431980
986.459054
986.471424
986.585989
986.701865
986.723410
986.781123
986.794967
986.808115
986.859561
987.121418
987.902525
988.313805
988.868198
989.068083
989.287260
991.100969
991.457731
991.872942
992.513638
993.096417
993.333125
993.530552
993.553695
993.615258
993.688125
994.037883
994.336891
994.713887
995.040420
995.260006
995.441582
995.617137
996.016988
996.494254
996.883866
997.097677
997.123359
997.187830
998.729155
998.840648
999.023657
999.407616
999.449313
999.497769
999.528284
999.684506
999.988634
1000.017142
1000.032133
1000.054374
1000.150262
1000.257905
1000.326963
1000.587551
1000.702976
1000.774902
1000.824545
1000.903148
1000.979210
1001.099182
1001.256591
1001.268634
1001.894912
1001.931366
1003.645215
1003.901788
1003.914404
1003.930583
1003.940618
1004.054733
1004.063171
1004.179251
1004.298363
1004.382986
1004.832072
1004.882166
1005.092454
1005.137592
1006.722007
1006.953267
1007.497011
1007.763333
1007.811011
1007.823380
1007.888302
1008.065577
1008.455229
1008.902308
1008.922993
1009.024942
1009.554145
1010.148352
1010.212250
1010.975498
1011.366994
1011.894477
1011.934454
1012.373504
1012.414669
1012.857938
1013.357937
1013.575721
1014.014280
1014.448415
1014.496133
1014.595748
1014.699704
1014.898893
1016.775475
1016.783340
1016.914330
1016.952259
1017.050153
1017.107988
1017.122570
1017.219195
1017.245901
1017.256305
1017.288745
1017.347031
1017.525821
1018.109788
1018.183188
1018.207109
1018.268631
1018.333512
1018.939351
1019.192074
1019.251589
1019.456225
1019.868692
1019.877581
1020.038595
1020.080865
1020.201697
1020.603187
1020.820562
1020.895683
1021.071073
1021.256212
1021.325025
1021.912433
1022.014054
1022.155571
1022.287012
1022.775828
1022.816502
1023.041413
1023.361720
1023.379292
1023.430779
1023.471534
1023.484355
1023.503811
1023.835668
1023.966290
1024.002540
1024.583311
1025.113416
1025.214874
1025.458340
1025.817928
1025.988854
1026.254152
1026.280899
1026.436342
1026.756731
1027.328246
1027.478651
1027.637535
1027.761193
1028.089856
1028.379607
1028.483072
1028.507730
1028.625449
1028.719247
1028.850729
1029.954150
1030.189834
1030.201917
1030.329016
1030.342124
1030.567567
1030.584893
1030.711624
1030.761964
1030.785352
1030.977946
1030.986056
1031.004897
1031.065600
1031.114711
1031.363420
1031.466025
1032.056914
1032.267489
1032.570307
1032.589353
1032.829297
1032.871936
1033.167585
1033.276375
1033.380209
1033.435218
1033.457500
1033.609216
1034.125189
1034.149192
1034.400317
1035.026268
1035.498947
1035.560428
1035.572470
1035.685519
1035.790623
1035.997143
1036.038144
1036.058132
1036.132106
1036.140872
1036.209603
1036.380078
1036.389786
1036.523561
1037.111378
1038.640374
1038.736876
1038.904156
1039.284142
1039.454290
1039.472476
1039.869993
1040.235151
1040.493609
1040.612065
1040.834601
1040.956088
1042.551071
1042.577367
1042.608456
1042.891489
1043.009331
1043.055084
1043.148759
1043.532349
1043.679969
1043.697213
1043.702948
1043.783885
1043.791012
1044.851589
1045.689221
1045.700444
1045.713388
1046.655468
1046.960742
1047.029146
1047.081820
1047.329341
1047.377265
1047.640842
1047.717560
1047.802470
1047.818732
1047.977738
1048.015340
1048.171315
1048.462500
1048.506327
1048.523981
1048.623391
1048.797143
1049.073254
1049.262244
1049.289769
1049.336709
1049.356861
1049.408922
1049.477243
1049.675776
1049.948406
1050.408550
1050.763223
1051.000136
1051.815158
1051.864433
1052.112650
1052.501361
1052.556902
1052.559155
1052.599173
1052.643123
1052.777472
1052.815196
1053.170074
1053.184205
1053.531628
1053.929800
1054.241505
1055.153070
1055.563612
1055.674737
1055.758418
1055.767634
1055.847752
1056.333128
1056.913777
1057.498030
1057.702953
1057.840906
1058.223022
1058.288353
1058.296340
1058.955428
1059.062538
1059.550945
1060.099727
1060.198646
1061.055570
1061.552906
1061.782405
1061.872640
1061.980897
1062.151455
1062.289121
1062.751355
1062.760448
1062.958817
1063.118234
1063.120855
1063.205724
1063.246438
1063.366574
1063.586365
1063.598285
1063.740662
1063.788831
1063.873085
1064.028242
1064.047903
1064.136458
1064.327455
1064.433009
1064.552612
1064.782520
1064.922194
1065.403720
1065.819628
1065.881518
1065.935012
1066.871398
1067.018936
1067.323679
1068.149555
1068.726927
1069.242778
1069.245768
1069.395354
1069.451837
1069.563740
1069.629604
1069.680476
1069.942989
1070.190305
1070.391624
1070.463427
1070.839521
1071.574712
1071.768535
1072.759890
1073.778688
1074.049475
1074.404721
1075.279831
1075.362243
1075.364250
1075.581665
1075.852861
1075.911148
1076.057948
1076.217610
1076.603822
1076.663747
1076.953293
1077.104640
1077.154939
1077.257175
1077.639168
1077.979341
1078.312509
1078.813737
1078.827540
1079.198925
1079.358423
1079.374889
1079.542333
1079.560315
1079.623229
1079.627489
1079.734231
1080.028037
1080.293868
1081.014804
1082.879140
1083.428946
1083.474125
1083.495055
1083.992023
1084.292424
1084.354232
1084.718981
1085.238149
1085.508936
1085.583032
1085.690470
1085.976494
1086.276116
1086.684979
1087.032975
1087.493939
1087.511634
1087.521628
1087.678054
1088.151716
1089.086792
1089.124598
1090.730025
1090.777989
1091.227116
1091.793265
1091.812024
1092.007690
1092.163174
1092.163625
1092.361175
1092.957061
1093.378048
1094.269829
1096.451727
1097.014927
1097.254134
1097.793413
1097.822126
1097.829335
1097.908101
1097.946685
1098.065879
1098.170860
1098.393477
1098.425549
1098.445128
1098.467246
1098.966917
1100.660081
1100.749947
1101.086065
1101.103841
1101.385359
1102.232207
1102.536499
1102.733722
1102.749901
1102.908088
1102.982799
1103.054684
1103.103877
1103.573320
1104.181043
1104.390308
1105.267794
1105.327555
1105.515971
1105.639916
1106.154947
1106.477752
1106.624758
1106.873385
1107.195699
1107.579699
1107.758039
1107.797770
1107.901481
1107.974390
1108.092682
1108.266926
1108.860518
1109.268726
1109.446246
1109.504246
1109.734072
1109.843476
1109.870961
1109.928305
1110.450053
1110.696509
1110.774825
1111.298662
1111.399342
1111.651574
1112.029716
1112.217518
1113.168773
1113.551421
1114.073088
1114.221199
1114.648740
1114.812989
1114.856899
1115.621540
1115.682939
1115.732582
1115.874017
1116.025201
1116.388106
1116.539167
1116.890399
1117.771284
1120.604979
1120.840458
1121.050051
1121.216881
1121.373512
1121.461453
1122.938266
1123.355771
1123.419832
1124.316897
1124.402381
1124.483850
1124.559913
1124.564541
1124.721664
1124.862894
1124.903485
1124.944445
1124.962222
1125.083587
1125.233992
1126.827868
1129.332818
1129.616056
1129.773752
1129.785385
1130.140262
1130.361856
1130.569892
1130.657178
1130.666598
1130.889667
1130.971054
1131.036426
1131.132109
1131.139482
1131.177779
1131.180728
1131.209523
1131.335475
1132.990833
1133.748470
1135.134679
1135.335670
1135.364014
1135.893504
1136.276357
1136.325714
1137.067008
1137.532764
1137.859871
1138.159944
1138.594324
1138.803999
1138.887229
1139.245998
1139.277906
1139.545088
1139.684188
1139.723878
1140.001628
1140.183900
1141.076787
1141.139497
1141.305672
1141.667758
1141.761720
1141.775237
1142.329876
1142.360801
1142.406922
1143.306609
1143.369892
1144.829665
1146.826260
1147.957043
1148.061860
1148.181217
1149.203251
1149.305733
1149.606625
1149.741588
1150.124933
1150.303683
1150.387814
1150.476534
1150.527611
1151.026299
1151.252931
1152.202179
1152.723681
1152.815186
1153.229455
1153.484104
1153.565082
1153.814200
1155.239895
1155.301253
1155.673006
1156.078264
1156.225270
1156.311613
1156.472955
1156.722770
1156.760125
1156.778557
1156.926464
1157.025669
1157.559706
1158.057574
1158.288261
1158.408806
1158.432768
1158.493430
1158.991094
1159.588864
1160.130970
1160.403108
1160.606269
1161.858171
1162.215424
1162.540933
1162.929070
1163.066081
1163.270636
1164.376392
1164.443484
1164.548833
1164.789596
1165.069189
1165.399532
1165.528474
1165.581394
1166.131937
1166.157578
1166.372987
1166.566441
1166.799012
1166.845952
1166.851318
1166.900101
1166.910013
1166.920090
1167.054152
1167.105802
1167.174656
1167.242486
1168.563077
1168.629514
1169.853522
1170.365112
1170.816614
1171.356385
1172.096123
1172.872438
1173.298913
1173.675008
1173.964349
1174.115820
1174.321766
1174.373827
1174.627983
1174.835569
1174.930473
1175.551468
1175.563919
1176.149033
1176.293007
1176.485192
1176.625193
1177.092628
1178.263306
1178.277724
1178.479452
1178.891223
1178.929521
1179.069645
1179.171799
1179.348910
1179.381064
1179.861197
1180.039373
1180.183511
1180.439265
1180.491121
1180.500419
1180.528067
1180.577710
1180.673352
1180.687319
1180.710420
1180.952740
1182.290985
1182.380646
1182.973256
1185.963213
1186.066883
1186.383176
1186.531492
1186.632253
1186.880225
1186.968781
1187.081953
1187.318661
1187.712082
1188.345201
1188.494008
1188.499087
1188.535132
1188.561633
1188.626883
1188.723835
1188.824842
1188.949443
1189.161206
1189.942764
1190.329385
1190.569247
1190.741443
1190.784983
1190.900654
1190.953984
1191.961969
1192.497684
1192.963482
1193.333391
1193.844572
1193.968640
1194.184253
1194.766418
1194.904945
1194.951188
1195.157053
1195.262116
1195.639808
1195.796726
1196.298281
1196.301435
1196.393677
1196.601016
1196.704563
1196.961014
1197.062799
1197.246013
1197.572669
1198.311629
1198.724506
1199.414067
1201.398006
1201.536328
1201.652040
1201.705615
1201.818952
1202.001838
1202.199020
1202.256241
1202.565366
1202.664530
1203.123487
1203.299205
1204.086948
1204.253573
1204.475576
1204.526899
1204.722483
1204.772045
1204.966359
1205.241569
1205.299692
1205.519114
1205.750211
1205.786419
1205.840159
1206.631834
1207.339049
1207.792189
1207.867884
1208.165458
1208.462705
1208.609341
1208.689787
1208.863089
1209.263841
1210.400645
1210.476954
1210.711532
1210.782188
1210.809467
1211.269857
1211.358044
1211.385405
1211.472445
1211.507671
1211.555430
1211.567227
1211.581358
1211.635917
1211.654021
1212.472893
1213.001810
1214.017700
1214.323917
1215.732531
1216.513884
1216.878305
1216.929178
1217.053532
1217.087078
1217.110467
1217.151795
1217.332511
1217.624842
1219.058442
1219.300680
1220.023665
1220.394025
1220.738662
1221.519688
1222.477455
1223.030292
1224.301650
1224.338801
1224.830853
1224.984289
1225.156772
1225.184543
1225.391145
1225.742582
1225.898189
1226.088694
1226.791567
1226.844037
1227.085169
1227.142963
1227.259494
1227.439514
1227.551171
1227.568538
1227.877417
1229.796311
1229.801308
1230.018683
1230.737408
1230.882775
1230.927995
1231.119606
1231.260262
1231.485870
1231.720776
1232.079012
1232.738877
1232.768737
1233.162363
1233.218970
1233.219625
1233.223762
1233.340744
1233.436672
1233.591173
1233.720443
1233.744814
1233.756856
1233.895260
1233.950351
1234.048983
1234.071921
1234.117796
1234.648433
1234.993234
1235.912827
1235.930358
1236.119921
1236.749967
1237.141504
1237.345116
1237.569905
1237.585551
1238.007644
1238.074819
1238.264873
1238.737428
1240.780145
1241.065554
1241.121751
1241.219850
1241.524593
1241.667420
1241.723372
1242.082304
1242.092626
1242.391757
1242.830971
1243.243233
1244.020408
1244.089344
1244.806676
1244.874916
1245.734420
1245.946102
1246.282424
1246.438932
1246.666916
1246.883717
1248.307773
1250.876252
1251.014984
1251.253821
1251.759268
1252.245012
1252.275200
1252.388741
1252.409672
1252.466811
1252.707287
1252.791255
1253.162394
1253.383987
1253.589156
1253.841306
1254.360556
1254.439854
1254.560113
1254.640189
1254.737142
1254.989169
1255.139410
1255.632077
1255.665623
1255.782932
1256.177091
1256.525496
1256.552120
1256.667300
1256.744796
1256.845967
1256.977490
1257.307505
1258.042450
1258.079437
1258.246636
1258.287841
1258.519224
1258.538926
1258.790134
1258.825810
1259.233526
1259.270881
1260.675318
1260.958228
1261.005005
1261.898260
1262.106624
1262.123663
1262.286889
1262.914396
1263.228764
1263.845949
1263.886090
1265.009377
1265.406362
1265.556685
1265.884283
1265.901855
1265.971610
1266.166989
1266.194883
1266.411766
1266.883092
1267.613573
1267.630285
1267.646915
1267.776266
1267.991675
1268.117750
1268.482949
1268.843356
1268.968735
1269.039432
1269.138964
1269.196268
1269.257830
1269.480243
1270.152724
1270.401925
1270.764790
1271.011533
1272.195318
1272.225956
1272.347034
1272.587592
1272.653251
1272.838513
1272.851784
1272.873001
1272.918712
1273.259950
1273.608315
1274.126131
1274.425754
1275.124695
1275.458847
1275.501527
1275.560100
1275.591967
1276.051538
1276.159058
1277.186949
1277.383557
1277.754491
1277.849190
1278.552310
1279.485338
1279.663800
1279.712338
1281.699021
1283.073802
1283.134751
1283.629507
1283.645563
1283.705078
1284.198769
1284.457718
1285.277491
1285.594235
1285.898650
1286.090752
1286.194668
1286.378414
1286.940385
1287.215718
1287.701012
1287.726244
1288.113234
1289.011732
1289.359196
1289.494692
1289.940500
1290.329211
1290.371645
1290.665738
1290.836664
1292.118630
1292.499968
1292.613509
1292.783985
1292.855869
1293.319209
1294.657741
1294.741791
1294.846607
1295.118787
1295.360123
1295.428772
1295.446548
1295.512617
1295.529083
1295.565169
1295.697961
1295.799583
1295.895921
1295.923036
1296.700375
1296.821207
1297.064755
1297.070735
1297.179648
1297.629512
1297.631764
1299.136963
1299.823575
1300.438385
1300.778557
1302.491382
1302.500024
1302.570189
1302.590751
1302.778798
1302.813327
1302.892954
1303.029391
1303.045161
1303.220470
1303.686717
1303.800381
1303.984701
1304.526152
1305.604915
1305.925018
1306.377748
1307.859108
1308.881469
1309.049160
1309.855252
1309.890724
1309.899039
1309.940695
1309.957325
1310.081475
1310.585692
1310.962770
1310.978785
1311.418941
1311.449211
1311.807980
1311.978824
1312.371835
1312.770662
1313.253990
1314.406932
1315.719168
1316.200243
1316.369285
1317.943296
1318.137160
1318.194954
1318.256108
1318.853796
1319.083254
1319.861002
1320.019517
1320.948900
1321.560474
1321.656197
1321.811313
1322.209485
1322.270720
1322.409124
1322.523525
1322.666435
1324.294431
1324.647670
1324.727255
1325.120102
1328.091382
1328.351601
1329.040835
1329.075610
1329.195991
1329.235026
1329.370071
1329.380762
1329.709711
1329.736172
1329.750630
1330.284831
1330.624020
1330.812682
1330.847908
1331.423109
1332.291092
1332.981842
1333.167923
1335.735624
1336.023941
1336.401961
1336.436695
1336.530084
1336.571822
1336.731648
1336.916009
1337.005425
1337.136947
1337.166111
1337.316721
1337.624904
1338.543718
1338.906624
1339.891876
1339.905229
1340.312699
1341.319373
1341.674783
1341.687644
1341.990707
1342.006395
1342.362501
1342.417224
1342.604698
1342.611087
1342.621696
1342.649713
1342.719959
1342.993449
1343.390269
1344.627589
1345.984799
1346.536161
1346.634875
1346.680218
1346.910454
1347.481600
1347.665428
1348.509860
1348.758774
1349.461197
1349.931786
1349.945876
1349.951693
1350.935716
1351.267574
1351.629742
1353.669550
1354.194657
1354.545111
1356.996157
1357.017375
1357.024543
1357.386793
1357.412721
1357.417554
1357.505577
1357.592535
1357.766083
1358.353285
1358.661222
1358.674534
1359.141970
1359.519703
1359.538668
1359.854305
1360.176742
1360.279757
1360.507740
1361.979884
1362.212045
1362.377605
1362.396938
1362.420285
1362.556723
1362.789335
1362.819523
1363.223183
1363.817636
1364.538122
1364.787855
1365.298176
1366.631997
1366.797230
1367.238492
1367.465574
1367.713260
1367.825613
1368.262205
1368.309596
1368.407450
1369.046671
1369.084477
1369.306194
1369.337651
1369.639076
1369.967575
1370.139484
1370.259866
1370.310902
1370.632479
1370.797507
1370.911826
1370.969620
1370.996081
1371.216200
1371.264451
1371.363615
1371.474534
1371.517624
1371.666022
1371.687567
1371.707597
1372.860908
1373.379215
1373.670932
1374.086103
1374.200504
1374.486569
1374.518968
1375.164457
1375.393587
1376.677683
1376.736092
1376.839721
1376.973251
1377.035919
1377.055457
1377.086751
1377.101455
1378.547466
1379.285934
1379.358147
1380.142981
1381.252137
1381.905654
1381.907948
1383.886520
1383.919821
1384.931041
1384.969462
1385.566904
1385.817661
1385.825157
1385.851003
1386.247373
1386.286735
1387.510211
1387.539128
1388.403999
1388.619080
1388.687401
1389.233029
1389.444751
1389.473505
1389.609984
1389.668475
1389.874258
1390.111785
1392.480051
1392.500900
1392.641843
1394.013430
1394.423931
1395.459277
1396.723220
1396.976804
1397.033574
1399.333888
1399.682130
1400.056300
1400.241029
1400.514642
1401.097503
1401.908797
1402.500137
1403.185766
1403.663237
1404.088934
1405.435249
1405.878313
1406.180803
1406.488904
1406.511923
1406.527775
1406.690918
1406.758175
1406.925578
1407.081349
1407.575982
1408.210412
1409.244856
1410.689147
1411.310346
1411.328451
1412.865106
1414.109880
1414.684426
1415.135683
1415.232348
1415.747748
1415.810540
1418.445455
1418.735739
1419.423867
1420.218040
1420.682035
1421.052109
1421.336781
1421.722255
1421.891256
1422.660936
1422.693540
1423.021588
1423.190385
1423.396045
1423.574426
1423.576842
1423.694725
1423.737078
1423.782093
1424.146391
1424.913654
1425.165353
1425.314324
1425.459405
1425.593057
1425.788641
1425.899766
1425.920901
1426.158264
1426.313421
1426.444780
1427.034890
1427.112141
1427.647160
1428.104806
1428.249682
1428.644741
1428.999291
1429.266432
1429.272535
1429.390746
1429.586780
1430.187704
1430.256599
1430.280970
1430.652314
1430.994493
1431.038525
1431.048561
1431.262208
1431.287439
1431.304110
1431.418020
1431.494410
1431.512187
1431.632855
1431.861658
1431.904870
1431.983882
1432.004567
1432.023900
1432.107418
1432.202732
1432.633262
1432.781783
1433.152717
1433.425551
1433.664963
1434.061578
1434.448118
1435.917271
1436.348662
1436.742574
1436.833587
1437.050020
1437.074145
1437.411983
1438.264443
1438.404608
1438.464778
1438.621614
1438.662615
1439.178793
1439.188500
1439.358403
1439.510077
1439.728763
1439.823749
1440.274309
1440.322847
1440.557793
1440.664617
1441.363804
1441.467924
1441.769923
1443.169649
1443.364250
1443.399516
1443.436093
1446.386811
1446.854820
1447.037788
1447.165215
1447.215063
1447.644283
1447.716209
1447.763190
1447.814636
1449.157632
1449.516810
1449.750651
1450.133627
1450.874593
1452.026020
1452.098724
1452.163891
1452.575580
1452.685885
1453.446922
1454.226760
1454.340055
1454.375731
1454.546330
1454.739251
1454.838661
1455.047107
1455.756902
1456.975913
1457.578844
1458.740429
1458.786673
1459.025797
1459.198198
1459.212124
1459.379446
1459.455631
1459.474227
1459.810755
1460.322591
1460.430152
1460.633108
1461.302682
1461.334098
1461.738045
1461.945385
1461.968200
1462.296084
1462.739067
1462.773760
1463.690117
1464.135680
1464.230298
1464.262820
1464.597012
1465.868083
1466.129900
1466.661765
1466.799596
1466.805125
1467.351081
1468.096512
1468.142715
1468.181340
1468.208333
1468.218286
1468.250563
1468.260925
1468.267971
1468.273623
1468.339692
1468.346450
1468.350382
1468.375818
1468.552929
1468.702065
1469.550756
1469.993001
1470.362665
1470.866227
1470.873928
1471.335014
1472.226263
1472.355901
1472.425370
1472.625746
1473.442488
1473.661706
1473.905377
1474.862858
1475.630899
1475.855360
1475.938918
1476.196393
1476.473733
1477.092639
1477.625078
1477.975572
1478.056100
1478.062858
1478.785966
1478.846710
1479.014195
1479.971430
1480.227758
1480.445706
1480.656732
1480.851046
1481.174712
1481.311764
1481.378734
1481.844859
1482.080338
1482.793001
1482.806927
1483.007508
1483.167457
1483.191747
1483.279524
1483.657011
1483.816387
1483.952046
1484.011807
1484.130304
1484.140831
1484.296151
1484.367421
1485.373030
1485.413253
1485.431480
1485.552271
1485.734380
1486.729789
1486.901043
1486.983004
1487.032771
1487.272919
1487.817646
1488.179405
1488.328704
1488.585646
1488.745554
1489.093140
1489.893130
1490.859500
1491.153551
1491.320709
1491.340083
1491.354583
1491.525181
1491.692544
1492.286423
1492.327137
1492.603290
1493.215560
1493.611766
1493.703148
1493.901312
1494.161490
1494.583665
1494.811197
1495.156531
1495.216783
1495.245087
1495.278920
1495.410237
1495.585751
1495.609590
1495.621714
1495.634125
1495.714529
1495.778673
1495.886111
1495.980728
1496.216781
1496.225915
1496.449761
1496.541307
1496.757658
1496.785633
1497.015501
1497.033974
1497.066455
1497.137562
1497.197281
1497.253765
1497.567355
1497.806438
1497.853379
1497.939476
1498.190316
1498.299023
1498.633257
1498.760561
1499.331502
1499.419730
1499.487724
1499.933860
1499.989893
1500.051948
1500.085658
1500.288983
1500.300288
1500.315853
1500.350628
1500.405924
1500.520776
1500.563661
1500.955075
1501.068820
1501.328343
1501.369631
1501.718159
1501.950771
1502.205706
1502.638858
1502.736507
1503.188173
1503.232901
1503.314289
1503.338496
1503.447491
1503.454413
1503.467766
1503.549112
1503.787213
1503.936348
1503.952609
1504.018514
1504.352829
1504.630252
1504.991969
1505.060372
1505.218109
1505.220854
1505.361306
1505.557832
1505.900585
1506.712986
1506.863923
1507.659407
1507.956408
1508.448788
1508.633149
1509.284291
1509.287936
1509.300306
1509.645271
1510.083707
1510.111560
1510.523085
1511.339295
1511.966720
1511.973519
1512.692695
1512.899215
1513.079398
1513.214566
1513.678602
1513.797837
1514.903306
1515.057193
1515.389338
1515.478344
1515.735859
1515.943404
1516.263301
1516.432630
1517.252854
1517.465231
1517.740401
1518.112727
1518.193091
1518.626570
1518.738924
1519.706317
1520.363971
1520.427254
1520.890675
1521.299005
1521.758945
1521.867899
1522.149294
1522.494259
1522.659246
1522.748252
1522.774344
1523.049513
1523.433964
1523.613286
1523.645563
1523.680952
1523.700367
1523.820790
1523.929293
1523.949322
1524.835205
1524.876698
1524.971684
1524.996219
1525.044429
1525.082317
1525.205647
1525.256151
1525.415158
1525.481923
1525.567447
1525.713797
1525.792522
1525.996872
1526.000148
1526.421135
1526.608527
1527.071171
1527.292109
1527.919739
1528.082391
1528.340275
1528.393155
1528.401674
1528.770191
1528.991703
1529.085706
1529.092997
1529.117368
1529.154806
1529.161892
1529.294438
1529.410888
1529.416049
1529.455616
1529.488466
1529.755525
1529.768796
1529.988383
1530.185523
1530.652549
1530.695025
1531.235410
1531.389624
1531.625103
1531.794964
1531.972977
1532.292096
1532.412068
1532.608061
1532.649021
1532.900516
1533.096591
1533.142589
1533.183754
1533.415956
1533.439427
1533.460480
1533.863444
1534.255391
1534.258872
1534.342431
1534.398546
1534.443028
1535.139594
1535.321866
1535.470141
1535.478129
1535.483290
1535.514993
1535.741297
1536.022364
1536.136192
1536.514744
1536.538665
1536.573768
1537.174733
1537.268122
1537.540424
1537.559224
1537.596129
1538.398372
1538.720154
1538.886697
1538.966036
1539.001426
1539.084001
1539.668091
1540.147855
1540.198932
1540.276060
1540.281426
1540.389888
1540.469514
1540.732436
1540.875837
1540.979261
1541.456282
1541.487411
1541.550244
1541.669847
1541.937480
1541.964923
1542.362563
1542.638879
1542.792888
1542.928957
1542.940795
1542.980403
1543.040451
1543.466230
1543.888118
1544.278508
1544.346911
1544.353423
1544.353874
1544.367063
1544.372388
1544.415887
1544.472617
1544.490107
1544.666685
1544.714240
1544.917770
1545.046548
1545.158410
1545.307587
1545.954918
1546.475274
1546.486252
1546.800906
1546.899374
1547.188019
1547.242168
1547.631616
1547.823186
1547.875574
1548.374589
1548.666839
1548.670116
1548.929679
1549.095895
1549.099295
1549.114614
1550.981816
1553.462559
1553.643725
1553.783767
1553.873674
1554.125660
1554.230026
1555.028009
1555.037757
1555.587195
1555.725353
1556.768604
1556.996669
1557.096284
1557.155840
1557.243249
1557.417370
1557.490156
1557.762949
1557.942313
1557.994947
1558.368461
1558.478397
1558.554624
1558.630687
1558.755082
1559.308288
1559.613358
1560.034468
1560.197530
1560.221655
1560.520991
1561.271296
1562.098360
1562.303611
1562.908385
1563.721605
1563.824988
1565.139517
1565.519790
1565.905347
1565.952123
1566.400266
1566.414111
1566.449910
1566.605230
1566.608957
1566.711931
1566.725489
1566.893015
1566.902600
1567.898542
1567.942656
1567.992381
1568.013107
1568.076513
1568.452239
1568.565494
1568.914760
1569.784627
1569.863967
1570.091827
1570.099978
1570.104566
1571.054633
1572.143555
1572.272456
1572.406026
1572.765983
1572.805181
1573.146788
1573.329920
1574.213550
1574.714327
1575.149527
1575.229235
1575.243039
1575.255654
1575.378780
1575.647887
1575.979622
1576.006042
1576.331428
1576.827208
1577.145180
1577.521234
1577.739674
1578.135142
1578.231316
1578.254131
1578.419651
1579.435172
1579.834040
1579.931607
1579.957821
1580.019671
1580.113428
1580.223488
1580.226478
1580.262932
1580.426936
1580.949627
1581.325271
1581.358121
1581.374095
1582.225162
1582.348001
1582.352998
1582.432010
1582.645043
1582.866678
1583.856845
1584.470262
1585.024573
1585.062584
1585.280369
1585.644913
1586.029732
1586.046976
1586.082120
1586.324357
1586.424300
1586.608824
1587.276595
1587.587686
1587.725189
1587.760783
1588.500275
1588.699750
1589.001093
1589.073715
1589.121925
1589.165138
1589.255660
1589.379277
1589.563269
1589.628436
1591.228539
1591.711293
1591.857275
1591.916134
1592.003092
1592.062771
1592.300380
1592.365548
1592.499978
1592.548557
1592.579236
1592.757289
1593.026355
1593.077432
1593.161605
1593.295503
1593.650463
1593.831424
1593.904128
1594.248643
1594.453197
1594.515866
1595.188552
1596.175811
1597.074637
1597.215334
1597.511762
1597.637181
1597.968384
1598.302003
1598.468751
1598.838661
1598.884618
1599.110021
1599.274435
1599.292867
1599.303311
1599.339069
1599.495250
1599.592161
1599.704351
1599.817155
1599.911404
1599.951954
1600.060498
1600.602112
1601.062666
1601.154417
1601.691279
1602.637169
1602.719416
1602.794291
1602.938634
1603.003597
1603.021537
1603.550331
1603.778150
1603.838730
1604.091986
1604.204667
1604.529480
1604.648837
1604.672184
1605.266760
1605.616189
1605.849743
1606.283756
1606.463734
1606.498591
1606.854042
1607.005962
1607.325573
1609.009193
1609.745285
1610.249421
1612.233482
1612.280463
1612.557271
1613.213737
1613.742162
1613.925868
1615.360041
1615.927419
1615.964774
1616.168878
1616.274555
1616.473170
1616.534446
1616.762552
1617.199718
1617.614848
1617.774879
1617.809408
1617.946952
1617.956250
1618.463744
1618.719252
1618.752225
1620.019773
1620.391977
1620.813824
1621.366989
1621.471191
1621.971804
1622.034596
1622.183240
1622.305997
1622.729359
1622.869115
1622.873334
1623.692616
1623.794156
1624.013537
1624.299192
1624.304845
1624.310989
1624.412897
1625.062031
1625.069568
1625.701990
1626.088489
1626.116915
1626.134733
1626.426941
1626.669834
1626.962043
1627.043512
1627.474084
1627.542282
1627.702845
1627.839652
1628.012298
1628.565012
1628.711322
1629.016023
1629.091226
1629.111624
1629.184655
1629.234053
1629.304463
1629.510615
1629.655859
1629.667123
1629.868974
1629.973750
1630.033633
1630.927217
1631.133737
1631.142134
1631.271158
1631.339192
1631.347016
1631.585075
1632.703119
1632.901161
1633.130865
1633.197056
1633.307771
1633.456333
1634.022728
1634.365768
1634.791178
1634.791588
1634.854052
1635.096658
1635.212984
1635.889562
1635.926303
1635.951084
1635.999457
1636.158669
1636.210975
1636.250911
1636.309361
1636.407050
1636.628070
1636.761436
1637.167186
1637.279703
1637.477335
1638.203802
1638.255124
1638.433382
1638.447841
1638.453166
1638.571827
1638.670746
1638.767739
1638.966477
1638.977536
1638.984499
1638.987653
1639.080018
1639.193518
1639.315620
1639.484539
1639.574241
1639.661363
1639.816233
1639.821476
1639.978394
1640.136294
1640.335319
1640.530739
1640.666235
1640.684339
1640.734925
1640.875131
1640.892457
1640.910234
1640.950333
1641.198469
1641.218540
1641.250406
1641.323438
1641.419981
1641.489408
1641.591890
1642.044621
1642.051502
1642.085704
1642.531185
1643.276739
1643.799470
1643.912356
1643.959706
1644.300534
1644.343910
1644.758835
1644.818801
1644.942254
1645.025034
1645.082624
1646.908662
1647.720243
1649.192837
1649.372160
1650.265661
1650.403574
1650.406154
1650.650604
1650.722939
1650.846147
1650.855977
1651.220439
1651.423642
1651.450266
1651.697009
1651.754680
1651.938632
1651.941704
1651.976561
1652.015718
1652.069581
1652.186399
1652.453908
1652.475331
1652.761518
1652.840284
1652.886897
1653.021286
1653.032428
1653.246566
1654.078464
1654.255739
1655.052042
1655.536353
1655.707812
1656.545280
1656.899994
1656.983880
1657.273262
1657.282437
1658.659226
1662.430454
1662.670152
1662.847713
1662.855496
1663.505449
1663.649587
1663.775416
1664.404767
1664.549028
1665.625006
1665.716511
1665.798881
1665.860362
1665.967473
1665.971814
1665.979392
1666.443305
1666.738422
1667.092029
1667.398287
1668.598538
1669.223137
1669.396029
1669.705032
1669.858058
1669.893079
1669.899715
1669.971886
1670.016041
1670.492652
1670.730547
1670.816563
1670.882673
1670.997238
1671.082435
1671.192248
1671.201423
1672.883446
1673.536799
1673.745531
1673.849569
1674.041467
1676.028396
1676.237251
1676.743885
1676.801966
1677.257196
1677.495173
1677.641236
1678.184284
1678.457651
1678.601298
1678.989967
1679.869542
1680.187761
1680.207954
1680.356844
1680.425411
1680.594780
1681.251983
1681.578435
1682.357002
1682.935890
1682.972017
1683.780731
1685.192090
1687.056220
1689.156895
1689.178399
1689.439887
1689.640509
1690.223657
1690.352108
1691.276165
1691.497349
1691.600527
1691.995177
1692.205588
1692.522209
1692.833260
1692.952945
1693.007995
1693.145375
1693.165937
1693.221601
1693.319782
1693.791519
1694.342799
1695.830139
1696.200950
1697.624064
1697.961083
1698.250506
1698.492539
1698.559304
1698.687468
1698.819932
1699.360727
1699.495281
1699.601244
1699.752264
1699.927859
1700.308869
1700.474388
1700.830044
1701.251727
1701.448335
1702.018703
1702.170419
1702.513172
1702.633636
1702.750044
1702.851912
1702.871736
1703.101481
1703.146414
1703.177953
1703.352812
1703.666319
1704.240169
1704.419287
1704.568340
1704.721121
1704.884634
1704.974008
1705.016279
1705.317130
1705.408266
1705.443656
1705.461146
1705.572762
1705.604997
1705.624207
1705.668485
1705.804964
1705.815695
1705.833841
1705.843098
1705.892413
1705.993830
1706.209116
1706.414899
1706.526679
1706.606428
1708.638167
1708.644966
1708.748022
1709.019095
1709.482189
1709.722911
1709.840343
1709.945897
1711.563776
1712.636150
1713.673380
1714.555576
1715.320709
1715.656622
1715.737600
1716.437484
1718.690284
1718.711869
1718.745743
1718.919291
1719.027958
1719.279084
1719.479132
1719.532544
1719.546266
1719.594680
1720.065720
1720.263803
1720.274330
1720.306401
1720.383570
1720.680202
1721.159598
1721.249178
1721.322701
1721.380782
1721.398190
1721.686057
1721.916948
1721.953116
1722.003702
1722.088899
1722.570383
1722.580787
1722.601062
1722.760274
1722.850714
1723.197112
1723.254292
1723.499397
1723.717591
1724.169052
1724.390687
1724.600197
1724.699443
1724.703007
1724.754166
1724.878070
1724.882903
1724.941763
1724.965601
1725.301187
1725.593846
1725.830226
1726.488412
1726.616699
1726.879048
1726.990295
1727.729951
1727.878676
1727.886254
1729.243546
1729.254236
1729.295811
1729.365729
1729.690337
1729.729004
1729.749361
1729.753580
1729.788109
1729.954202
1730.238546
1730.308874
1730.416763
1730.549309
1731.067003
1732.283023
1733.183898
1733.979996
1734.335529
1734.342287
1734.674063
1734.738944
1735.512760
1736.632361
1736.752087
1736.851169
1737.210225
1737.448325
1737.511854
1737.529754
1737.568297
1737.624863
1737.829253
1738.155459
1738.245284
1738.258637
1738.297508
1738.634076
1739.204649
1739.484365
1740.345590
1741.787013
1742.157210
1744.470508
1744.604201
1744.682066
1745.101210
1745.406935
1745.469522
1745.682842
1745.919877
1746.423890
1747.808215
1748.535542
1748.776837
1748.894761
1749.053645
1749.330248
1751.132365
1751.189914
1751.331308
1751.378452
1751.409664
1751.600865
1751.618191
1751.891517
1752.262001
1752.361247
1752.470856
1753.018040
1753.824379
1753.944801
1754.067722
1754.247291
1754.449961
1754.702889
1754.714849
1754.776986
1754.849034
1754.960814
1755.048755
1755.391058
1755.479818
1755.770225
1755.875123
1793.416684
1793.579336
1793.758659
1794.036695
1794.794578
1794.837381
1796.086620
1796.786053
1796.908237
1797.571789
1797.809971
1798.179512
1798.194094
1798.410199
1798.541353
1798.716006
1798.806241
1798.890701
1799.013868
1799.622083
1799.770358
1800.242627
1800.752169
1801.816146
1801.909330
1802.071736
1802.872996
1803.457536
1803.483054
1803.624530
1803.917599
1804.056986
1804.349399
1804.786688
1804.907889
1804.947374
1805.062554
1805.327278
1805.391749
1806.023270
1806.160650
1806.277468
1806.586880
1807.312445
1807.457485
1807.785165
1807.952691
1808.496722
1808.555172
1808.709018
1808.734249
1809.508188
1809.706967
1811.817267
1812.733420
1813.544305
1813.838684
1813.985280
1814.385951
1814.594273
1814.810583
1815.449068
1816.188027
1816.360468
1816.404951
1816.503501
1816.721859
1816.916009
1817.432105
1817.659433
1818.399212
1818.425795
1818.664837
1819.319828
1820.531466
1820.935905
1821.329900
1821.679002
1822.046085
1822.427259
1822.508442
1822.795244
1822.925251
1823.229829
1823.757967
1823.976735
1823.979930
1824.113746
1824.156467
1824.771973
1824.988078
1825.593713
1825.659945
1826.171290
1826.228634
1826.379489
1827.524772
1827.874243
1828.132987
1828.834386
1828.916879
1829.152727
1829.544468
1829.638595
1829.921055
1829.991055
1830.201836
1830.411960
1831.540777
1831.546266
1832.418427
1832.619581
1832.710676
1833.551667
1833.557402
1833.566003
1834.589307
1834.724311
1835.107492
1835.186012
1835.513856
1836.838339
1837.349724
1837.389251
1837.810033
1838.110228
1838.572421
1838.575944
1838.579835
1838.717133
1839.514419
1839.655772
1840.071229
1840.136315
1840.368476
1840.915456
1840.928522
1841.056850
1842.074337
1842.086707
1842.333368
1842.707988
1842.838282
1842.955141
1843.002040
1843.176038
1843.474473
1843.672842
1843.772088
1843.967386
1843.978854
1844.042260
1844.093624
1844.183450
1844.226867
1844.314153
1844.443259
1844.463288
1844.521533
1844.529398
1844.600013
1844.630733
1844.656988
1844.703437
1844.723712
1844.759020
1845.129585
1845.209252
1845.368627
1845.455749
1845.474017
1845.657928
1845.769052
1845.905039
1845.976392
1846.116762
1846.192620
1846.412452
1846.502195
1847.010673
1847.028736
1847.310377
1847.593329
1847.609385
1848.682824
1848.791654
1848.964014
1849.124700
1849.227387
1849.678029
1851.212104
1851.294392
1851.408507
1851.561984
1851.655332
1852.046172
1852.087501
1852.240282
1852.428861
1852.469453
1852.563743
1852.599992
1852.690883
1852.774441
1853.036503
1853.397238
1853.457940
1853.511066
1853.553869
1853.821952
1853.940449
1854.123254
1854.226514
1854.300652
1854.504919
1854.755308
1854.980915
1855.029166
1855.044157
1855.105106
1855.537848
1855.977677
1855.981240
1856.496148
1856.642335
1856.713933
1856.806994
1856.819118
1857.177928
1857.192755
1857.239409
1857.522975
1857.973535
1857.991229
1858.295235
1858.391204
1858.522849
1858.579087
1859.475743
1859.500892
1859.551355
1859.624837
1859.752264
1859.834798
1860.528947
1861.080883
1861.474058
1861.983437
1862.002729
1862.070190
1862.167921
1862.709699
1862.990275
1863.129047
1863.133921
1863.198433
1863.709204
1863.900365
1864.303084
1864.793088
1867.783127
1868.891300
1869.007585
1869.167206
1869.226271
1869.460357
1870.089134
1870.257766
1871.039980
1871.230853
1871.729992
1872.115057
1872.820224
1872.963215
1873.386947
1873.405420
1873.577738
1873.705492
1874.390221
1874.449121
1874.510684
1875.498312
1876.310139
1876.442194
1876.904509
1877.189837
1878.088131
1878.269870
1878.469837
1878.480568
1878.679101
1879.319101
1879.715922
1879.815578
1881.022382
1881.228780
1882.058138
1882.130964
1882.373448
1883.158815
1883.568374
1883.638661
1883.773133
1884.412232
1884.976865
1885.154755
1885.743432
1885.858079
1887.217951
1887.389901
1887.803679
1887.963054
1888.820756
1889.184727
1889.296507
1889.848156
1889.911603
1890.139382
1890.464399
1890.664653
1890.703974
1890.763776
1890.864087
1891.592315
1891.869532
1892.190618
1892.208230
1892.247552
1893.099233
1893.468037
1893.970985
1894.180741
1894.413885
1894.612009
1895.321068
1896.240824
1897.421660
1899.503657
1899.624612
1900.334408
1900.533678
1900.631204
1901.105848
1901.309256
1902.170276
1902.309745
1902.590362
1902.820803
1903.064187
1903.449743
1903.673016
1903.749325
1904.760218
1905.087775
1907.723960
1908.947722
1909.263483
1910.175048
1910.850806
1911.074406
1911.546675
1911.759299
1911.913308
1912.020623
1912.331100
1913.455206
1914.246021
1914.453565
1914.528236
1914.732052
1914.770842
1914.809385
1914.869350
1915.035279
1915.222467
1915.629363
1916.038226
1916.437135
1916.863652
1917.424312
1917.620306
1917.685719
1917.867745
1918.155203
1918.242980
1918.340751
1918.446920
1918.560297
1918.673674
1918.784266
1919.478211
1919.814984
1920.221020
1920.346071
1920.474808
1920.712131
1920.831447
1920.841933
1920.974766
1920.985948
1921.478861
1921.715446
1923.065979
1923.090555
1923.464479
1923.679846
1923.737846
1923.758408
1924.182999
1924.335698
1924.558889
1925.009695
1925.294449
1925.304525
1925.322342
1925.550244
1925.597716
1925.631590
1925.871370
1926.175130
1926.728335
1927.205806
1927.775601
1927.799562
1928.481055
1928.561050
1928.629330
1931.766538
1932.413870
1932.938240
1934.282383
1934.439547
1934.730240
1935.138324
1936.262963
1936.508191
1938.559304
1939.230188
1940.079452
1941.172388
1941.434163
1941.836104
1941.840077
1942.186312
1942.518948
1942.756106
1943.542047
1943.772037
1944.162427
1944.542986
1944.684503
1944.809759
1944.828027
1946.212065
1946.769940
1948.643574
1949.534290
1950.246216
1950.574551
1950.577828
1950.830141
1951.065989
1951.697715
1951.766856
1952.456499
1952.784998
1952.803881
1952.959324
1953.207132
1953.304699
1953.352458
1953.482670
1954.848440
1955.003228
1955.160474
1955.900211
1956.356506
1957.497774
1957.889761
1957.991670
1958.858875
1959.344374
1959.468974
1960.471716
1960.729354
1960.805294
1960.939397
1961.218949
1962.260316
1962.846495
1962.861404
1962.958029
1963.248353
1963.510415
1963.828265
1964.729876
1965.124076
1965.797089
1966.086922
1966.779843
1966.898913
1967.004385
1967.325307
1968.513720
1968.615875
1969.342996
1969.453097
1969.489142
1970.586624
1970.710651
1971.439247
1971.497697
1971.701678
1973.929042
1974.147645
1974.225265
1974.267658
1974.271836
1974.370550
1974.412452
1975.330529
1977.578537
1978.128056
1978.378609
1978.657915
1978.886554
1978.981048
1979.548754
1980.256174
1980.535603
1980.626985
1980.756255
1980.900024
1980.931891
1981.118341
1981.853532
1981.860946
1982.963139
1983.171338
1983.176581
1983.276196
1983.412511
1983.469199
1983.849718
1984.312975
1984.835707
1984.890348
1984.932127
1985.252024
1985.480294
1985.550090
1985.659412
1985.681162
1985.931100
1986.837176
1987.119800
1987.282002
1987.641262
1987.840819
1987.967058
1987.992371
1988.143882
1988.263690
1988.493558
1988.863427
1989.298135
1989.546598
1989.560074
1990.433751
1991.143178
1991.190077
1992.156692
1994.372465
1995.671798
1997.791928
1998.789837
1998.957773
1999.178179
1999.259075
1999.350661
2000.032768
2000.120996
2000.157327
2001.454449
2001.527562
2001.867776
2001.871913
2001.942405
2002.119557
2002.219131
2002.365604
2002.633236
2003.250504
2003.890831
2003.918889
2004.596572
2004.611850
2004.928553
2005.009326
2005.758239
2007.135969
2007.483679
2007.662387
2008.191877
2008.536515
2009.781821
2009.954181
2010.277478
2010.790420
2011.002266
2011.419730
2011.787551
2011.959788
2012.457411
2013.226721
2013.231022
2013.301760
2013.382779
2013.492101
2013.773210
2014.402028
2014.498488
2015.146394
2015.912059
2016.312115
2016.600392
2017.241825
2017.488077
2017.566761
2018.548654
2019.021210
2019.293594
2019.856957
2020.186767
2020.760248
2021.164687
2021.410324
2021.554995
2021.832745
2022.994985
2023.986422
2024.667177
2024.924815
2025.073050
2025.272197
2025.510011
2025.522627
2026.140836
2027.241226
2027.447337
2027.505050
2028.334612
2028.992676
2029.242491
2029.349806
2029.772308
2030.401782
2030.525850
2030.718280
2030.820598
2030.922506
2030.997709
2031.011103
2031.497216
2031.547679
2031.783485
2031.844966
2031.927869
2031.932129
2032.159744
2034.478326
2034.702950
2035.758080
2035.899965
2036.003922
2036.146627
2036.154368
2036.910653
2037.818982
2038.746522
2038.769664
2038.817587
2039.200236
2039.680901
2040.034550
2040.337859
2040.552325
2041.068175
2041.208300
2041.861448
2043.303772
2043.582341
2043.708498
2043.748311
2044.103352
2044.114657
2045.556163
2046.004961
2046.058701
2046.071030
2046.159790
2046.367212
2046.623662
2046.788772
2047.004713
2047.217623
2047.368192
2047.585485
2047.598305
2047.878513
2047.965716
2048.041206
2048.452608
2048.833536
2049.120788
2049.415127
2051.150766
2051.464561
2052.013056
2053.340160
2054.154691
2055.430472
2055.486177
2055.860470
2056.378368
2056.998502
2057.128919
2057.361613
2058.405765
2058.560963
2058.569196
2059.621745
2060.121784
2060.181791
2060.522127
2060.837151
2061.870285
2061.899817
2062.034002
2062.360371
2062.882611
2062.992794
2063.104000
2064.156262
2064.301752
2064.732570
2064.786268
2064.827761
2064.981893
2065.478369
2065.692631
2065.749975
2065.860895
2065.915576
2066.025677
2066.448138
2066.514289
2066.825257
2067.290890
2067.473531
2067.571139
2067.743621
2070.581862
2070.790922
2071.138673
2072.665334
2072.963236
2073.035858
2074.116178
2074.917519
2075.153572
2075.530732
2075.552236
2075.637883
2075.651400
2076.056248
2076.115067
2077.114900
2077.242900
2077.382656
2077.666591
2078.514012
2078.522122
2078.793892
2078.836244
2078.856397
2080.319939
2080.535839
2080.592159
2080.920781
2081.138975
2081.405665
2082.285609
2082.291384
2082.972303
2083.100754
2083.150848
2083.272458
2083.380920
2083.985162
2084.328325
2084.353106
2084.656579
2085.351547
2086.091325
2086.110413
2086.641869
2087.957668
2088.071332
2088.284078
2089.082225
2089.319793
2089.398272
2089.406464
2089.452872
2089.629368
2089.642189
2089.662423
2089.745121
2089.784525
2089.804186
2089.810657
2089.869353
2089.890202
2090.090086
2090.665738
2090.755277
2090.866442
2090.968105
2090.976461
2091.196621
2091.295580
2091.597210
2091.648410
2092.296847
2092.820767
2093.917880
2094.015283
2094.025196
2094.421443
2096.888627
2097.192018
2097.250796
2097.256817
2097.319813
2097.501225
2098.107965
2098.914509
2099.012321
2099.123610
2099.325092
2099.679928
2099.881452
2099.905823
2100.176282
2100.495606
2100.513178
2100.576993
2100.705239
2100.746772
2100.829184
2102.999532
2103.220142
2103.585751
2105.368371
2105.610527
2105.968026
2108.292710
2110.694072
2111.488901
2111.690383
2113.277542
2115.517276
2115.688776
2115.890258
2116.316733
2116.393001
2116.398653
2116.825457
2116.890296
2116.894802
2117.083750
2117.149204
2117.190164
2117.230592
2117.242429
2117.527265
2117.938012
2118.030828
2118.258237
2118.284083
2118.502113
2118.891848
2119.002153
2119.070106
2119.086162
2119.277691
2119.948001
2120.007311
2120.237998
2120.294031
2120.472494
2120.756265
2121.036268
2121.114993
2121.779692
2121.963643
2124.012175
2124.247532
2124.398920
2124.675686
2125.329531
2125.401989
2125.582459
2125.674004
2125.778575
2126.056653
2126.066565
2126.770340
2129.211720
2129.297695
2130.244936
2132.569334
2132.815053
2133.128929
2134.934610
2135.013786
2135.103529
2135.355515
2135.397990
2137.063219
2137.164104
2137.616343
2138.576814
2140.165161
2141.419274
2141.648404
2141.780378
2141.976822
2142.478868
2142.539776
2143.390884
2143.440159
2144.875233
2144.980787
2145.452769
2145.559265
2146.094572
2146.294948
2146.925650
2147.336356
2147.371500
2147.660841
2148.105421
2148.544020
2148.626719
2148.939694
2149.162025
2150.063268
2150.143672
2150.219858
2150.761431
2152.128717
2152.356659
2152.724972
2154.514678
2155.382702
2155.748884
2156.068454
2156.560138
2156.725903
2157.794304
2158.035558
2158.405591
2159.064719
2161.191158
2161.723556
2161.763738
2162.446746
2163.439288
2163.478405
2163.682591
2163.910083
2163.936051
2163.975987
2164.096123
2164.947026
2165.322383
2166.807839
2167.623066
2167.748649
2167.828480
2168.875622
2169.240699
2170.340598
2170.344694
2171.801641
2171.948442
2172.445041
2172.677775
2172.847473
2173.189898
2173.208740
2173.782221
2174.454252
2175.352136
2175.378842
2175.505080
2175.956050
2176.540959
2177.246003
2177.332675
2178.298348
2178.948751
2180.163461
2180.446577
2180.935926
2181.134295
2181.831270
2185.449472
2186.977403
2187.033559
2187.283988
2187.315282
2187.786691
2189.170893
2189.488374
2189.507994
2189.511885
2192.063939
2192.100475
2192.194806
2192.680264
2193.358725
2193.869701
2193.914757
2194.826199
2196.457062
2196.705444
2197.529190
2198.564332
2199.558840
2199.648707
2199.671357
2199.747625
2199.763272
2199.776748
2199.784202
2199.799439
2200.068588
2200.107418
2200.131707
2200.218952
2200.333967
2200.647434
2200.784323
2200.943084
2201.001656
2201.684173
2202.068173
2202.083697
2202.247168
2202.594140
2207.491482
2207.501599
2207.616369
2207.640781
2207.689728
2208.276890
2209.636065
2210.365972
2210.381783
2210.560901
2210.595922
2210.921718
2211.064873
2211.144335
2211.412582
2212.955546
2214.310584
2215.383695
2215.757988
2218.138829
2218.840678
2219.145011
2219.346371
2220.266168
2220.940493
2221.804626
2222.700790
2222.985298
2224.086385
2226.051441
2227.417375
2227.528049
2228.716913
2229.186191
2230.431990
2231.229809
2231.943291
2232.605409
2232.756347
2233.045238
2233.063301
2233.673114
2233.761300
2234.569769
2236.721889
2238.919229
2239.129518
2239.786107
2244.418888
2244.675256
2245.094277
2245.457183
2245.495562
2245.501665
2245.503836
2245.507318
2245.513667
2245.533942
2245.537137
2245.540045
2245.558764
2245.599027
2245.914542
2246.201262
2246.223872
2246.533325
2246.757949
2246.859080
2247.190487
2247.292723
2247.472333
2247.651901
2247.663206
2247.791370
2247.919657
2248.012800
2248.647762
2249.630679
2249.740124
2249.764004
2249.869025
2250.076774
2250.239508
2250.280755
2250.326589
2250.420634
2251.507917
2251.928044
2254.267187
2254.653071
2254.675927
2255.048212
2255.369503
2255.553454
2255.824118
2255.827804
2255.973499
2255.976038
2256.115220
2256.146760
2256.357212
2256.835297
2257.048330
2257.052877
2257.061601
2257.245676
2257.341850
2257.408819
2257.512202
2258.177065
2258.404147
2258.784829
2259.083428
2259.187835
2259.387228
2259.638968
2259.703357
2259.782124
2260.021780
2260.701389
2261.331558
2261.398774
2261.460214
2262.406021
2262.524232
2263.084646
2263.186473
2263.853384
2264.034222
2264.169677
2264.176886
2265.612493
2265.962947
2266.526802
2266.754580
2267.209441
2267.771576
2269.807411
2272.772260
2273.130742
2274.738299
2275.307643
2276.092355
2276.102676
2276.551393
2276.899144
2277.382676
2277.748941
2280.354693
2280.952996
2281.405194
2283.798077
2284.923412
2285.480387
2285.696737
2285.745029
2287.291761
2288.661586
2290.322268
2290.335171
2290.872033
2291.002409
2291.104317
2291.390505
2291.891446
2292.234854
2292.509614
2292.635116
2292.849213
2293.041111
2295.199171
2297.855959
2297.936445
2301.017211
2301.237576
2302.882570
2303.204803
2303.256125
2303.270339
2303.771935
2304.166994
2304.573030
2304.586916
2304.729825
2304.786596
2305.355612
2305.405133
2306.224742
2306.529690
2306.936177
2307.959931
2309.625242
2310.479053
2310.571090
2310.748037
2310.768230
2310.783918
2310.787154
2310.797517
2311.034225
2311.172833
2311.721533
2311.802962
2313.399828
2313.437266
2315.960730
2317.003530
2317.745029
2317.983908
2317.988741
2320.045957
2322.390835
2323.134136
2323.592028
2324.907336
2325.446083
2326.296576
2326.793216
2327.345848
2327.346299
2327.350272
2327.382426
2327.384310
2327.392502
2327.393812
2327.396188
2327.396803
2327.399424
2327.722148
2327.854981
2327.900365
2328.014889
2328.256143
2328.405524
2328.597094
2328.621056
2329.386557
2329.902162
2330.030694
2330.147717
2331.052155
2331.103724
2331.407483
2331.610767
2332.110316
2332.328387
2332.602491
2333.077340
2333.118751
2333.242286
2333.246874
2333.257196
2333.390971
2333.545062
2333.640745
2333.932749
2334.012621
2334.074839
2334.106460
2334.290371
2334.358118
2334.361682
2334.862705
2335.329690
2335.414272
2335.506760
2335.572705
2335.913861
2336.258458
2336.368067
2337.111450
2337.586381
2337.780777
2339.154575
2339.818455
2340.334838
2340.356792
2340.380467
2340.443013
2340.799939
2340.807352
2341.061673
2341.256847
2341.580349
2341.846467
2341.854249
2342.717645
2343.158252
2343.272448
2343.290757
2343.293297
2343.550771
2343.729930
2343.765811
2343.817626
2343.853548
2344.012800
2344.386806
2344.426537
2344.632033
2344.909824
2345.115279
2345.272279
2346.009764
2347.514634
2347.722547
2348.162089
2348.615803
2348.726108
2348.764283
2348.907315
2349.206200
2349.296517
2349.408461
2349.473341
2349.484360
2349.773210
2350.308434
2350.488453
2350.921851
2350.933565
2351.141437
2351.500042
2351.723274
2351.838167
2352.256410
2352.476938
2352.573522
2353.954939
2353.976115
2354.550088
2354.599567
2354.818171
2355.071427
2355.373384
2355.499663
2355.576955
2355.908198
2356.071752
2356.183368
2356.953375
2358.337413
2358.463652
2358.591365
2359.518822
2360.066458
2361.602089
2361.994813
2362.092503
2362.375946
2362.382008
2362.774733
2362.864886
2363.126088
2363.710996
2364.290703
2365.119488
2365.423657
2365.844767
2366.108303
2366.483333
2366.584668
2366.639636
2366.807982
2367.686164
2368.543539
2369.197466
2369.400340
2369.568563
2369.727242
2369.836155
2369.867244
2370.249523
2370.420695
2370.448097
2370.615624
2370.630779
2370.735104
2370.746860
2370.807194
2370.853970
2371.142492
2371.322921
2371.441172
2371.542098
2371.672146
2371.769508
2371.772826
2371.857367
2371.936502
2371.992986
2372.047790
2372.077199
2372.097065
2372.211302
2372.316815
2372.360970
2372.461281
2372.524892
2373.032755
2373.100012
2373.113651
2373.146173
2373.531771
2373.547090
2373.581005
2373.731082
2373.866045
2373.891973
2374.090834
2374.167511
2374.419251
2374.595379
2374.733619
2374.949356
2375.052452
2375.330898
2375.398932
2375.439032
2375.469957
2375.643382
2375.858422
2376.070922
2376.300831
2376.642314
2377.102909
2377.290916
2377.500180
2378.155295
2482.879242
2483.847823
2483.852616
2484.216668
2484.221665
2484.698972
2484.969841
2485.759468
2485.885215
2486.673572
2486.990111
2487.189832
2487.402906
2487.673938
2487.862272
2487.925883
2487.929774
2488.134697
2488.136704
2488.194990
2488.274452
2488.468029
2488.598282
2488.633385
2488.706499
2488.796242
2488.887992
2489.112125
2489.261015
2489.263268
2489.386230
2489.474826
2489.798779
2489.905725
2490.012754
2490.056212
2490.092708
2490.184131
2490.581770
2490.782310
2490.870129
2490.977935
2491.145257
2491.245978
2491.347067
2491.533394
2491.596349
2491.737580
2492.101018
2492.170732
2492.346368
2492.460032
2492.779889
2493.287383
2493.881549
2494.164337
2494.659338
2494.719263
2495.198495
2495.273861
2496.013066
2496.236134
2496.255427
2496.282255
2496.533873
2496.565248
2496.580444
2497.138893
2497.274593
2497.431429
2497.595105
2497.665106
2497.957929
2497.963745
2498.097930
2498.420122
2498.639462
2498.646876
2498.717983
2499.211837
2499.521659
2499.596370
2499.627991
2499.642941
2499.866788
2500.175053
2500.477174
2500.775158
2501.433221
2502.042132
2502.069780
2502.318981
2502.581084
2502.599066
2502.880133
2503.119585
2503.597916
2503.882916
2503.918060
2503.998710
2504.013005
2504.131994
2504.376361
2504.621220
2504.668733
2504.742625
2504.846336
2504.889631
2504.983142
2505.092055
2505.599058
2505.994936
2506.647020
2506.851697
2506.957169
2507.049902
2507.139031
2507.550310
2507.609702
2507.910758
2508.063744
2508.123136
2508.276408
2508.330967
2508.336947
2509.390397
2509.501276
2509.535642
2509.562266
2509.611786
2509.712507
2509.798687
2509.847757
2509.920338
2509.954703
2509.984440
2510.167982
2510.233969
2510.280417
2510.352220
2510.505656
2510.532035
2510.666506
2510.969651
2511.238308
2511.278694
2511.406694
2511.474360
2511.523963
2511.773450
2511.972680
2512.217334
2512.316580
2512.601866
2512.786432
2512.808100
2512.861880
2513.092280
2513.101414
2513.123123
2513.223229
2513.253376
2513.262141
2513.266934
2513.274798
2513.565327
2513.699267
2513.945272
2514.044846
2514.248008
2514.351923
2514.479473
2514.642739
2514.692669
2514.725110
2515.146015
2515.164119
2515.190252
2515.330253
2515.429130
2515.461652
2515.462062
2515.579904
2515.615293
2515.668500
2515.932037
2516.507075
2516.860355
2517.149860
2517.270774
2517.396726
2517.526446
2517.785395
2518.248448
2518.329057
2518.499082
2518.524600
2518.542787
2518.716989
2518.816236
2519.082271
2519.466476
2519.502766
2519.648133
2519.713546
2519.891968
2520.092795
2520.124948
2520.282849
2520.302797
2520.456684
2521.736643
2521.769042
2521.891717
2521.974497
2522.189128
2522.376151
2522.581811
2522.679665
2522.718945
2523.028685
2523.200717
2523.666473
2523.803689
2523.942789
2524.039168
2524.272517
2524.557681
2524.935291
2524.989317
2525.043057
2525.095854
2525.349069
2525.583892
2525.667656
2525.765673
2525.948641
2526.147215
2526.240399
2526.304952
2526.398382
2527.058985
2527.175107
2527.250268
2527.340626
2527.394980
2527.410135
2527.467807
2527.879619
2527.894118
2528.026624
2528.409723
2528.557220
2528.668754
2528.917955
2529.000858
2529.430036
2530.001961
2530.041528
2530.334638
2530.341519
2530.603622
2530.707128
2530.804367
2530.892513
2531.045376
2531.067576
2531.082240
2531.196396
2531.261481
2531.405578
2531.463127
2532.188529
2532.277699
2532.312228
2532.831846
2532.850483
2533.081661
2533.148836
2533.371535
2533.525258
2533.995684
2534.532342
2534.563021
2534.848471
2535.235666
2535.425679
2536.410071
2536.743567
2536.854487
2537.308160
2537.371402
2537.461064
2537.831096
2537.863578
2537.912361
2537.983713
2539.032248
2539.150541
2539.241841
2539.345510
2539.442381
2539.446190
2539.613471
2540.135670
2540.597043
2540.609700
2540.821422
2540.915671
2541.616292
2541.668065
2541.748552
2542.076355
2542.606336
2542.854840
2543.321620
2543.442903
2543.719301
2543.786680
2543.854346
2544.098714
2544.522895
2544.596992
2544.730563
2544.876626
2544.887030
2545.300726
2545.532723
2545.540792
2545.645036
2545.879532
2546.316247
2546.392556
2546.749932
2547.096207
2547.154043
2547.192177
2547.426468
2547.601818
2547.787244
2548.596122
2548.652032
2549.662433
2549.719982
2549.994168
2550.075269
2550.199419
2550.259876
2550.435103
2550.565683
2551.241974
2551.470572
2551.734886
2551.939523
2551.991542
2552.107540
2552.230994
2552.836833
2552.970158
2553.387704
2553.531105
2554.511811
2554.616586
2554.623549
2555.374346
2555.433656
2555.734712
2556.054692
2556.525404
2558.393467
2558.521385
2558.582211
2558.835302
2559.006106
2559.340954
2559.524782
2560.373350
2560.540549
2560.837960
2561.181696
2561.342382
2561.520026
2561.880801
2562.062787
2562.084291
2562.158100
2562.187264
2562.339267
2562.486682
2562.521047
2562.556846
2563.078636
2563.186565
2563.380552
2563.772416
2563.849421
2564.012237
2564.022231
2564.058112
2564.115046
2564.768686
2564.914504
2565.063967
2565.084692
2565.377884
2565.533737
2565.720187
2566.041231
2566.108979
2566.218097
2566.378537
2566.524764
2566.689792
2567.145472
2567.470244
2567.561953
2567.728169
2567.803658
2568.117002
2568.158781
2568.376893
2568.818483
2568.830853
2569.204244
2569.458033
2569.495716
2569.750118
2569.847030
2570.240041
2570.547732
2570.888602
2571.266212
2571.761951
2572.048138
2572.213289
2572.716728
2573.149594
2573.276774
2573.326049
2573.500047
2573.874749
2574.121165
2574.851154
2574.963753
2574.968545
2575.576351
2575.590810
2575.781806
2576.145039
2576.230851
2576.330465
2576.540549
2576.570368
2576.717824
2576.732160
2576.747602
2577.251574
2577.595187
2577.610547
2577.812603
2578.218353
2578.234614
2578.419220
2578.643763
2578.666045
2578.721014
2579.113574
2579.671245
2579.921306
2580.231823
2580.671775
2580.804936
2580.928881
2581.165425
2581.284004
2581.325251
2581.709414
2581.726618
2581.794775
2581.864366
2581.905900
2581.950218
2582.380380
2582.463980
2582.622126
2582.842204
2583.155139
2583.577436
2583.594066
2583.702774
2583.780188
2584.046428
2584.211087
2584.298045
2584.318280
2584.425185
2584.929608
2584.941076
2585.156690
2585.182986
2585.291366
2585.611428
2585.905398
2586.121708
2586.313032
2586.706739
2586.892861
2587.576934
2587.629855
2587.983258
2588.026798
2588.084388
2588.195963
2588.301926
2588.833300
2588.963308
2589.040394
2589.784105
2589.939999
2590.211686
2590.411735
2590.725939
2591.198863
2591.753421
2592.173507
2592.503808
2592.894648
2593.409679
2593.555702
2593.925284
2594.047918
2594.088428
2594.159821
2594.313011
2594.393498
2594.553815
2594.883420
2595.120865
2595.296256
2595.567698
2595.612017
2595.802030
2595.896607
2596.303217
2596.392550
2596.651459
2596.690166
2596.721705
2597.125120
2597.244109
2597.543772
2597.810094
2598.298501
2598.425682
2598.866043
2598.925312
2599.174021
2599.513702
2599.570596
2600.070103
2600.178319
2600.596890
2600.952504
2600.956641
2601.112044
2601.445130
2601.620849
2601.878651
2602.217103
2603.440292
2603.469660
2603.525571
2603.609948
2603.707761
2603.727913
2603.741184
2603.805041
2603.808932
2603.867996
2603.953971
2604.080292
2604.508652
2604.557885
2604.734792
2604.744417
2604.842230
2604.861358
2604.958106
2605.137756
2605.333750
2605.422674
2605.505700
2605.787873
2605.837230
2606.298071
2606.397112
2606.409564
2606.501151
2606.578278
2606.603100
2606.633001
2606.746051
2606.921196
2606.967480
2607.027569
2607.107031
2607.118377
2607.136276
2607.381586
2607.522202
2607.970181
2608.091013
2608.175391
2608.678912
2608.717373
2608.836690
2608.906854
2609.013064
2609.227612
2609.405624
2609.584046
2609.946501
2610.015846
2610.136924
2610.425201
2610.432205
2610.861261
2610.898043
2610.963784
2611.005481
2611.080479
2611.355320
2611.427205
2611.568108
2611.571016
2611.650683
2611.666248
2611.698770
2612.008100
2612.073554
2612.181156
2612.299407
2613.047337
2613.481513
2613.536973
2613.559706
2614.195651
2614.607012
2614.624461
2615.047823
2615.077806
2615.192740
2615.557898
2615.633920
2615.676846
2615.696015
2615.716741
2615.794647
2616.062894
2616.265892
2616.550482
2617.020580
2617.064653
2617.065882
2617.091973
2617.307136
2617.311969
2617.326305
2617.367716
2617.777275
2617.978470
2618.378772
2618.534420
2618.583941
2618.607903
2618.631127
2618.756792
2618.917151
2619.206124
2619.225661
2619.263140
2620.072509
2620.157993
2620.176220
2620.259205
2620.372091
2621.179044
2621.186703
2621.399122
2621.404324
2621.569229
2621.816750
2622.145987
2622.288732
2622.359224
2622.394368
2622.497997
2622.719959
2622.962278
2623.786557
2623.922872
2623.927255
2624.104694
2624.943104
2624.944128
2625.673626
2625.730765
2625.887928
2625.909719
2625.951007
2625.980252
2626.047222
2626.089124
2626.248335
2626.545787
2626.766971
2627.147571
2627.225436
2627.339469
2627.377684
2627.503104
2627.850076
2628.028129
2628.241777
2628.590428
2628.746363
2629.094646
2629.464064
2629.834875
2630.135890
2631.076332
2631.404380
2632.556462
2633.565348
2633.887908
2634.695639
2634.922721
2635.007263
2635.473797
2635.787141
2636.419400
2638.556938
2639.126897
2640.148644
2641.142047
2641.302733
2641.653760
2643.919749
2644.622172
2645.912125
2645.982372
2647.312671
2648.966595
2649.763840
2649.860465
2650.056704
2650.337239
2650.386678
2651.084349
2651.483382
2651.721605
2651.836989
2652.305531
2652.485878
2654.467277
2655.877202
2660.305920
2660.382310
2660.546847
2660.712817
2661.900820
2663.383695
2665.288663
2665.611715
2665.910559
2666.059203
2666.063053
2666.073129
2666.653614
2666.659553
2666.673684
2668.353782
2668.777595
2671.776604
2671.792742
2671.812936
2672.137380
2676.234158
2676.254228
2677.302968
2677.432279
2677.920440
2678.533243
2679.056630
2681.966387
2682.093486
2682.187817
2682.590781
2683.254948
2685.408625
2686.357381
2686.560461
2686.975795
2688.490988
2689.182228
2693.680169
2694.432358
2697.031270
2697.645138
2698.175447
2698.193510
2698.291241
2698.578575
2699.350630
2699.382866
2699.694694
2699.999683
2703.630582
2704.267018
2704.875643
2705.352253
2707.173949
2708.118774
2708.272251
2708.688568
2708.732027
2708.907090
2709.623972
2711.438541
2712.328643
2712.449925
2714.194371
2714.345185
2716.581683
2718.055752
2718.086554
2721.684480
2722.032312
2722.592522
2722.786509
2723.272663
2723.361096
2723.646464
2723.650109
2725.341471
2726.818120
2728.667464
2729.515459
2729.683681
2729.762365
2731.853455
2732.067062
2732.208456
2733.339771
2737.614234
2737.722941
2737.795973
2740.716298
2741.713019
2742.044795
2742.334341
2742.693888
2745.769820
2747.018281
2747.328430
2747.422147
2747.780628
2747.968471
2751.112315
2752.409887
2752.979108
2753.909268
2753.914143
2754.419507
2754.631393
2756.306985
2756.349583
2758.698885
2758.937395
2759.084524
2759.989166
2760.343020
2761.308488
2761.780019
2761.852191
2761.958728
2761.983140
2762.345718
2765.241057
2766.014874
2767.714140
2771.097518
2773.359329
2775.311647
2776.473805
2777.125765
2778.661847
2779.486822
2779.546460
2779.915960
2779.933778
2780.310979
2782.779269
2783.803310
2783.878840
2784.859546
2785.484104
2785.839350
2786.841068
2787.990815
2788.258857
2789.206139
2793.297347
2794.746143
2796.467487
2799.847301
2801.104978
2802.032722
2802.157650
2802.345042
2802.517484
2803.962634
2804.643963
2806.200812
2806.492774
2806.610371
2807.916954
2808.041718
2808.361411
2808.819835
2809.111634
2809.833021
2811.593400
2812.818391
2814.003446
2815.035351
2821.785395
2823.270932
2825.959629
2828.388270
2829.440164
2833.150730
2833.825915
2834.348851
2834.791547
2835.082035
2835.672801
2835.969597
2837.207859
2837.367030
2838.005146
2838.955909
2839.549256
2840.208384
2841.131991
2841.141903
2841.265766
2841.635348
2842.022584
2842.503086
2842.571694
2842.715054
2842.798039
2842.836132
2842.854892
2842.860052
2842.875290
2842.896056
2842.960036
2842.965770
2843.032904
2843.038638
2843.412603
2843.698954
2844.106056
2844.376310
2844.584755
2844.800778
2845.562716
2845.882040
2846.021018
2846.636728
2846.720778
2846.774190
2846.796841
2846.907515
2846.979400
2847.166669
2847.732736
2849.895424
2850.745139
2850.793431
2850.851471
2851.732726
2851.802276
2852.672143
2852.827668
2852.876001
2853.502853
2853.732844
2853.741404
2853.748367
2853.828977
2854.105375
2854.127698
2854.290473
2854.796943
2854.804111
2854.955049
2855.310459
2856.347034
2856.505549
2857.310126
2857.454264
2857.828311
2858.037453
2858.281370
2858.382705
2858.737050
2859.927716
2860.061655
2860.068372
2860.082749
2860.087624
2860.105769
2860.123136
2860.152340
2860.243067
2860.519424
2861.344604
2861.718651
2861.730243
2861.835919
2861.897933
2862.525604
2862.776525
2863.033958
2863.051489
2863.356641
2863.719588
2863.844884
2864.051896
2864.224788
2864.646636
2864.892109
2865.358234
2866.176819
2866.206515
2866.797691
2867.412378
2867.551969
2867.638518
2867.757875
2867.893412
2868.053443
2868.274340
2868.833321
2869.690286
2871.411425
2873.050030
2874.253517
2874.516316
2875.972403
2878.738842
2879.081595
2880.334766
2880.406323
2881.194885
2881.427866
2881.670103
2881.831567
2882.856264
2883.138806
2883.527188
2883.559137
2883.769958
2884.372234
2884.409426
2884.463370
2885.093499
2885.197742
2885.225554
2885.618115
2886.427730
2886.504407
2886.986752
2888.199086
2888.362189
2888.770519
2888.996741
2889.621627
2890.942095
2891.916493
2892.571279
2892.754125
2893.423739
2895.328707
2895.452529
2895.456174
2895.717622
2895.719875
2895.946220
2895.967232
2898.464850
2898.620211
2898.670756
2898.925363
2899.633029
2900.143636
2900.687258
2900.852285
2900.872315
2902.926172
2903.926579
2903.946117
2905.038889
2905.734676
2907.225866
2907.465810
2907.925176
2907.971953
2908.253757
2909.154181
2909.661430
2909.957325
2910.023680
2910.198374
2910.266040
2910.671708
2910.743388
2910.861066
2910.976614
2911.032156
2911.111455
2911.829606
2911.919882
2912.971366
2913.469030
2913.659085
2914.173747
2914.336727
2914.615132
2914.783560
2915.582157
2916.667884
2917.257175
2917.572157
2917.868667
2918.021898
2918.268600
2918.642975
2918.916588
2919.273636
2919.338967
2919.795384
2919.905690
2920.023613
2920.088904
2921.128878
2921.516810
2921.723699
2922.152182
2922.170778
2922.774897
2923.009679
2923.119944
2923.526676
2924.514222
2924.661637
2924.673311
2924.936520
2925.227991
2925.515776
2926.048502
2926.176379
2926.391501
2926.597325
2926.889411
2927.173263
2927.372902
2927.438643
2927.525765
2928.434340
2928.568115
2928.897597
2929.030267
2929.074545
2929.238303
2929.428685
2929.508147
2929.569382
2930.222735
2930.266235
2930.318295
2931.222364
2931.228631
2931.656991
2931.831398
2932.174479
2932.265656
2932.353884
2932.574413
2933.023293
2933.121516
2933.287199
2933.473034
2933.584364
2933.613281
2934.021243
2934.666813
2934.951117
2934.997893
2935.109018
2935.384023
2935.621140
2935.623352
2935.721411
2936.209367
2936.222433
2936.454717
2936.474337
2936.488100
2936.665784
2936.676393
2936.890409
2936.967209
2937.055150
2937.143501
2937.303368
2937.318932
2937.435464
2937.614787
2937.991782
2938.001039
2938.040279
2938.076447
2938.087424
2938.127688
2938.179912
2938.253066
2938.658775
2939.632067
2939.636736
2939.940823
2940.056125
2940.323758
2940.664136
2940.688343
2940.868772
2940.889702
2941.053706
2941.152788
2941.270262
2941.625385
2941.659587
2941.798113
2943.069143
2943.078687
2943.766282
2943.894774
2944.004301
2944.129147
2944.154378
2944.176783
2944.652902
2945.010196
2945.468785
2945.960960
2946.717245
2947.166495
2947.366093
2948.205650
2948.210811
2948.250173
2948.291953
2948.812964
2949.856133
2949.896151
2950.122414
2950.193889
2950.206587
2950.796001
2952.095703
2952.113848
2954.063954
2954.442260
2954.538516
2954.637271
2954.702356
2954.797957
2955.810284
2956.120146
2958.533591
2958.742610
2959.339192
2959.513149
2959.634760
2960.000369
2960.241377
2960.662774
2960.721961
2961.170145
2961.825137
2962.440806
2963.410289
2963.427451
2963.912663
2964.130693
2964.426588
2964.835000
2965.021942
2965.056512
2965.351793
2965.406720
2965.738865
2966.013092
2966.293340
2967.438172
2968.522220
2968.562442
2968.714650
2968.946115
2969.240003
2969.468969
2969.480970
2969.494282
2969.511813
2969.709527
2970.221076
2970.602250
2970.848092
2971.172618
2973.536543
2973.806838
2973.916447
2973.976494
2974.696694
2975.107318
2975.942779
2976.308306
2976.512451
2977.369948
2977.824072
2977.832182
2978.371625
2978.383626
2978.537841
2978.823741
2979.329434
2979.555983
2980.334305
2980.413850
2980.468695
2981.374812
2982.027059
2982.393037
2982.656942
2983.153664
2983.296532
2983.390126
2983.479337
2983.582720
2983.683400
2983.760568
2984.244388
2985.713541
2987.748966
2987.777229
2987.804467
2988.726968
2989.171794
2991.237857
2991.634964
2992.407306
2993.298145
2994.280612
2994.742559
2994.955715
2995.029115
2995.335660
2996.149207
2997.105213
2997.457224
2997.512602
2997.676073
2997.767332
2998.729359
2998.768108
2998.774497
2998.850478
2998.905692
2999.233167
2999.292805
2999.811072
2999.813734
2999.838884
3000.255324
3001.693962
3002.213581
3002.545316
3002.809139
3002.848174
3002.909614
3003.144806
3003.801477
3004.026020
3004.854149
3004.881510
3005.236224
3006.051164
3006.137303
3006.329037
3006.928159
3007.322563
3007.436964
3008.406610
3008.781517
3008.875520
3009.011016
3009.722614
3010.352824
3010.603090
3010.714501
3010.959237
3011.257098
3011.378094
3012.825006
3014.800138
3015.360389
3015.693844
3016.022057
3016.901140
3017.105818
3017.457050
3019.378196
3020.851282
3022.804582
3024.264110
3026.707456
3027.132129
3027.351593
3028.595098
3028.974141
3029.150843
3030.027592
3030.288261
3030.584115
3031.165051
3031.308411
3033.295954
3033.941484
3034.120561
3034.212393
3034.557317
3034.684088
3034.880287
3036.438036
3036.580454
3037.480018
3038.088192
3038.288118
3038.570496
3038.750966
3038.844109
3039.804908
3040.711680
3044.167598
3044.304691
3048.401142
3048.628593
3048.867717
3049.573704
3050.184868
3050.702848
3051.055186
3051.168031
3052.797010
3053.281075
3053.405798
3054.639350
3054.902682
3056.210944
3056.620913
3056.997253
3057.058939
3058.939822
3059.157402
3060.570276
3060.755210
3060.774339
3060.918026
3061.761229
3064.175206
3064.743936
3065.158697
3066.940047
3067.296563
3067.689411
3069.652296
3070.014628
3073.039974
3073.545994
3077.220024
3077.274583
3078.029640
3078.406595
3079.512187
3079.634371
3080.359076
3080.978268
3082.287964
