47.591506
47.797494
48.201564
48.247808
48.307200
49.779630
49.867489
49.959526
50.105999
50.424873
50.517443
50.592195
50.620129
50.635039
50.827551
51.590349
51.709952
51.832545
51.933184
52.005356
52.104356
52.223427
52.414874
52.479017
52.495114
52.816527
52.963574
53.107139
53.139374
53.276672
53.389640
53.490770
53.590958
53.751890
53.963039
54.003057
54.086042
54.142444
54.547415
54.717809
54.884434
54.954803
54.994002
55.223296
55.326474
55.717765
55.806976
56.061624
56.163287
56.216003
56.296284
56.398766
56.714813
56.861368
57.064776
57.187738
58.076324
58.498621
58.603930
58.680934
58.685440
58.933535
59.061576
59.246715
59.341332
59.480842
59.639112
59.653734
59.846984
59.888067
59.894497
60.052439
60.097331
60.200059
60.332564
60.820931
60.918743
60.931482
61.221765
61.294592
61.606461
61.785907
61.838991
62.014996
62.078157
62.099456
62.325678
62.434714
62.455112
62.721352
62.764237
62.783078
62.802371
63.272919
64.592077
64.605962
64.610427
64.732283
64.843162
64.867123
65.002496
65.179075
65.219215
65.579786
65.804370
66.070077
66.300887
66.997535
68.552622
68.630036
68.732887
68.806820
69.288796
69.293220
69.380096
70.365839
70.414213
70.834299
71.016161
71.049380
71.154688
71.168246
71.336182
71.560684
71.700357
71.826022
71.989494
72.451154
74.479206
75.115192
75.580621
75.593933
75.598438
75.766784
75.868733
76.266824
76.514345
76.909650
77.095772
77.615432
77.679575
77.721518
78.105600
78.194893
78.451139
78.541251
78.862418
78.985175
79.034245
79.139512
79.152579
80.615096
80.866550
80.948101
81.491026
81.787986
81.792860
81.813832
81.818214
82.262712
82.278236
82.284298
82.448630
82.872402
82.954240
83.027149
83.120865
83.170755
83.449733
83.687670
85.978194
86.201180
86.289572
86.391030
86.576988
86.823199
86.830449
86.834627
86.860104
86.865469
86.890496
86.914867
86.927606
86.982779
87.092142
87.531889
87.565312
87.574077
87.587103
87.597916
87.649280
87.696548
87.717601
87.730135
87.803412
87.823974
87.836877
87.845929
87.865467
87.970447
88.221286
88.375665
88.617615
88.755855
88.891187
88.907366
89.094226
89.104712
89.117204
89.287025
89.412936
89.463849
89.528852
89.686917
89.729925
89.738035
89.898557
89.971589
90.181960
90.264781
90.293944
90.400276
90.429891
90.439762
90.571489
90.638950
90.701455
90.743931
90.766950
90.781082
90.882458
90.907034
91.074355
91.117855
94.004019
94.019338
94.410834
94.712259
94.833623
94.990828
95.487263
95.534981
95.545631
95.868273
96.005325
96.056279
96.147538
96.163840
96.169042
96.394199
96.447078
96.474604
96.480748
96.610222
96.619438
98.492252
98.921021
98.936422
98.941993
99.114394
99.370885
99.633807
99.734528
99.752264
99.760005
99.865477
99.979182
100.010025
100.129382
100.181852
100.196884
100.210770
100.245504
100.382065
100.450058
100.491878
100.507197
100.736082
100.758897
100.915814
100.982825
101.035581
101.057946
101.405286
101.466276
101.484831
101.491220
101.498511
101.669396
101.720842
101.812470
101.872435
101.882061
101.992653
102.113321
102.187663
102.214042
102.343598
102.634947
102.730015
102.782280
102.791209
102.999368
103.048069
103.254630
103.316357
103.338148
103.588168
103.699415
103.783137
103.884022
103.984210
104.058020
104.183112
104.258724
104.389468
104.425636
104.582922
104.743444
104.776622
104.862843
104.893645
104.996209
105.142968
105.189540
105.430180
105.517957
105.839698
105.935340
105.996329
106.039132
106.131333
106.261914
106.493542
106.633708
106.697523
106.755523
106.846536
106.954629
107.056210
107.293164
107.414405
107.472773
107.518116
107.545027
107.556454
107.613962
107.623875
107.651072
107.661148
107.695964
107.727544
107.907482
108.304138
109.248799
109.324575
109.696369
109.780500
109.794345
109.799096
109.902152
110.332355
110.497915
110.681088
110.774477
110.820639
110.858322
110.869381
111.013315
111.084708
111.175885
111.274435
111.564472
111.636398
111.724339
111.868887
112.200376
112.241664
112.305439
112.411443
112.493322
112.520970
112.538460
112.628122
114.290729
114.330952
114.416886
114.567291
114.643845
114.650767
114.735555
114.740920
114.794619
114.857083
114.866913
115.041526
115.126026
115.187057
115.321774
115.440599
115.448955
115.470336
115.531448
115.535217
115.637780
115.914260
116.343276
116.412334
116.478321
116.584325
116.733665
116.856054
116.908237
117.095506
117.170422
117.268316
117.358838
117.664236
117.769871
117.912371
117.930271
117.979464
118.097183
118.126141
118.171361
118.272696
118.325985
118.405366
118.469550
118.581248
118.645637
118.732800
118.831514
118.866780
118.942884
119.013990
119.065928
119.258890
119.447675
119.925719
121.167380
121.310495
121.807380
122.036593
122.637722
122.713825
122.822001
122.842440
123.002921
123.683799
123.736433
123.753431
124.892242
124.969247
125.096960
125.111542
125.116170
125.134111
125.437297
125.537608
125.546291
125.756744
125.799506
125.868769
126.124524
126.232125
126.282220
126.354186
126.363730
126.883308
126.964040
126.983700
127.059026
127.251046
127.402107
127.467274
127.532810
127.552061
127.559516
127.729172
127.738225
127.804211
127.843574
127.962276
128.068362
128.215818
128.251822
128.316457
128.484188
128.651428
128.941793
128.952893
128.957932
129.077699
129.127629
129.203446
129.279918
129.333862
129.468416
129.572782
129.644872
129.784873
129.992049
130.055578
130.068808
130.211963
130.359091
130.487009
130.526863
130.867446
130.946294
131.019325
131.044844
131.152732
131.306947
131.350487
131.497452
131.629220
131.856179
131.934536
132.567409
132.672922
133.239726
133.455094
133.657805
133.673492
133.761884
133.798420
133.848269
133.865554
133.884068
134.016983
134.021202
134.118810
134.159974
134.297600
134.454682
134.688973
134.747709
134.814638
134.835528
134.970860
135.024558
135.090627
135.196877
135.358996
135.377879
135.448044
135.689953
135.809761
135.914373
136.112169
136.268349
136.323318
136.356291
136.444559
136.592097
136.667423
136.819712
136.846541
136.858337
136.864358
136.947753
137.062195
137.161646
137.225912
137.236603
137.241149
137.480110
137.550725
137.594388
137.605325
137.715671
137.897001
138.200474
138.309304
138.356163
138.425180
138.508820
138.658161
138.715013
138.759496
138.850796
139.066737
139.196662
139.504230
139.616584
139.667743
139.686543
139.692237
139.839324
139.899331
140.226847
140.333998
140.486042
140.529705
140.625265
140.632023
140.636774
140.931072
141.027410
141.034127
141.046252
141.075702
141.166879
141.175357
141.368812
141.720003
141.780214
141.869916
143.648932
143.792947
143.866266
143.902310
144.048005
144.123945
144.216023
144.355328
144.434217
144.469729
144.611328
144.663470
144.804577
144.824730
144.967639
145.074463
145.342464
145.355899
145.455923
145.584128
145.710490
145.867940
145.887969
145.932288
145.980908
146.058322
146.322924
146.410783
146.822103
146.853560
146.986721
146.999747
147.004908
147.197583
147.249603
147.568189
147.616604
147.624509
147.728998
148.103660
148.121887
148.193444
148.209705
148.220600
148.585718
148.655718
148.731126
148.765491
148.839178
148.945306
148.960993
149.053276
149.140152
149.265121
149.309153
149.375345
149.524726
149.649818
149.797601
149.804360
149.987000
150.031524
150.064251
150.113280
150.372516
150.483681
150.574899
150.611149
150.638715
150.998589
151.034225
151.089644
151.122207
151.217111
151.295672
151.464837
151.498506
151.579935
151.639736
152.204739
152.379965
152.727880
152.841626
152.998789
153.124250
153.256141
153.640755
153.835971
153.978798
154.488136
154.856571
154.901791
155.235041
155.241964
155.245773
155.326833
155.355382
155.434762
155.498906
155.586683
155.597087
155.711939
155.825889
155.892244
155.965071
155.999805
156.299018
156.421407
156.438733
156.627599
156.722176
156.792791
156.889334
156.930949
156.948439
157.051249
157.425172
157.444178
157.450691
157.747610
157.927956
158.080655
158.181417
158.281114
158.344561
158.563738
158.640374
158.711398
158.774559
158.800650
158.812570
159.191409
159.198085
159.204516
159.520358
159.631360
160.067871
160.118907
160.521789
160.545464
160.640287
160.731668
161.286472
161.520886
161.665597
161.712620
161.732731
161.738670
161.865114
162.041938
162.243830
162.411397
162.525389
162.893373
163.048448
163.464684
163.512074
163.763364
163.919380
164.121846
164.389601
164.427612
164.534149
164.817183
164.903322
164.922941
165.416182
165.869486
166.735421
166.876815
167.644447
167.821230
168.172093
168.568463
168.752456
168.950661
169.050276
169.214198
169.572270
169.630884
169.653617
169.928131
169.954796
170.099139
170.301112
170.453852
170.744381
170.817577
171.732910
171.914813
172.188590
173.144719
173.152215
173.160612
173.460193
174.050386
174.282220
174.553457
174.903665
175.560131
175.734907
175.951094
179.200164
179.348070
179.663380
179.710853
180.116316
180.625326
180.936622
180.968858
180.978729
180.983316
181.342044
181.924209
182.037258
183.559660
183.969014
184.257372
184.519475
184.538235
184.687084
184.909210
185.338020
185.463276
185.810412
186.230497
186.852434
186.881393
186.917642
186.980721
187.581686
187.705754
187.830968
188.543140
189.588767
189.670605
189.755433
190.349967
190.381588
190.599291
190.804173
192.022364
192.097116
192.469361
193.585439
194.342666
194.486682
194.654126
194.750956
194.909757
195.378381
195.424092
195.466322
195.688120
196.449935
196.995932
197.099110
197.860680
198.457713
199.028122
199.426417
200.168735
200.522711
201.360876
202.449306
202.535649
202.781368
203.042816
204.224758
204.374712
204.661514
204.982600
205.572342
205.937992
206.072832
206.493286
208.705946
209.100800
209.741169
211.050004
211.960218
213.401190
213.745377
214.052332
216.567276
218.249421
220.274729
220.428902
226.581996
227.467756
229.000151
234.529300
234.815857
239.915663
251.603108
260.515881
262.157722
270.652293
293.028577
294.686966
302.249411
303.155651
305.987625
328.167055
328.276009
329.279406
333.554442
336.706560
336.804577
337.746944
338.310431
338.433802
340.331397
340.691476
343.076782
346.436649
347.782144
348.279726
349.563781
350.863974
351.886172
358.256763
358.595420
360.444559
362.864599
366.845952
369.645036
373.603410
383.601295
385.430897
389.801615
390.773719
398.125752
401.984758
409.287188
412.722217
416.695050
423.979336
424.759910
432.490250
433.116488
438.796124
449.449779
450.924339
452.397629
452.830372
462.601339
475.876598
477.182935
485.810135
487.063511
487.430554
488.330977
490.175242
490.228204
490.538680
493.130138
495.533302
495.655404
496.292905
497.093878
497.098793
498.085601
498.580972
504.124129
505.500836
509.784474
513.874412
514.297364
526.601298
528.438272
529.176617
531.616604
541.531914
551.330447
560.937452
562.658386
562.948506
563.745219
565.377802
567.666401
568.175657
568.747909
574.605885
575.321784
583.086612
583.249224
588.275220
589.853082
590.437007
591.139553
592.909066
593.577452
594.663956
598.395904
603.434271
606.104084
611.573064
614.699950
624.536207
624.776643
625.450230
625.557176
627.555328
627.557990
632.304067
692.576051
694.112911
694.371779
694.473769
694.501417
694.512108
694.716293
694.866657
694.947594
695.042990
695.055524
695.063552
695.119585
695.164682
695.428792
695.489905
696.461066
696.693883
696.930755
697.262326
697.344287
697.391555
697.416868
697.778463
698.010829
698.018529
698.131907
698.209116
698.220339
698.257203
698.663404
698.854605
698.888602
698.898473
699.014513
699.043348
699.124859
699.261256
699.346862
699.445780
699.474371
699.493294
699.851571
699.973796
700.177285
701.150740
701.202596
701.913170
702.035763
702.168556
702.291927
702.371348
702.442824
702.599741
702.732165
702.802207
702.873764
703.018721
703.105188
703.290163
703.371387
703.474934
703.524332
703.676416
703.979110
704.018186
704.031990
704.040141
704.156426
704.240189
704.619069
704.695091
704.765010
704.849633
704.924303
704.972841
705.148682
705.168302
705.291715
705.409065
705.543127
705.611940
705.663918
705.869701
705.995366
706.013471
706.069832
706.294170
706.469478
706.516582
706.571305
706.731336
706.896241
707.047834
707.110339
707.297976
707.335578
707.477135
707.502203
707.690947
707.801825
708.018463
708.201718
708.244849
708.316324
708.361708
708.551639
708.585390
708.599849
708.790190
708.986102
709.035581
709.217567
709.381530
709.477212
710.215434
710.274007
710.576456
711.063880
711.336509
711.642071
711.709573
712.002109
712.155505
712.461681
712.535286
712.614584
712.782438
713.611796
713.752289
713.966346
714.213908
714.481787
714.764206
714.930668
714.934804
715.863450
715.872051
716.159427
716.280627
716.540191
717.033513
717.466624
717.546209
717.667369
717.788774
717.862461
717.878231
717.883884
718.105231
718.174085
718.294426
718.619197
719.171092
719.339766
719.445361
719.518597
719.614976
719.741379
720.202097
720.341033
720.352829
720.547144
720.556646
721.059881
721.495081
721.559511
721.574871
721.846272
721.882685
721.971241
722.334106
722.448056
722.808136
722.989097
723.112468
723.307028
723.683287
723.793306
723.953951
724.086333
724.180419
725.053768
725.115249
725.324882
725.466890
725.608571
725.758689
725.909955
726.457999
727.084073
727.331922
727.695892
728.128881
728.540447
728.970035
729.231360
729.903596
730.019922
730.142188
730.180731
730.787594
731.770634
732.127150
732.296028
732.430500
732.527616
732.609659
732.708332
732.966134
733.041746
733.328998
733.406945
733.527040
734.095114
734.279721
735.157617
735.297536
735.410217
738.174566
738.318172
738.553815
738.637947
738.803343
738.814075
738.817966
739.394150
740.016783
740.243743
741.280768
741.546230
742.215762
742.974710
743.109550
743.874273
744.515502
745.200026
745.227592
745.296773
745.303613
745.447997
745.669509
745.912812
746.049823
746.059694
746.064282
746.174423
746.298982
746.497966
746.667418
746.855547
746.874307
746.927268
746.932470
747.355914
747.564401
747.699036
748.667331
748.735693
749.207921
749.449748
749.505905
749.565911
749.616783
749.624443
749.932667
750.045798
750.100726
750.511432
750.790533
751.139553
751.146885
751.769641
752.135578
752.315023
752.502743
752.975012
753.283195
753.850655
753.942569
754.297938
754.395587
754.464440
754.887107
754.956411
755.462922
755.574252
755.847045
756.593050
756.708516
756.712612
756.716708
756.838031
756.886897
756.893532
756.919910
757.036933
757.088502
757.180703
757.194465
757.203763
757.556224
757.733745
757.859820
757.921505
758.378947
758.493757
758.707651
758.779372
758.786048
759.079404
759.161733
759.393526
759.467622
759.581655
759.873249
760.003830
760.071578
760.285348
760.427725
760.551260
760.671764
760.842772
761.178931
761.185731
761.286164
761.938739
762.276536
762.299228
762.449428
762.609541
762.769613
762.780918
762.920796
763.099709
763.695759
763.779645
764.184003
764.536504
764.952494
765.042565
765.148529
765.647462
765.718118
765.767516
767.144755
767.840625
767.908332
767.961948
767.989555
768.002294
768.070697
768.133079
768.198902
768.398295
768.436183
768.572948
768.823992
768.851231
769.080852
769.086300
769.474478
769.666990
769.787822
769.883996
770.378588
770.494136
770.815345
770.952438
771.094938
771.319235
771.820995
771.857203
772.168253
772.279583
772.576952
773.389844
773.555159
774.023045
774.121144
774.289818
775.132283
775.496417
775.742628
775.865057
775.912530
776.025866
776.235500
776.788009
777.020088
777.347727
777.631089
777.726362
778.446275
778.709484
778.741268
781.349970
782.128292
782.144307
782.151516
783.800566
784.406323
785.341727
785.439007
785.450025
785.453343
785.846272
785.901527
785.928847
786.234696
786.285281
786.445025
786.745836
786.788024
786.809160
787.174564
787.398943
787.462308
787.595796
787.950019
788.537549
788.967834
789.049836
790.577807
790.872474
791.566418
791.577395
791.607214
791.859241
792.532582
792.657183
792.714281
792.997151
793.058877
793.420718
793.926533
794.267197
794.613678
794.766664
795.275223
796.238725
796.336415
796.867133
797.083197
797.128499
797.604454
798.446305
798.459331
798.585815
798.668063
798.725939
798.793728
798.915502
798.997914
799.094948
799.207342
799.376998
799.547965
799.654052
799.981117
800.064717
800.312074
800.429711
800.459121
800.578519
800.843162
801.170473
801.442939
801.575977
802.240389
803.111117
803.331236
805.366211
805.537014
806.241485
806.392054
807.143465
807.301571
807.380255
807.579935
807.616594
807.874929
808.524022
808.723497
808.784200
808.990638
809.025004
809.047409
809.363087
809.779200
809.802834
810.069361
810.133955
810.243482
810.339697
810.718659
810.793165
810.910966
811.024056
811.175404
811.289764
811.302748
812.118876
812.384502
812.464620
813.366804
813.476946
813.570990
813.977846
814.296556
814.314291
814.774600
814.930698
815.048622
815.053046
815.473951
815.598715
815.656755
816.155976
817.324073
817.388012
817.495777
817.817272
818.091827
818.524406
819.375636
819.579617
820.467466
820.526490
820.593295
820.606689
821.020713
821.650186
821.768602
822.140191
822.309069
822.376980
822.722847
823.279821
823.306813
823.893647
825.016197
826.979656
827.552809
828.149268
828.564972
828.777144
829.094175
829.285130
829.323182
829.626245
830.060708
830.957650
832.059597
832.122388
832.142664
832.187228
832.256696
832.283156
832.338002
832.449495
832.575693
832.617103
832.721428
832.790036
833.022894
833.462845
834.074255
834.528502
834.797568
835.212124
835.845816
836.160225
836.266353
836.332544
836.486799
836.608901
836.674232
836.743414
837.351588
837.681603
837.811118
837.830738
838.581576
838.612951
838.617334
838.622167
838.893937
839.207117
839.911875
840.070799
840.111473
840.161976
840.178278
840.418427
840.487772
840.543764
840.641208
840.658166
841.086525
841.196544
841.503908
841.930629
842.261545
842.606264
842.986701
843.053425
845.038633
845.585039
845.680476
845.952451
846.487921
846.583808
847.207465
847.248630
847.274803
847.527240
848.043745
848.090317
848.168100
848.220365
848.413532
848.465510
848.813629
849.058529
849.424384
849.672806
849.985290
850.094776
850.437652
850.566431
851.159286
851.514696
851.569910
851.985736
856.470200
856.626340
856.747950
857.021972
857.611878
857.786941
857.917604
858.516890
858.688471
858.698916
858.704855
859.106263
860.023644
860.207923
860.808397
861.530481
862.914150
863.066112
863.086756
863.505695
863.664783
864.074834
864.396616
864.567378
864.574587
864.640983
864.707256
864.726016
864.778486
864.886497
864.980623
865.050460
865.061642
865.068728
865.304453
865.612841
865.858724
866.024366
866.043904
866.457928
866.562376
866.991800
868.303299
868.462060
868.628234
868.807148
868.965786
869.180662
869.334467
869.587149
869.862605
869.967012
870.634660
873.023119
873.059328
873.443082
873.659802
873.894298
874.227671
874.354524
874.393518
874.555802
874.932675
874.993951
875.288863
875.620966
875.899126
876.323594
878.955479
878.981980
879.051530
879.087657
879.134310
879.142625
879.466578
879.550833
879.727002
880.225034
880.383263
881.017610
881.183293
881.662484
882.246246
882.472673
882.818621
883.008881
883.873464
883.995607
884.094812
884.181975
884.196925
884.200980
884.339016
884.580475
884.710769
884.757012
884.906148
885.332378
885.652767
886.636462
886.778143
886.820454
887.170621
887.242752
887.496172
887.748977
887.907000
888.065516
888.090173
888.098611
888.115937
888.483717
888.522506
888.794235
889.179218
889.413837
889.888440
891.453645
892.632146
892.666225
892.704236
892.918497
893.026714
893.198336
893.366272
893.566403
893.667000
893.687685
894.315520
894.815273
894.973911
895.682970
895.839519
896.102973
897.028219
897.046487
897.054228
897.149460
897.328701
897.353523
897.400504
897.471160
897.538171
897.547960
897.552794
897.718231
900.905288
901.788303
901.980733
902.090752
902.139290
902.193562
902.333972
902.389105
902.656000
902.728049
903.615529
903.765647
904.279613
905.014477
905.798205
907.234918
907.792220
907.839570
908.095980
908.278292
908.425298
908.434842
908.438692
908.754821
908.977152
909.057352
909.061775
909.495132
909.704479
909.894943
909.960438
910.564762
911.715983
912.049848
912.508928
913.007493
913.113620
914.912543
915.034685
915.067085
915.866378
917.441577
917.446902
918.268477
918.383288
918.543360
918.826312
918.875668
919.214653
921.458319
921.540567
922.090660
922.177126
922.382746
922.558300
922.862182
923.109294
923.371438
924.091924
924.277187
925.507994
928.429588
932.358349
932.398899
932.451697
932.496753
932.512932
932.601160
932.916716
933.033124
933.049139
933.060239
933.509612
933.982413
934.234808
934.291866
936.573174
936.859853
937.216983
937.316680
937.681838
937.802301
939.011523
941.080248
941.119939
941.164503
941.171630
941.338460
941.394289
941.506888
941.592412
941.743596
941.802127
941.897523
941.999063
942.425375
942.475182
943.160607
943.521874
943.754568
945.172152
945.351107
945.425162
945.515356
945.555046
945.695990
946.061763
947.648717
951.330202
952.494612
952.563302
952.720507
952.985846
953.212314
953.611592
953.888604
954.285384
954.477691
955.690476
955.749868
956.074803
956.336824
956.347023
956.350177
956.359107
956.602409
956.675768
956.788777
956.915712
957.252485
957.258752
958.099005
959.165932
959.319081
960.197427
961.914593
961.996923
962.138030
962.230313
962.338939
962.365276
962.692833
962.806170
963.058319
963.349217
963.581747
964.137206
964.598088
968.893645
969.063137
969.150874
969.162465
969.166684
969.175941
969.322619
969.431613
969.559654
969.821143
969.881764
970.091848
970.565263
970.818888
971.013530
971.360952
972.107981
972.422676
972.622111
974.879621
975.032484
975.187886
975.242527
975.415624
975.429837
975.626035
976.577782
976.639345
976.659333
976.946995
977.029693
978.136023
978.437161
978.978079
979.097108
979.195331
979.274629
979.294126
979.491144
980.742349
980.864205
980.904182
981.023539
981.117010
981.294162
981.386404
981.507604
981.579284
981.867438
982.029763
982.041764
982.106972
982.139986
982.599598
983.229153
983.236854
984.544461
984.763638
984.822333
984.899052
985.356370
985.652961
985.729556
986.391634
986.409492
986.684498
986.884833
987.882455
987.976909
987.999478
988.597780
989.047726
989.200384
989.210952
989.332193
989.486694
989.562429
989.711360
989.910385
990.135091
990.247977
990.277591
990.452531
990.659092
991.316746
991.870976
992.559309
992.817562
993.451745
994.800886
994.855117
995.027190
995.269714
995.540951
995.669197
996.727071
996.804403
996.866540
996.928553
997.190164
997.317468
997.412454
997.895291
997.940019
997.947105
998.366167
998.695444
999.904543
999.987569
1000.089149
1000.219197
1000.456602
1000.517632
1000.618189
1000.783995
1000.934318
1000.968151
1001.909862
1003.417887
1003.587994
1003.644641
1003.655782
1003.993375
1004.032532
1004.117524
1004.321874
1005.175890
1005.245399
1005.259407
1005.262275
1005.378601
1005.459374
1005.469491
1005.589463
1005.685350
1005.862994
1005.903954
1006.068777
1006.175150
1006.236221
1006.370079
1006.603387
1006.615429
1007.327560
1008.177562
1008.924877
1009.503846
1009.804165
1011.149578
1012.426342
1012.999209
1013.058150
1013.242634
1013.456978
1013.670175
1013.846057
1015.035372
1015.729562
1015.889183
1016.122778
1017.554002
1018.031596
1019.513733
1021.606052
1028.651827
1028.950794
1030.713098
1031.264502
1032.090788
1034.511442
1034.619044
1034.669629
1034.731069
1034.768425
1034.868900
1034.898350
1035.037819
1035.564360
1035.731067
1036.369756
1036.473631
1036.594094
1036.860416
1037.101875
1037.226148
1037.359636
1037.485302
1037.593887
1037.711114
1038.161838
1039.242691
1039.253832
1039.999263
1041.109770
1041.317642
1041.705001
1041.757798
1041.819443
1041.897431
1041.980580
1042.067456
1042.217329
1042.346476
1042.478735
1042.614845
1042.878300
1043.445965
1044.776960
1045.190164
1046.888776
1046.903849
1047.130644
1047.318323
1047.459103
1047.682048
1047.840031
1048.391148
1048.401592
1048.405606
1048.520991
1049.401876
1049.424527
1049.606840
1049.830318
1050.077184
1050.278666
1050.343219
1050.626990
1050.711245
1051.204035
1051.694817
1051.914609
1052.480635
1053.711524
1053.748183
1053.847347
1053.887119
1053.952819
1054.059151
1054.296556
1054.365983
1054.377738
1054.787830
1055.139758
1055.792333
1056.425697
1056.832184
1058.080113
1058.464031
1058.473329
1058.476196
1058.485494
1058.658222
1058.746122
1058.817270
1060.972913
1062.016942
1062.826721
1063.204004
1063.266877
1063.927235
1064.216166
1064.465572
1064.772731
1064.899953
1065.194824
1065.543311
1065.553388
1065.769574
1066.968433
1067.564933
1067.577549
1067.586601
1067.829780
1067.891589
1068.031099
1068.375040
1068.473426
1068.486410
1068.490957
1068.599091
1068.865044
1068.966502
1069.083566
1069.125632
1069.670072
1069.785375
1070.657905
1071.448719
1072.851108
1073.149870
1073.441014
1073.523548
1074.126438
1074.195415
1074.884936
1075.312722
1075.449774
1075.614106
1076.068598
1077.116682
1077.633065
1077.906350
1078.378250
1081.017590
1081.602867
1089.927741
1092.666245
1092.888248
1093.178491
1093.279621
1093.475205
1093.591204
1093.663908
1094.251643
1094.566175
1094.763766
1095.343514
1095.923466
1096.009769
1096.485970
1097.954632
1099.087258
1099.247575
1099.448156
1099.583775
1099.989647
1100.056371
1100.279521
1100.419686
1100.570706
1100.811182
1101.346120
1101.598597
1102.471619
1102.596710
1102.893916
1102.978785
1103.062344
1103.082578
1103.362785
1104.029368
1104.151429
1106.372936
1106.775818
1108.362568
1109.764588
1109.862810
1112.438784
1113.453322
1115.221074
1115.255030
1115.267359
1116.208169
1116.568699
1118.937047
1119.875072
1119.885066
1120.755220
1121.953219
1122.112594
1122.178949
1123.296420
1123.305472
1123.675382
1123.804201
1124.277166
1125.069496
1126.471025
1127.092797
1127.200113
1127.290716
1127.563469
1127.699538
1127.852687
1128.068137
1128.728576
1129.102909
1129.290629
1129.594593
1131.638866
1133.563699
1137.190216
1137.673380
1137.682719
1137.687388
1137.809572
1138.000241
1140.782121
1140.842865
1140.911677
1141.804974
1141.853757
1141.885338
1141.929001
1142.018417
1142.099476
1142.251643
1142.295306
1142.583542
1142.778675
1143.493059
1144.884019
1146.123100
1146.552074
1146.647593
1146.725622
1147.190927
1147.283866
1147.692114
1147.768300
1147.922964
1149.396419
1149.681582
1152.622756
1153.223107
1155.496141
1155.577037
1155.582075
1155.587154
1155.714171
1155.859169
1156.092477
1156.126925
1156.189184
1156.270449
1156.350198
1156.904550
1157.031772
1157.063557
1157.543240
1159.675494
1160.089969
1161.406874
1161.433743
1161.518367
1161.612329
1161.779159
1161.791570
1161.795297
1162.365051
1162.588570
1162.683638
1163.350917
1167.004713
1167.381545
1167.390720
1167.395389
1167.485256
1168.364667
1168.832143
1169.181327
1169.753866
1170.899354
1171.571917
1172.610212
1173.500314
1173.544960
1173.650637
1173.716541
1173.812634
1173.930844
1173.969715
1174.055526
1174.129541
1174.350275
1174.989128
1175.156818
1175.815209
1176.102502
1177.694290
1179.764163
1180.065300
1180.135834
1180.210381
1180.348948
1181.176463
1181.452575
1181.725819
1183.873516
1185.770537
1186.212372
1187.407708
1187.644129
1187.651666
1187.657073
1187.996877
1188.133356
1188.189798
1188.366950
1188.477010
1188.562780
1189.030257
1189.667840
1190.354616
1190.750986
1191.233413
1191.585014
1192.844165
1193.101189
1193.239183
1193.488179
1193.756303
1193.865912
1194.237911
1195.722015
1196.984238
1200.077947
1200.719421
1201.016259
1201.045791
1201.137295
1201.258988
1202.336563
1202.653389
1203.018752
1204.070892
1206.755205
1206.825124
1206.995149
1207.018988
1207.032422
1207.351828
1207.398441
1207.882957
1208.380867
1208.761672
1210.454344
1210.860790
1210.963395
1211.921039
1212.040847
1212.318188
1212.985713
1218.844918
1218.996961
1219.457393
1219.636224
1219.821363
1219.967754
1220.322836
1220.330660
1221.149286
1222.497321
1224.033444
1224.793375
1224.834253
1225.401139
1225.474007
1226.970604
1227.063788
1227.073782
1227.207270
1227.286159
1227.434803
1227.707023
1228.463350
1229.592044
1234.159329
1234.562949
1234.605629
1237.816402
1238.769746
1240.225178
1241.814221
1242.172539
1242.617078
1243.293983
1244.248146
1247.634801
1247.982223
1247.995863
1247.999099
1248.673464
1248.684933
1248.688865
1249.028424
1249.354342
1252.440433
1254.503916
1255.249961
1255.433871
1255.915438
1260.402975
1260.712714
1261.296640
1261.629604
1261.715251
1261.767680
1263.043543
1263.141192
1263.707505
1263.730893
1263.874785
1264.120381
1266.174566
1266.293842
1266.478735
1266.833408
1266.917212
1268.633477
1268.999045
1269.384602
1269.390582
1269.686149
1269.834998
1270.019727
1270.400369
1272.971223
1274.785710
1276.235940
1276.277432
1276.340470
1277.768049
1277.796516
1280.376996
1280.700908
1280.958218
1282.654659
1283.348521
1283.567288
1287.764582
1288.064287
1288.710840
1289.838510
1289.847276
1289.850307
1291.841208
1296.616448
1296.982098
1297.512530
1299.297116
1300.206674
1301.108941
1301.767373
1302.935306
1304.641331
1304.680980
1304.852070
1304.860508
1305.059041
1305.283052
1305.619374
1305.922888
1306.372956
1306.824376
1307.677983
1309.824205
1310.140170
1310.331658
1312.314696
1312.322232
1315.175055
1318.904504
1319.354532
1321.720791
1322.620232
1325.729260
1325.813760
1325.821051
1325.961748
1326.143037
1326.318182
1326.670561
1327.551652
1332.971971
1333.943337
1334.087926
1334.299484
1334.434202
1334.460252
1335.908106
1337.352520
1341.035192
1341.548913
1341.789061
1342.013522
1342.140047
1342.236713
1342.325555
1342.342390
1342.518231
1342.652375
1343.209103
1343.354225
1343.956705
1346.582856
1347.300557
1347.524854
1349.460214
1349.733212
1349.941084
1350.084977
1350.151250
1350.321275
1350.453944
1350.564659
1352.330076
1353.168323
1354.519429
1354.746675
1355.880530
1356.918497
1359.828910
1362.577203
1362.780037
1362.853683
1362.982093
1363.064586
1363.600671
1363.695288
1366.137856
1368.268718
1368.435917
1369.621381
1369.629860
1369.634038
1370.010337
1370.015662
1370.565755
1371.259822
1372.776243
1374.786560
1375.106662
1376.099369
1376.524780
1377.565491
1378.683412
1379.665674
1383.723254
1385.010708
1385.682084
1386.609623
1387.122196
1388.642345
1389.061652
1389.186990
1389.450281
1389.594542
1389.657702
1389.969162
1390.256701
1390.727905
1390.964490
1391.384863
1391.577006
1392.856474
1394.788844
1397.312799
1397.707571
1398.240379
1398.774579
1403.026555
1403.349524
1403.529298
1403.596554
1403.674419
1404.486615
1405.372580
1405.982474
1406.112236
1410.263409
1412.349911
1413.119631
1414.331720
1419.606467
1419.822940
1419.944223
1421.585654
1422.087823
1425.556931
1425.788150
1426.290770
1426.488525
1427.096945
1427.888538
1428.027269
1428.980040
1429.151908
1429.162803
1429.166326
1429.638431
1429.842903
1430.323692
1432.300667
1433.056788
1434.397696
1434.544456
1434.829046
1435.521270
1436.192113
1443.123814
1443.924296
1445.554340
1445.677670
1445.724897
1446.930391
1449.496822
1457.555292
1458.301829
1459.011748
1459.963658
1462.663414
1462.810214
1462.942556
1464.858337
1465.088000
1466.764698
1466.771702
1466.983956
1467.092787
1467.247739
1467.427922
1468.510372
1470.984110
1472.512287
1472.889119
1472.913572
1472.966001
1473.069670
1473.080689
1473.242440
1473.272013
1473.420288
1473.635041
1473.666580
1474.014167
1474.307482
1474.371379
1474.515067
1474.562703
1474.957394
1475.169772
1475.277414
1477.255209
1478.927606
1479.128064
1479.301325
1480.023327
1480.090132
1480.481997
1481.309921
1482.077348
1483.660247
1484.555510
1485.378642
1485.635953
1485.739868
1486.179492
1486.734623
1486.790697
1554.374574
1554.862244
1555.900088
1557.390418
1559.681597
1559.686636
1559.864893
1559.940260
1560.072397
1560.583332
1560.914452
1560.963154
1561.484206
1561.945334
1562.471793
1562.556785
1562.863206
1563.247002
1563.655496
1563.746017
1563.846124
1563.855380
1564.032532
1564.175073
1564.475433
1564.727419
1564.833464
1564.917023
1564.937626
1565.531873
1565.662290
1565.871022
1565.888225
1566.011474
1566.113669
1566.245519
1566.324777
1566.599660
1566.789509
1567.416812
1568.010732
1568.052552
1568.064922
1569.371505
1569.484186
1569.973535
1570.538086
1570.842993
1571.160678
1572.012483
1572.234732
1572.284334
1572.983030
1573.270282
1576.517673
1578.315284
1578.939515
1585.685504
1586.470543
1594.781942
1595.451515
1595.461304
1595.464417
1595.766743
1596.360172
1596.634030
1596.773007
1596.847145
1597.376840
1599.448596
1599.713812
1600.128983
1600.435692
1600.443802
1601.879327
1601.987133
1602.538988
1603.250913
1603.543572
1603.776430
1603.815260
1604.157932
1604.243743
1604.274954
1605.163213
1605.373911
1605.742551
1606.285926
1606.293545
1606.297231
1606.304932
1607.528243
1608.024678
1608.121098
1608.349000
1608.621588
1610.200351
1610.345267
1610.579149
1611.490058
1611.500339
1611.741348
1611.823596
1614.226514
1614.236017
1614.239457
1617.956823
1619.377439
1625.106309
1625.548186
1630.092001
1633.836769
1634.337300
1634.744730
1636.824023
1637.481472
1640.950006
1646.690918
1647.561974
1652.400742
1655.811809
1659.473265
1662.713897
1665.677066
1666.464973
1670.098452
1673.274941
1678.218117
1681.074749
1681.694474
1681.967104
1683.555164
1683.563807
1683.567165
1683.936297
1684.441580
1685.439119
1685.913928
1686.686597
1686.872842
1687.213261
1687.570309
1687.713423
1688.200274
1688.703754
1688.801157
1688.904090
1688.934277
1689.091154
1689.242419
1689.302139
1689.366692
1692.719309
1692.758016
1692.996485
1693.016433
1693.478134
1694.179041
1695.742566
1695.890719
1695.913943
1698.736046
1699.211141
1699.217572
1699.236086
1699.867812
1700.369777
1701.348188
1701.432934
1702.973030
1704.076124
1705.065226
1705.168896
1721.650954
1723.744379
1723.752243
1726.229586
1728.527073
1728.928276
1729.936179
1731.099689
1747.042017
1747.837952
1750.091735
1757.174866
1760.509747
1771.277599
1773.308232
1775.015117
1776.973005
1782.183322
1782.807306
1783.443128
1788.901294
1789.619692
1789.694730
1794.070159
1795.527311
1796.398899
1797.841838
1798.003220
1798.581002
1798.590546
1799.037092
1799.179960
1799.192084
1799.195156
1799.416136
1799.423754
1799.427686
1799.893934
1799.901553
1799.905116
1800.167260
1800.339784
1800.473231
1800.520663
1800.734761
1800.861942
1801.167503
1802.800620
1803.283292
1803.637678
1803.803894
1803.931853
1804.041994
1804.171551
1804.323348
1804.649513
1804.800369
1804.934922
1805.414851
1805.743309
1805.752156
1805.888471
1805.924065
1805.971128
1806.093763
1806.114406
1806.233477
1806.417592
1806.441800
1806.626243
1806.634025
1806.823096
1806.952202
1807.002788
1807.101911
1807.484068
1807.909356
1808.019948
1808.057672
1808.265912
1808.499876
1808.994550
1809.277624
1809.892311
1810.000814
1810.090148
1810.280940
1810.358682
1810.531860
1811.273196
1811.413893
1811.528090
1813.455954
1813.993964
1814.342943
1816.526316
1816.984863
1819.191337
1820.174828
1821.752566
1823.031091
1824.247603
1826.475090
1827.201843
1827.470746
1827.483320
1827.487990
1827.665633
1828.121887
1828.244316
1828.317225
1829.092475
1829.835858
1830.433464
1830.600212
1830.684713
1830.793953
1831.271547
1832.625029
1835.692810
1836.275261
1837.577257
1837.675315
1837.991281
1838.425457
1838.627635
1838.760673
1839.502868
1839.816950
1842.995241
1843.078881
1844.341965
1844.620288
1845.067735
1846.563144
1847.019356
1847.048847
1850.046423
1853.523763
1854.111007
1855.454044
1855.719670
1856.866468
1858.989670
1859.346473
1860.985610
1861.136835
1861.441085
1864.168776
1864.174019
1864.178319
1868.791194
1869.366313
1869.901046
1870.176952
1870.914847
1871.338619
1872.601866
1873.485906
1873.498931
1875.784294
1875.997901
1877.070971
1877.300920
1877.767864
1878.186230
1878.803743
1878.811402
1878.921871
1880.511078
1880.796201
1880.811397
1880.815739
1881.042371
1881.461105
1881.502761
1881.606144
1882.084147
1882.091725
1882.265723
1882.435789
1882.567516
1882.602988
1883.253391
1883.426488
1883.629404
1884.693094
1885.030072
1885.160530
1885.164872
1885.418127
1887.179244
1887.738634
1888.002089
1888.100557
1888.205988
1888.298721
1888.307487
1888.310968
1888.482959
1888.521667
1888.810025
1888.836362
1888.852746
1888.858931
1889.178788
1889.196483
1889.208852
1889.506017
1889.599242
1889.962435
1890.178621
1890.286592
1890.437571
1890.482258
1890.579128
1890.680259
1891.028419
1892.483891
1892.592067
1892.828078
1893.110702
1893.678531
1893.785231
1894.102876
1894.111887
1895.199089
1895.229276
1895.666401
1895.749181
1897.143624
1897.910927
1898.277765
1899.367956
1899.830886
1900.812206
1900.817613
1901.373522
1901.656637
1903.043625
1903.787500
1904.367985
1904.576840
1904.590316
1905.653105
1907.745874
1908.248125
1915.814543
1916.075622
1916.287386
1916.293079
1916.491571
1916.759941
1917.098844
1917.771571
1919.468216
1919.708406
1920.427172
1921.016791
1921.668178
1923.221627
1923.331727
1923.617382
1924.864778
1924.874609
1924.878418
1925.473853
1930.049577
1930.487276
1930.871890
1944.997478
1946.379837
1946.484163
1950.901658
1959.100826
1959.112294
1962.191831
1965.089546
1966.089912
1966.544773
1968.174735
1968.250143
1968.702587
1968.838205
1969.998397
1971.639419
1973.062287
1974.143590
1974.183731
1974.411796
1976.030249
1976.037827
1976.961024
1980.025979
1980.040028
1980.044452
1980.591350
1981.024543
1981.411738
1988.911268
1991.154196
1999.050957
1999.062999
1999.075901
2003.857080
2009.190769
2010.069934
2011.861975
2024.536228
2026.692321
2028.054405
2028.270305
2028.347392
2028.358902
2028.362342
2029.432586
2029.494190
2030.791885
2030.980055
2039.535002
2041.495593
2042.111140
2042.203832
2042.529300
2042.757202
2042.796360
2042.925056
2043.190354
2043.778130
2043.904000
2044.022415
2044.261990
2044.646605
2045.379256
2045.564600
2045.591757
2045.644964
2045.694157
2045.718692
2045.956588
2048.086016
2048.223846
2048.233431
2048.236339
2048.567910
2048.750715
2049.980948
2049.985413
2050.139628
2050.242273
2050.312192
2050.839060
2051.518259
2051.669074
2053.193441
2053.576581
2053.633434
2053.695693
2053.758362
2053.873500
2053.956362
2054.039183
2054.196019
2054.288507
2054.827049
2055.084483
2056.226447
2056.870994
2057.226936
2058.804920
2059.379302
2062.816993
2062.935941
2063.217992
2063.381504
2063.816704
2063.965471
2065.260995
2066.592031
2067.894395
2069.316526
2069.339177
2069.414339
2072.285839
2074.296934
2074.315817
2081.456579
2087.412122
2090.031227
2101.678121
2102.001009
2102.623355
2112.728023
2113.521213
2113.582735
2126.399857
2126.400143
2126.562140
2130.336481
2132.858839
2138.785874
2139.186340
2139.190927
2142.182769
2142.338499
2144.547963
2145.045914
2145.928724
2147.104522
2150.448579
2150.690488
2151.726612
2151.808492
2152.287519
2152.296735
2152.655421
2155.171512
2242.063688
2242.706432
2243.307028
2243.315958
2243.545129
2244.356588
2244.404879
2244.414587
2244.484342
2246.091366
2246.159483
2246.247547
2246.494986
2246.560727
2246.582436
2246.658826
2246.705848
2246.714081
2246.718587
2246.852362
2246.916547
2246.924001
2246.932972
2247.171277
2247.246930
2247.338271
2247.403274
2247.441039
2247.546429
2247.704781
2247.871324
2247.950500
2247.958733
2248.384635
2249.494774
2249.814671
2249.910272
2250.295255
2250.447462
2250.575790
2250.888069
2251.504476
2251.614577
2251.801518
2251.928371
2251.941437
2251.946476
2252.088689
2252.120678
2255.605965
2255.806792
2256.198615
2256.299090
2256.442163
2256.607437
2256.641638
2256.687882
2256.703488
2256.717824
2256.784630
2256.792412
2256.825221
2256.877281
2256.929464
2257.070203
2257.080115
2257.201889
2257.239491
2257.390551
2257.794212
2257.894113
2258.110628
2258.125373
2258.130903
2258.250097
2258.266112
2258.333901
2258.436833
2258.468209
2258.552504
2258.615951
2258.637046
2258.657935
2258.872525
2258.948096
2258.988851
2259.005235
2259.011625
2259.162522
2259.227894
2259.356140
2259.373507
2259.408568
2259.444941
2259.452273
2259.563028
2259.649864
2259.685335
2259.805184
2260.078428
2260.117094
2260.394639
2260.412293
2260.686193
2260.896072
2260.988682
2261.793546
2261.903032
2261.924577
2261.937521
2262.269460
2262.394020
2262.427075
2262.501048
2262.524068
2262.537503
2262.815048
2262.999122
2263.007191
2263.140434
2263.330161
2263.461110
2263.644774
2263.651656
2264.030331
2264.151327
2264.456765
2265.362473
2265.437676
2265.448407
2265.601147
2265.641411
2265.681469
2265.692160
2265.696051
2265.774490
2265.859072
2265.881764
2265.987645
2265.999483
2266.132931
2266.149356
2266.250117
2266.262651
2266.410639
2266.494730
2266.499973
2266.650665
2266.704937
2266.798735
2266.889953
2266.937549
2267.025654
2267.146568
2267.172946
2267.192074
2267.307049
2267.323720
2267.349770
2267.358331
2267.471421
2267.790746
2267.815240
2267.951391
2267.964416
2268.224717
2268.309709
2268.405965
2268.459991
2268.644803
2269.638246
2269.949706
2270.062715
2270.117806
2270.160568
2270.222746
2270.313841
2270.360003
2270.409851
2270.527857
2270.575288
2270.650778
2270.758994
2270.814208
2270.818959
2271.358525
2271.387279
2271.710372
2272.033464
2272.073728
2272.577700
2272.662692
2272.670761
2272.735519
2272.968294
2273.464771
2273.614275
2273.702420
2273.742561
2273.850941
2274.109522
2274.122711
2274.127012
2274.250179
2274.271805
2274.485535
2274.504950
2274.790113
2274.841272
2274.924298
2275.005932
2275.225395
2275.469681
2275.524690
2275.542589
2275.595592
2275.627336
2275.825091
2275.870188
2275.914056
2275.960136
2276.036239
2276.142981
2276.316242
2276.334551
2276.362240
2276.368261
2276.469719
2276.584612
2276.672266
2276.693565
2277.153587
2277.431501
2277.778883
2278.288507
2278.370263
2278.747013
2278.752707
2279.092716
2279.597834
2279.712809
2280.206336
2281.448079
2281.523814
2281.772646
2282.151731
2282.315940
2282.528768
2283.157668
2283.177083
2283.232297
2283.375288
2283.381105
2283.389952
2283.689861
2283.883151
2284.464251
2284.471296
2284.604088
2285.034783
2285.156024
2285.257892
2285.471908
2285.653565
2285.666918
2285.671711
2285.958472
2285.995377
2286.287831
2286.384579
2286.606090
2286.645166
2287.068283
2287.684116
2287.917261
2288.007127
2288.074547
2288.114852
2288.193987
2288.404439
2288.709181
2288.799990
2289.127547
2289.202340
2289.247887
2289.450639
2289.627218
2289.675837
2289.966039
2289.987707
2290.292040
2290.390548
2290.480251
2290.542592
2290.587402
2290.683453
2290.763121
2290.821939
2290.929132
2291.092890
2291.111731
2291.149701
2291.163259
2291.173048
2291.322839
2291.445228
2291.595018
2291.629425
2291.668664
2291.852042
2291.933102
2291.949650
2291.954319
2293.799404
2293.808456
2293.812511
2293.962547
2294.009405
2294.055813
2294.066299
2294.075228
2294.329754
2295.014195
2295.317504
2295.363256
2295.758561
2296.110326
2296.233288
2296.553718
2296.633836
2296.936325
2296.946565
2297.129697
2297.172500
2297.268101
2297.274778
2297.345024
2297.364726
2297.387500
2297.401426
2297.483305
2297.494569
2297.509560
2297.813320
2297.818399
2297.956352
2298.491249
2298.687611
2298.775429
2298.869637
2298.961633
2299.120845
2299.193344
2299.213128
2299.254292
2299.278131
2299.290255
2299.497841
2299.508900
2299.996652
2300.710543
2300.898140
2300.919357
2300.926484
2301.050798
2301.169787
2301.209969
2301.239828
2301.347308
2301.418045
2301.514916
2301.599171
2301.641114
2301.680312
2301.712957
2301.739868
2301.765140
2302.083400
2302.218609
2302.286725
2302.350418
2302.529004
2302.891786
2303.104123
2303.153070
2303.213322
2303.244452
2303.634473
2303.649997
2303.762555
2303.860490
2304.273695
2304.368558
2306.385838
2306.504909
2306.518630
2306.743337
2306.791342
2307.021742
2307.251651
2308.235428
2308.352532
2308.482499
2308.632371
2308.749804
2308.831805
2309.612831
2309.726659
2309.848596
2310.121349
2310.225879
2310.438543
2310.767698
2310.857196
2310.885868
2310.964306
2311.821066
2311.916708
2311.924859
2311.928955
2312.869274
2313.109176
2313.115812
2313.120604
2313.598689
2313.933414
2313.996452
2314.107372
2314.121544
2314.126664
2314.138542
2314.651238
2314.740572
2314.823434
2314.875167
2314.903675
2314.908180
2317.629071
2317.953106
2318.169088
2318.568407
2318.847549
2319.181373
2319.276851
2319.290900
2319.299379
2319.579668
2319.895306
2319.972065
2320.268247
2320.423281
2320.486810
2320.493199
2322.089001
2322.241454
2322.585518
2322.929746
2324.207985
2324.245668
2324.342866
2324.376740
2324.818125
2324.976968
2325.258445
2325.420810
2325.481513
2325.912453
2326.192005
2326.350766
2326.538813
2327.082885
2327.114670
2327.218217
2328.655380
2330.224108
2330.796360
2330.968064
2331.049370
2331.054776
2334.987100
2335.096340
2335.345541
2336.557507
2336.938435
2337.496842
2338.163917
2338.362696
2338.378629
2338.535670
2338.694717
2339.052175
2339.087114
2339.110748
2339.117425
2340.002447
2340.430397
2340.530586
2340.731412
2340.907090
2340.964188
2341.143798
2341.154775
2341.352940
2341.380465
2341.462221
2341.612913
2341.805711
2341.965701
2342.106440
2342.113485
2342.589194
2342.671360
2342.733619
2342.743532
2342.756884
2343.227105
2343.525622
2343.961969
2344.029307
2344.037622
2344.042209
2344.174428
2344.199987
2344.224031
2344.481546
2344.711619
2345.109135
2345.352806
2346.173809
2346.422600
2347.144765
2347.316224
2347.545313
2347.767808
2347.924685
2348.138373
2348.328960
2348.905267
2349.068124
2349.241795
2349.401129
2349.734093
2349.787054
2350.046904
2351.278940
2351.646188
2351.739945
2351.975997
2352.081224
2355.058524
2355.624468
2356.710810
2358.122947
2358.308332
2358.476677
2358.633431
2359.030211
2360.620851
2360.703590
2360.762737
2360.815084
2360.869519
2360.950456
2361.272771
2361.379963
2361.540444
2361.609052
2361.761341
2361.931366
2364.076483
2364.136858
2364.147343
2364.191744
2364.349235
2364.577833
2365.000622
2365.178470
2365.307576
2366.012375
2366.385807
2366.456996
2366.976860
2367.580037
2367.758418
2367.980872
2368.126321
2368.133161
2368.288973
2368.320963
2368.722493
2368.812851
2368.955924
2369.159619
2369.655603
2370.872730
2370.932122
2370.980127
2371.428352
2373.489418
2373.722604
2373.793751
2374.205030
2374.736241
2374.755369
2375.038525
2375.132201
2375.424246
2375.537623
2375.978271
2376.182374
2376.335278
2376.633139
2376.985846
2377.541100
2378.298778
2378.470892
2379.910676
2380.231516
2380.495954
2380.571607
2381.450281
2381.662740
2387.520881
2388.402012
2390.167962
2390.335201
2390.444278
2390.945382
2391.403479
2391.538852
2391.970652
2392.201421
2392.623227
2392.843715
2393.344614
2394.217677
2396.116869
2396.451512
2400.603996
2402.902876
2402.913362
2402.917786
2403.755336
2403.840328
2406.985810
2407.456891
2407.749632
2408.158413
2408.342282
2408.518124
2408.721326
2409.568748
2411.860582
2412.511969
2412.786278
2412.819497
2412.874875
2413.456630
2413.611745
2414.006231
2414.326456
2414.781563
2415.699558
2416.017981
2416.309002
2416.481239
2416.776438
2416.862986
2417.654129
2417.969029
2418.515927
2419.526410
2420.036567
2421.928509
2423.321928
2423.552573
2423.559864
2423.870874
2424.134861
2425.412977
2425.673073
2425.947668
2425.953649
2425.958400
2426.759537
2427.619779
2427.961958
2430.748344
2430.833623
2430.962811
2431.069307
2431.176786
2431.478784
2431.582249
2431.778570
2431.896453
2432.172564
2432.218808
2433.190380
2433.595023
2434.220524
2434.424504
2434.481152
2436.322877
2436.338074
2436.594483
2436.616806
2436.823327
2437.021204
2437.052867
2437.101486
2437.146378
2437.160223
2437.275156
2437.278351
2437.294572
2438.089196
2438.134948
2438.340813
2438.417449
2438.496461
2438.590136
2438.791700
2438.815990
2438.904381
2438.910689
2439.428342
2439.444480
2439.469875
2439.547863
2439.563305
2439.577559
2439.612129
2439.627080
2439.918141
2439.980401
2440.017551
2440.253153
2440.323072
2440.350597
2440.380785
2440.389059
2440.569733
2440.586895
2440.616428
2440.624456
2440.641659
2440.873902
2440.911012
2440.926863
2441.023611
2441.064489
2441.318851
2441.492644
2441.556951
2441.619497
2441.773097
2441.951191
2443.293573
2443.321426
2443.329987
2443.669955
2443.849892
2443.941028
2444.236718
2444.330312
2444.385812
2444.398100
2444.401869
2444.628050
2444.685066
2444.765757
2444.848169
2444.852429
2444.896051
2445.169869
2445.201818
2445.254164
2445.353165
2445.460808
2445.631775
2445.654917
2445.670851
2445.731226
2445.862543
2445.930742
2446.091551
2446.096507
2446.306632
2446.325760
2446.406574
2448.570737
2448.990413
2449.294377
2449.407427
2451.033866
2451.175711
2451.255951
2451.349996
2451.396035
2452.060406
2452.291502
2452.305592
2452.353843
2452.687626
2452.951982
2453.115863
2453.408891
2453.605663
2453.682790
2453.745091
2453.900411
2454.003220
2454.019482
2454.151414
2454.216540
2454.433219
2454.658785
2454.995640
2455.449149
2455.640515
2455.767409
2456.102789
2456.231936
2456.698388
2456.797020
2456.986010
2457.104835
2457.165087
2457.334047
2457.367470
2457.683927
2458.200023
2458.698097
2459.009188
2459.016274
2459.150049
2459.257733
2459.368243
2459.553669
2459.976704
2460.118180
2460.306391
2460.432302
2460.457697
2460.660285
2461.003858
2461.242655
2461.932503
2463.012413
2463.094129
2463.236710
2463.463424
2463.655281
2464.099492
2464.534856
2465.671414
2465.856430
2466.436178
2466.451292
2467.301335
2467.375923
2467.434701
2468.534886
2468.851917
2468.970291
2469.040251
2469.306778
2469.667635
2469.672878
2470.345073
2470.610862
2471.915766
2471.947510
2473.672376
2474.711163
2474.959872
2478.529249
2479.558697
2480.981852
2481.185751
2483.240714
2484.759962
2484.819395
2484.954931
2485.623644
2485.733335
2487.137772
2488.427848
2491.925504
2494.300078
2494.820311
2498.076221
2498.881618
2498.966610
2499.099238
2502.087393
2502.095094
2507.959173
2509.860291
2510.075249
2510.598881
2514.916188
2514.953462
2514.959524
2514.965340
2515.230966
2515.310469
2515.317187
2515.322348
2516.672143
2516.911555
2517.360312
2517.703598
2520.237138
2524.514263
2526.603960
2526.857175
2527.075082
2527.238431
2527.434097
2529.552466
2529.702420
2529.715732
2531.085926
2531.495936
2534.838559
2536.960532
2543.018967
2549.102019
2550.195528
2553.810944
2553.849119
2554.927186
2555.423908
2556.529295
2556.744335
2556.840468
2556.898386
2558.051410
2558.861722
2559.475958
2560.155566
2560.334848
2560.881787
2561.288520
2562.025595
2564.451615
2564.543078
2566.197453
2567.032914
2567.441531
2569.810084
2571.096064
2571.345797
2571.554284
2573.600317
2573.607281
2573.809091
2573.916406
2574.020321
2574.024745
2574.027817
2574.279107
2574.409482
2574.495744
2574.651638
2574.669906
2574.675968
2574.971576
2576.364012
2576.656916
2578.401444
2578.523996
2578.720973
2578.739077
2578.745180
2579.107922
2579.336724
2579.424993
2579.434332
2579.517686
2579.599155
2579.620086
2579.809567
2580.156867
2580.243251
2580.386120
2581.265203
2581.270938
2582.325371
2583.270728
2583.279206
2583.490273
2583.601807
2583.978230
2584.144323
2585.101885
2585.241969
2585.635553
2585.890406
2586.303611
2586.314588
2586.456556
2586.493911
2586.516439
2586.524877
2587.121541
2589.656760
2590.076559
2590.081475
2590.693868
2590.766776
2591.175229
2591.360614
2591.371960
2591.516221
2591.659131
2591.930163
2592.466493
2593.002414
2593.059144
2593.130619
2593.227039
2593.566966
2593.823703
2594.533499
2594.619105
2594.769797
2596.025221
2596.432691
2596.497654
2596.505723
2596.811203
2597.242102
2597.315543
2597.334508
2597.346017
2597.390746
2598.138266
2598.292603
2598.297641
2598.614548
2598.740378
2598.757253
2599.115407
2599.180411
2599.237878
2599.469179
2599.483884
2599.494164
2599.578993
2599.726940
2599.898849
2599.904625
2600.135762
2600.294973
2600.387092
2600.449556
2600.651776
2600.743281
2600.801485
2600.816599
2600.855306
2600.987935
2601.159434
2601.359852
2601.453896
2601.558876
2601.768919
2602.027172
2602.193265
2602.201457
2602.377216
2602.445332
2602.540401
2602.744873
2602.862305
2602.955039
2602.964541
2603.051049
2603.089019
2603.453276
2603.468800
2603.971092
2604.242084
2604.775629
2604.786278
2605.073080
2605.247775
2605.325148
2605.678387
2605.894656
2606.475428
2606.487552
2606.728765
2606.752727
2606.858445
2606.903951
2606.998282
2607.074959
2607.342592
2607.639798
2607.683092
2607.698125
2607.800934
2608.017244
2608.324444
2608.663593
2609.181573
2609.646346
2609.741455
2610.285240
2610.309489
2610.877317
2610.891080
2610.901606
2610.905620
2610.964849
2610.999378
2611.040133
2611.167109
2611.590717
2611.819110
2611.992289
2612.271022
2612.434002
2612.589609
2612.855808
2612.912701
2612.934820
2613.029929
2613.390746
2613.486223
2613.599232
2613.665300
2613.676810
2613.687009
2613.904056
2613.973729
2614.103409
2614.112051
2614.238044
2614.362890
2614.532506
2614.622945
2614.776422
2614.811566
2615.136420
2615.264993
2615.375135
2615.917199
2615.922893
2615.927357
2616.310825
2617.187901
2617.211945
2617.413509
2617.804841
2618.081403
2618.098606
2618.150502
2618.215711
2618.285711
2619.008901
2619.092419
2619.165409
2619.227341
2619.339571
2619.433411
2619.506401
2619.696660
2619.880161
2619.923169
2619.930870
2620.128911
2620.424806
2620.618711
2620.648120
2620.656271
2620.957573
2621.253632
2621.463798
2621.562061
2621.645701
2621.743022
2621.837066
2621.968220
2621.992428
2622.008771
2622.152131
2623.076024
2623.767921
2623.910380
2624.376136
2624.502579
2626.243011
2626.312233
2626.423439
2626.499461
2626.547261
2626.803999
2627.099279
2627.354173
2628.584489
2629.122376
2629.424292
2629.672837
2629.819802
2630.323118
2631.775724
2633.017549
2633.178112
2634.427720
2635.268792
2635.307049
2635.403387
2635.426734
2635.961876
2636.259697
2636.986081
2637.139026
2637.180764
2637.463757
2637.531709
2637.541499
2637.728768
2637.951754
2638.037688
2638.095278
2638.184202
2638.546330
2638.717501
2639.010652
2639.189729
2639.848407
2640.000328
2640.008888
2640.049152
2640.058737
2640.279142
2640.554148
2640.608297
2640.697631
2640.828908
2641.207951
2642.229248
2642.698772
2642.710282
2642.763244
2642.779873
2642.784256
2642.954772
2643.588137
2643.804406
2643.811082
2643.978486
2644.144742
2644.621599
2645.434122
2645.546189
2646.062817
2646.082847
2646.088335
2646.619136
2647.069041
2647.101071
2647.121060
2647.147971
2647.186924
2647.215022
2647.415972
2647.683932
2647.868744
2648.050115
2648.283054
2648.612946
2648.623514
2648.628265
2649.060925
2649.101926
2649.542328
2649.756262
2650.008658
2650.131292
2650.623263
2650.787512
2650.893394
2650.927186
2651.086111
2651.317494
2651.476664
2651.583406
2651.813069
2652.202803
2652.536422
2652.743148
2652.780012
2653.155328
2654.345298
2654.884864
2656.017326
2656.504381
2657.357701
2659.711427
2660.142940
2660.927734
2661.113078
2661.155676
2661.508301
2661.634376
2661.790843
2662.443704
2662.601114
2663.218668
2663.489659
2663.958200
2663.968768
2664.136499
2664.248156
2664.350966
2664.966676
2665.575588
2665.669100
2665.810821
2665.817293
2666.013942
2666.160538
2666.309140
2666.493215
2666.665738
2666.688512
2666.810614
2667.339940
2668.237906
2668.791890
2668.928410
2669.215744
2669.375365
2669.632512
2669.672243
2669.749862
2670.140989
2670.382572
2670.568858
2670.706401
2671.001477
2671.217828
2671.561155
2671.669576
2671.685100
2671.691530
2671.922299
2672.307814
2672.459899
2672.558940
2674.499092
2675.308831
2676.637655
2677.010678
2677.057004
2677.587231
2678.970450
2679.316521
2679.435346
2679.451034
2679.883325
2680.358707
2680.822948
2683.518157
2684.522291
2685.097615
2685.193871
2685.204849
2685.441761
2687.244657
2688.750674
2688.872571
2689.316987
2689.362248
2689.404805
2689.414062
2690.437079
2690.466857
2690.562744
2691.261563
2691.373588
2692.150518
2693.531443
2693.678858
2694.314148
2694.918103
2698.502267
2698.704118
2700.973916
2701.124076
2701.950239
2702.621614
2702.937702
2703.270912
2703.751127
2706.391941
2706.525594
2707.079700
2707.092111
2707.113206
2707.574702
2708.924867
2709.136630
2711.558881
2711.783670
2711.833559
2712.002560
2712.007352
2712.451932
2712.536269
2712.624783
2712.865997
2712.972657
2714.058056
2714.267279
2714.347069
2714.354074
2714.775716
2714.978468
2715.067515
2715.348623
2715.439596
2715.713823
2716.702720
2716.803809
2717.012992
2717.304832
2718.007706
2718.082826
2719.216763
2719.221555
2719.226225
2719.441101
2719.704269
2720.394936
2721.061601
2721.302241
2721.592402
2721.784463
2721.803715
2721.808138
2722.027274
2722.271601
2722.735800
2722.760581
2722.826854
2722.863636
2722.892923
2725.094728
2725.102756
2725.105582
2725.464187
2725.590958
2725.841347
2726.320333
2726.387630
2726.557286
2726.743572
2727.175619
2727.338598
2727.646003
2727.861248
2727.931126
2728.008008
2728.017674
2728.275763
2728.470405
2729.513042
2729.713869
2729.977610
2730.696786
2732.371804
2732.826542
2732.960031
2732.967895
2732.971254
2733.231596
2733.314335
2733.398426
2733.413294
2733.414769
2733.543219
2733.572997
2733.638451
2733.647585
2733.802906
2733.844685
2734.009426
2734.241997
2734.287913
2734.402724
2734.836654
2734.846157
2734.888714
2734.900675
2735.803679
2735.813100
2735.818547
2738.060820
2738.275533
2738.281308
2738.285568
2738.497741
2738.707497
2738.919670
2738.953994
2739.056804
2739.160883
2739.227853
2739.272417
2739.295805
2740.141588
2740.515267
2740.795433
2740.796375
2740.997612
2741.274378
2741.282652
2741.556716
2741.610783
2741.654077
2741.756559
2742.046515
2742.480404
2742.632735
2742.879396
2743.172260
2743.283630
2743.568097
2743.883366
2744.236851
2744.277402
2744.364032
2744.645919
2749.217219
2749.402726
2749.465477
2750.165606
2751.237407
2751.357583
2751.495578
2751.690916
2751.888097
2751.912468
2751.999672
2752.295567
2752.304046
2752.690913
2752.895345
2754.481480
2754.716713
2757.145600
2758.505636
2758.645146
2759.070720
2759.073219
2760.128553
2760.274330
2760.895365
2763.232748
2763.655578
2768.389652
2768.736625
2768.883016
2769.098998
2769.509581
2769.757880
2770.257347
2770.590638
2770.673541
2770.686648
2771.052995
2771.064873
2771.435561
2771.653550
2772.023706
2773.171036
2773.278433
2773.286666
2773.290721
2773.615944
2775.374807
2777.506775
2778.455900
2779.252654
2782.776320
2783.045591
2783.573975
2784.664453
2786.992497
2788.575068
2790.014403
2791.757373
2794.658529
2794.817004
2795.416904
2795.504722
2795.531305
2804.006830
2806.381609
2808.696504
2814.509752
2816.631644
2820.152648
2820.165714
2821.841101
