66.760950
67.913933
69.123277
70.372844
70.384845
70.554747
71.211663
73.067684
73.625149
75.312988
75.320852
75.358290
75.381023
75.408015
75.422966
75.468677
75.521802
75.589673
75.599913
75.609129
75.621581
75.643249
75.660288
75.683594
75.712512
75.805245
75.850465
76.862505
76.906496
76.926116
76.940820
76.959744
76.996076
77.005578
77.022331
77.035520
77.042483
77.053952
77.061652
77.072425
77.087171
77.096223
77.112033
77.125100
77.138575
77.150290
77.165896
77.194035
77.407519
77.419028
77.435822
77.447987
77.475717
77.488251
77.505577
77.512950
77.530767
77.546127
77.575168
77.611868
79.461130
79.721677
83.384730
83.605709
83.627540
83.673661
83.711140
83.733135
83.786506
83.817636
83.953336
84.572979
85.610906
87.833805
89.239675
89.260155
89.272402
89.281987
89.311109
89.320858
89.333228
89.349775
89.362350
89.372180
89.390776
89.402900
89.420186
89.435054
89.444721
89.456435
89.470280
89.488097
89.506652
89.528607
89.545073
89.561088
89.638871
89.976136
90.049249
92.895396
93.670973
93.695754
93.718036
93.741056
93.769196
94.027407
94.416978
94.441964
94.456545
94.473994
94.492631
94.511964
94.522655
94.536581
94.545469
94.561976
94.569841
94.583071
94.597284
94.605681
94.615716
94.631772
94.648607
94.664090
94.675149
94.687601
94.697431
94.718525
94.792294
94.797906
94.811259
94.821171
95.260385
95.313428
97.827348
97.859133
97.877934
97.971405
98.375598
98.621276
99.005686
99.034972
99.075727
99.105669
99.115827
99.544637
100.398981
101.234893
101.810545
101.914624
103.487365
103.739924
104.000143
104.240292
104.514519
105.409577
105.575956
105.664512
105.709773
105.760317
106.467246
106.486170
107.656315
107.689329
107.736187
107.771617
111.271690
111.297085
111.308964
111.329567
111.354061
111.363564
111.373844
111.383142
111.391212
111.401288
111.497503
111.514419
111.639880
111.759442
111.770993
114.702909
116.648550
116.670136
116.942356
116.961853
118.131302
118.152724
118.169969
118.849823
118.879314
118.913475
119.048110
119.652680
121.405317
121.436160
121.461760
121.584476
121.606922
121.977160
123.344323
123.664589
123.714150
124.439552
128.317686
128.839148
129.856348
130.137784
130.161377
130.180792
130.201477
130.222408
130.238587
130.270904
130.279547
130.295644
130.316943
130.326364
130.342011
130.368307
131.159572
133.928305
135.410565
137.794273
138.941686
139.620966
142.290657
142.614651
142.684897
142.703616
142.751007
142.781317
143.213281
143.230362
143.253873
143.271649
143.284879
143.297126
143.315886
143.330509
143.344148
143.364178
143.379702
143.391662
143.417672
143.694152
144.159416
144.183583
144.206520
145.659331
146.024202
146.035466
147.139748
147.426099
151.442760
153.252659
153.701949
153.735004
154.265068
154.322412
154.528031
156.489032
157.263176
157.506068
157.564068
158.485135
158.887035
158.941676
159.071232
159.138365
159.220326
160.286310
160.818668
160.885883
160.899072
164.977377
164.995809
165.099110
165.123072
165.160714
165.174600
165.182833
165.203313
165.257544
165.294531
167.531233
169.044255
170.513244
171.806925
172.381061
172.394742
173.156598
173.178552
174.516552
176.114565
176.601211
178.417213
178.464031
178.524692
179.570770
179.591660
180.135772
180.151910
180.176404
180.205814
180.271432
180.398735
180.816282
181.034476
181.692621
181.884191
181.935718
183.731978
183.830446
188.926976
189.229507
189.444096
189.734625
189.893796
189.928530
189.970678
190.565089
191.336366
191.354757
191.395267
191.425004
191.450358
192.159785
192.894321
192.921108
192.986890
193.142661
196.975043
197.304115
197.326193
197.343846
197.435720
197.450138
197.509652
197.784125
197.794980
199.780884
199.796941
199.816356
199.833682
199.846912
200.390328
204.858778
205.619855
205.638410
206.434632
206.453678
206.471823
206.489190
206.504305
206.517658
206.532772
206.548173
207.049933
207.169208
207.744328
207.781274
208.366961
209.819402
212.813087
212.823368
212.833649
212.851343
212.882268
212.896563
212.940800
212.954931
213.009818
213.110333
213.262950
214.588948
215.049421
215.067976
215.115162
215.428014
215.812669
215.838433
217.470730
219.370906
219.391877
219.954053
222.142013
222.652129
222.669619
222.747894
222.788690
222.967480
223.157371
223.265997
223.685304
223.695667
223.712952
223.733391
224.211845
224.236134
224.347177
224.363110
225.351967
225.374700
225.406484
225.681654
226.171986
226.190705
226.205532
226.220032
226.260828
226.385265
226.814034
226.829517
226.888950
226.975867
227.020227
227.037839
227.554796
227.642860
227.684434
227.805184
227.816694
227.851387
227.878625
227.908567
228.014817
228.074660
228.088832
228.103332
228.132332
229.084774
229.096776
229.116518
229.135565
229.146911
229.172634
229.185249
229.195039
229.223956
229.552456
229.964308
231.064658
231.685530
231.902003
231.959020
231.979459
232.088166
232.896840
235.086356
235.510456
235.542610
237.196411
237.253919
237.277594
237.507133
237.523231
237.547397
237.561160
237.569188
237.576315
237.582295
237.596426
237.600645
237.615063
237.629972
237.636690
237.644431
237.671219
237.683958
237.700219
237.874913
237.883064
238.290371
238.316749
238.339195
238.370120
238.679818
238.690222
239.303475
239.398789
239.456051
239.603466
239.801262
239.819571
240.355410
240.370033
241.231217
241.330504
241.368883
242.440192
242.480374
243.541443
243.587932
243.872522
243.894845
243.933716
243.958743
243.981312
244.029071
244.752548
244.764713
244.851425
244.877517
244.905288
244.924047
245.217075
245.227889
247.070310
247.163658
247.187661
247.222600
247.240049
247.251722
247.273595
247.289446
247.299891
247.317586
247.328072
247.338885
247.351009
247.378821
247.391724
247.411958
247.420068
247.441203
247.449682
247.459840
247.488717
247.508460
247.520911
247.593329
247.639286
247.656571
247.670374
247.688069
247.709983
247.723868
247.733985
247.749263
247.762739
247.777649
247.787807
247.822090
247.859282
247.873700
247.877386
247.992115
248.069489
248.081039
248.100004
248.120402
248.153088
248.169062
248.193638
248.391393
248.420762
248.808038
251.119002
251.280425
255.284470
255.295939
255.311544
255.411937
255.425331
255.445975
255.467889
255.507743
255.694561
255.973622
255.978578
256.741212
257.058161
257.319444
258.804941
258.988687
259.001303
259.020595
259.029729
259.064177
259.089203
259.110339
259.141509
259.164815
259.175547
259.218883
259.235881
259.252429
259.265577
259.290931
259.309404
259.320627
259.338813
259.352412
259.400172
259.412173
259.444777
259.946496
259.972956
260.045947
261.695324
261.839831
261.878743
261.910323
261.934244
262.120079
263.160791
264.457953
264.749384
264.959549
265.241108
265.283748
265.302671
265.311068
265.370624
265.541960
265.590415
265.723535
266.487726
266.518979
266.856653
266.899005
267.718164
268.148982
268.304876
268.466012
268.497428
269.263749
269.301432
269.794959
269.918495
269.994312
271.350538
272.400425
274.587607
274.610545
274.636595
275.060326
275.126190
278.630687
278.952018
278.992077
279.034511
279.060603
279.087473
279.185490
279.202488
279.214858
279.253197
279.725097
279.832945
280.369275
280.389263
280.413307
280.438948
280.452301
280.478392
280.520540
280.687862
282.859151
282.868613
282.884178
282.937754
282.951803
283.532165
283.696005
283.805041
283.835720
284.546826
284.966953
284.989645
285.320028
287.440773
288.458097
289.144463
290.195538
290.213642
290.233303
291.667190
295.534141
296.783872
296.981996
297.023529
297.144689
297.593692
298.055352
298.064896
298.242867
298.665247
303.191695
303.204024
303.213527
303.571927
303.612723
303.624397
303.656387
306.587648
306.690171
306.715320
306.764759
306.806088
308.900086
308.920320
308.932444
309.576909
309.712814
309.733827
309.755044
309.767578
309.786583
309.818614
310.475121
310.522675
310.938214
311.281377
311.536517
311.903355
311.922033
314.104709
314.139443
314.158531
314.182779
314.197688
314.221691
314.240532
314.253353
314.277274
314.298163
314.309059
314.331832
314.813358
314.851082
314.893722
314.995302
315.021967
315.201618
316.228116
317.585367
319.712051
319.729254
319.886336
319.907144
319.917548
320.079258
320.083436
320.494060
320.507290
320.517284
320.540959
320.561480
321.224131
323.266560
323.280691
323.294986
323.318333
323.349750
323.363881
323.426468
324.117053
324.141179
324.867564
324.928512
325.613363
325.874606
325.979996
326.025011
328.669061
330.997801
332.526797
333.421896
333.436846
333.454254
333.466378
333.485220
333.538796
333.557105
333.573980
333.747323
333.822525
333.838418
334.733148
334.777672
335.145902
336.314163
337.575158
340.701962
341.563679
341.576581
344.588247
345.827041
349.427876
349.590405
350.042194
350.053786
350.446592
350.557102
351.361147
351.563530
352.563528
352.753623
353.147535
353.162527
353.178255
353.189683
353.198694
353.214054
353.224008
353.245757
353.260380
353.270907
353.311375
353.357005
353.374331
353.384079
353.395630
353.701601
353.724293
353.741210
353.780122
353.793475
354.918236
354.956001
354.986926
355.024855
355.043901
355.058770
355.665961
357.500436
358.828810
358.859612
359.660708
360.300134
361.408594
361.435341
361.632358
361.662669
361.677906
361.689702
361.707602
361.718825
361.732669
361.747620
361.756058
361.779855
361.794888
361.806438
361.815736
361.848054
361.872835
361.909944
363.848294
364.039168
364.081725
365.147955
366.869504
368.921395
369.106002
369.456210
369.477386
369.942692
369.958093
369.975665
369.996268
370.022973
370.048369
370.081874
370.122711
370.138071
370.169405
370.193818
370.219909
370.250711
370.264310
370.273321
370.282291
370.310840
370.322842
370.337956
370.348114
370.370109
370.384609
370.398372
370.406892
370.418688
370.431836
370.444820
370.461696
370.481848
370.500731
370.882970
370.969477
370.990694
373.054792
373.090714
373.105172
373.119795
373.132616
373.146296
373.159035
373.172593
373.180539
373.189673
373.198520
373.207572
373.218222
373.230592
373.245379
373.266514
373.287690
373.301903
373.310464
373.321892
373.635236
373.676483
373.684019
376.462213
378.378772
379.871928
380.859965
380.905103
380.923740
382.447534
382.461420
382.485135
382.541947
382.559191
382.591590
382.609940
382.630216
382.649508
382.665277
382.695014
382.718648
382.734705
382.941307
383.893422
384.959119
386.008842
386.028749
386.054308
386.068111
386.099364
386.119107
386.130166
386.142495
386.152530
386.170634
386.196439
387.509576
389.032141
389.593948
389.601976
389.622784
389.649285
389.666693
389.684593
389.723095
389.747343
389.767741
390.118195
391.168778
391.185654
391.433052
392.178770
393.305293
394.028237
394.323968
396.841370
397.213860
397.596426
398.035517
398.055424
398.068900
398.091510
398.123008
398.150492
399.862866
399.990989
400.219668
403.386286
403.416924
403.430441
403.838403
404.020224
404.054426
404.068188
404.084122
404.097761
404.145152
404.164116
404.193116
404.226540
404.326031
405.578220
405.598085
405.628887
406.511247
406.521938
406.533120
406.544343
406.552658
406.571295
406.585385
406.602957
406.620406
406.635438
406.687785
409.000100
409.566331
409.735250
409.844531
410.764001
410.988462
411.019919
411.795046
412.212347
412.229714
412.262932
412.281242
413.887037
414.396580
414.441062
414.635172
414.957650
415.350456
415.370404
415.382528
415.393751
415.408128
415.426519
415.444173
415.481364
417.668628
417.687593
417.709056
417.721876
417.754112
417.759683
417.783808
417.792983
417.808835
417.820590
417.848115
417.933681
418.027725
418.035712
418.055496
418.068029
418.086093
418.115625
418.127217
418.149704
418.166661
418.199757
418.603090
418.917581
419.905372
419.969516
420.596204
420.611400
420.633887
420.669768
420.709949
420.727931
420.748943
420.813210
420.879974
422.079734
424.159232
424.191181
424.220795
425.849692
426.376684
427.993539
428.009390
428.054405
428.070666
428.091843
428.113142
428.184699
428.208865
430.294426
430.791393
431.638979
432.708239
432.750141
432.969196
433.148518
435.394970
438.112788
438.516285
438.586450
439.219896
439.890657
440.368906
440.398438
440.454226
440.478474
440.530330
440.585626
440.766423
441.176228
442.721403
442.732052
442.742006
442.755645
442.775265
442.792837
443.020124
443.307459
443.332485
443.359724
443.387167
443.408261
443.448115
444.835062
445.455196
446.002340
446.041252
446.830920
447.792947
447.813304
447.836815
447.847260
447.878963
447.933645
447.978578
448.093184
448.127058
448.152412
450.281226
450.405171
453.040415
453.062001
453.082112
453.102223
453.121229
453.144084
453.182423
453.251891
453.289206
454.210273
455.881564
457.023201
457.099551
457.456804
457.484247
457.496125
457.518244
457.571287
457.622446
457.643131
457.678275
458.027500
460.465848
460.524585
460.545802
460.558336
460.565258
460.585820
460.600238
460.613263
460.631327
460.643082
460.653855
460.664381
460.675564
460.687852
460.702024
460.727542
460.751135
460.769362
462.174986
462.188749
462.206566
462.291804
462.319534
462.348329
462.364385
463.019786
463.068652
465.207828
466.147615
466.188657
466.369700
466.383094
466.399027
466.412749
466.434990
467.964150
468.440269
468.453253
468.471316
468.548444
468.981473
469.879398
469.905449
469.973565
471.965000
471.987651
472.052613
472.073339
472.097096
472.133960
472.135803
472.165581
472.170865
472.182088
472.186593
472.197734
472.205025
472.221983
472.227185
472.239391
472.248771
472.259625
472.396390
472.413635
472.519557
472.692695
474.207109
474.344899
475.078001
475.087995
475.101020
477.468836
478.644511
478.670275
478.696161
478.722990
478.938112
478.973829
479.021097
479.078482
479.095194
479.341978
479.431475
479.451423
480.441057
480.469279
482.018796
482.392965
483.241533
487.432970
487.918551
488.395776
488.624620
490.157097
490.170778
490.186383
490.220462
490.302177
490.703380
492.412723
492.505948
492.564480
492.661760
494.336328
494.841815
495.080858
495.112110
495.158804
495.203205
495.215616
495.231222
495.252357
495.536660
495.591752
498.947604
498.971689
498.989957
499.484221
502.977987
503.733535
504.925143
504.960246
505.227756
505.261711
505.275638
505.289810
505.299886
505.319629
505.325486
505.339904
505.357804
505.379717
505.392251
505.406996
505.425633
505.453117
505.465897
505.484165
505.512223
505.600819
505.661522
505.682084
505.705103
505.748275
505.761464
506.156974
506.190848
506.251223
507.089879
507.098071
507.109745
507.642266
507.693957
510.000783
510.125588
510.148567
510.164869
510.862459
510.880645
510.922547
510.939464
510.970061
512.198656
513.003069
513.166909
513.176289
513.193329
513.209016
513.220239
513.241907
514.608415
514.611159
514.661335
514.687017
516.221460
519.790756
520.278958
520.471429
521.722921
521.980600
522.000384
522.112614
522.138829
523.247698
526.098391
526.107607
526.418125
528.512901
528.527032
528.539607
529.159127
529.189233
529.232200
529.257103
530.502287
531.950182
531.991306
532.093501
532.384358
532.567818
533.508342
533.625405
535.228416
537.883935
537.902367
537.936896
539.185521
540.003164
541.626409
541.638328
541.782794
541.797499
541.808394
541.818307
541.836001
541.860332
541.896581
541.904445
541.926441
541.975880
542.075372
542.265467
543.021711
543.041946
543.592243
543.605391
543.636398
543.659377
544.024535
544.230728
544.275825
544.296223
544.311173
545.470587
545.603174
548.321239
548.630282
549.349294
549.363466
550.646948
550.665708
550.695404
551.352484
551.421501
552.108974
552.473436
555.429519
559.360328
559.381053
560.168796
561.447772
562.458788
566.474793
566.498181
566.883410
567.496294
567.533527
567.669514
569.689580
570.069975
570.123059
570.255155
570.332938
570.428826
570.447012
572.891423
576.272630
576.531620
576.730440
576.749036
577.365033
577.863393
577.876091
578.049147
578.066432
578.158100
578.702950
578.750464
579.588956
580.379771
581.114348
581.138145
582.754877
582.768640
582.811689
582.877880
583.998915
584.714281
584.815780
585.953280
586.806968
588.761006
588.839608
588.869591
589.234668
589.244047
589.305774
589.383557
589.399900
589.416653
589.471662
589.488333
589.506232
589.547848
589.559398
589.573612
589.591060
590.158152
590.203863
590.287790
590.905098
590.918779
591.852216
591.882977
591.924470
592.146473
593.247109
593.273242
593.333985
594.871173
595.729695
595.827835
596.296131
598.687212
598.978560
599.322542
599.784448
599.804764
599.966147
600.496046
601.086116
601.127567
601.137070
601.150710
601.163612
601.198428
601.234309
607.123538
607.141274
607.228600
608.722125
608.752067
608.824197
608.854508
609.526948
609.538417
609.550909
609.557955
609.569219
609.575526
609.812029
609.820508
610.188780
611.812270
612.806042
612.826030
612.867441
612.932772
613.649531
616.642068
617.630351
617.827615
619.123139
629.358469
629.373952
629.387796
629.407990
629.416100
629.447967
629.484831
629.542257
629.551882
629.564539
629.577359
629.592760
629.601567
629.622047
629.630607
629.644411
629.657846
630.012969
630.033981
630.160876
630.572933
630.868951
631.238164
631.279288
631.300096
631.332454
631.347364
631.379763
631.402045
631.508951
632.985108
633.002926
633.446932
633.458893
634.674790
634.709361
636.145869
636.195185
636.215542
636.230943
636.254044
636.274115
636.790784
641.209549
642.409595
642.429256
642.447647
642.517115
644.808786
692.812800
692.851098
692.867236
692.877926
692.960543
695.883448
696.811397
698.290872
699.232870
699.325850
699.399168
699.754578
700.813066
701.569597
702.126162
702.155776
702.479729
702.653153
704.733962
706.625618
706.685420
706.961654
707.594486
707.625615
707.719619
707.901153
708.818575
709.156618
709.173944
709.181112
709.190902
709.207081
709.215601
709.226168
709.233459
709.246034
709.255209
709.272904
709.295677
709.304975
709.313741
709.329715
709.335859
709.356421
709.372232
709.390254
709.403116
709.412659
709.426053
709.433016
709.442724
709.450998
709.460255
709.471396
709.487575
709.497979
709.513052
709.524275
709.533901
709.550572
709.558845
709.580472
709.590385
709.611110
709.627945
709.656863
709.672223
709.716173
709.751767
709.780439
709.807063
709.877801
709.940429
709.950177
709.963858
709.973238
709.982085
709.995233
710.022267
710.033244
710.049874
710.065029
710.093210
710.105661
710.113772
710.130237
710.152643
710.165258
710.188646
710.208635
710.216294
710.227354
710.236406
710.262907
710.277079
710.289859
710.369649
710.692659
711.386563
711.443169
711.458775
712.055071
713.653944
714.714644
714.728735
714.738729
714.769900
714.784891
714.795581
714.811351
714.825974
714.838548
714.847068
714.856448
714.871726
714.885489
714.898268
714.915635
714.946478
714.970194
715.002470
715.016561
715.034747
715.049861
715.134689
715.529052
715.539456
715.553956
715.568251
715.594383
715.922555
717.156434
717.470966
717.489234
717.550428
717.566403
717.587907
717.615841
717.905756
717.937172
717.952573
717.968425
717.981409
718.011105
718.031217
718.276526
718.339400
718.383104
718.599250
718.618870
718.636483
718.702961
718.715945
720.104612
720.137871
720.167444
720.218235
720.258253
720.877322
720.981115
721.033626
721.261732
721.485865
721.504133
721.530634
721.919304
721.940398
722.709996
723.485368
723.496182
723.524485
723.536445
723.583959
723.618857
723.660800
723.726459
723.891200
724.310221
724.602307
724.619059
725.052867
725.716541
725.895496
728.087224
728.104305
728.116183
728.149852
728.282399
728.425390
728.872468
728.886559
728.910479
728.945377
729.005998
729.108521
729.144443
729.156444
729.180406
729.242706
729.400074
729.422234
729.453568
730.345226
733.267231
733.297091
733.613261
735.737692
735.821906
736.809943
737.114481
737.222410
738.998641
739.015639
739.476521
740.050780
740.058071
740.073349
740.096369
740.110008
740.127949
740.140851
740.147446
740.163994
740.173087
740.187832
740.197990
740.214129
740.229489
740.250747
740.265042
740.275077
740.288840
740.305224
740.372193
740.410327
740.452311
740.481065
740.494705
740.573471
740.693811
740.724900
740.791214
741.416305
741.424374
741.462385
741.479547
741.498266
741.506048
741.530952
741.548646
741.571912
741.584445
741.593457
741.603942
741.638922
741.748163
741.832008
741.851259
741.886157
741.938872
741.957755
743.681311
745.152594
745.166234
745.213829
745.275515
745.295585
745.385738
745.510257
745.578455
745.635635
745.669796
745.699738
745.711002
745.724887
745.735168
745.756099
745.769492
745.786696
745.798328
745.820611
745.858171
745.890570
745.906668
745.926574
745.946481
745.960694
745.981624
745.997599
746.127442
746.147676
746.213294
746.449306
746.471465
746.628178
746.646897
747.060879
747.106673
747.131412
747.199037
747.228201
747.242086
747.265311
747.285955
747.309302
747.385283
747.473961
747.624161
747.669832
747.718205
747.831173
747.842314
747.884913
747.918213
748.039578
748.072346
748.116132
748.512420
748.566323
748.580700
748.599214
748.626002
748.640707
748.677775
750.304748
750.342144
752.567091
752.903004
753.595924
753.623532
753.652859
753.683169
753.718272
754.074214
754.099446
754.123817
754.149294
754.172559
754.198774
754.241126
754.290606
754.321940
754.374083
754.383503
754.434949
754.485207
754.497823
754.524242
754.541978
754.584986
754.617754
754.735063
754.920694
754.947809
754.962268
755.068273
755.132989
755.923149
755.948134
755.967304
756.001751
756.014817
757.293343
758.997852
759.777403
759.825039
760.200806
760.829624
760.865587
762.481623
763.763548
763.794022
763.806843
763.832525
763.857060
764.217590
764.383068
764.430582
765.055754
765.078979
765.103882
766.089011
766.107976
766.118093
766.137713
766.148772
766.244905
767.624397
767.636726
767.646966
767.659213
767.669740
767.681618
767.692022
767.722086
767.811338
767.825797
767.836529
767.861064
768.002171
768.015032
768.024453
768.034365
768.044114
768.051282
768.059965
768.078152
768.100844
768.135209
768.173875
768.201155
768.217702
768.227328
768.240271
768.253420
768.261161
768.272916
768.281600
768.299459
768.319611
768.337060
768.360079
768.377979
768.393871
768.404439
768.415293
768.711844
768.723927
768.950026
770.671288
770.699592
770.720072
770.738094
774.317179
774.467584
774.945014
775.002440
775.029146
775.044137
775.287849
775.299318
775.343964
775.372227
775.387136
775.398359
775.427973
775.606067
775.624253
775.790060
776.410972
776.435180
777.158001
778.306150
778.776125
778.793206
779.986166
780.002304
780.389622
780.402278
780.441354
780.606341
780.635505
780.684001
780.950241
781.038141
781.105070
781.137142
781.155574
781.174211
781.291971
781.821338
782.350541
782.368481
782.534042
782.944338
782.979850
783.003894
783.052308
783.114609
783.134761
783.148401
783.225446
783.275418
783.373025
783.635046
783.647990
783.674409
783.696568
783.710577
783.729091
783.756083
783.767798
783.783444
783.805972
783.815803
783.837307
783.851889
783.867331
783.889695
783.905792
783.933522
783.947244
783.962194
783.992422
784.005652
784.020152
784.032440
784.068485
784.438108
784.534446
784.556524
784.966697
785.627218
785.643192
785.684439
786.359501
786.387190
786.405130
786.455347
786.490491
786.535997
787.871990
787.946824
788.429701
788.471726
788.490404
788.508017
788.554056
788.594770
788.632699
788.666614
790.774784
792.178606
792.320573
792.336261
792.354079
792.715510
792.867185
792.906260
792.948859
792.971510
792.991867
793.021071
793.072722
793.083945
793.094595
793.105940
793.123144
793.197036
793.245286
793.489818
793.507758
794.413343
794.455777
794.466017
794.486170
794.511278
794.529915
794.547732
794.741473
794.969580
795.411292
795.447951
795.510989
797.749453
798.029701
798.051328
798.083277
798.104863
798.137713
798.159176
798.170194
798.182646
798.193623
798.207386
798.219469
798.238679
798.329651
798.339154
798.368031
798.391296
798.418125
798.433403
798.447043
798.463427
798.563082
798.627512
798.649549
798.683423
798.713692
798.785044
798.806712
798.822195
798.846648
798.857462
798.871716
798.888264
798.901780
798.920868
798.943027
798.969569
798.990950
799.004058
799.060951
799.445852
799.467356
799.526625
799.998894
800.024207
800.039322
800.053412
800.061645
800.082002
800.092119
800.109199
800.119439
800.128696
800.141271
800.148521
800.166216
800.179978
800.196116
800.209510
800.223068
800.234496
800.258171
800.275210
800.298025
800.311828
800.329196
800.521871
800.637092
800.666255
800.691651
800.712008
800.721019
801.175757
801.201439
801.481236
805.610291
805.965210
805.990441
806.026363
806.045327
806.062817
806.078464
806.100541
806.343352
806.357811
806.393078
806.580838
806.598697
806.697697
806.760612
806.778470
806.891725
808.233615
808.825078
808.867430
808.889876
808.902451
808.923955
808.940626
808.954348
808.975155
808.999649
809.060925
809.089638
809.104384
809.119785
809.503662
809.539789
809.565921
809.575219
809.592873
809.658163
809.679421
809.716040
810.092585
810.113352
810.172621
811.520901
811.542692
811.567923
811.581686
811.596554
811.635302
811.655700
811.667948
811.688387
811.695759
811.707597
811.716444
811.727544
811.743928
811.760026
811.790664
811.809997
811.826012
811.839980
811.873853
811.901379
811.947827
811.966915
812.229345
812.253225
812.296561
813.052477
813.113180
814.259200
814.856315
814.890394
814.903992
814.923489
814.942454
814.987100
815.006966
815.020319
815.042150
815.085650
815.099822
815.115346
815.135007
815.148237
815.170273
815.182111
815.223767
815.680307
816.732447
817.401201
817.422909
817.451459
819.717980
819.778601
819.931914
820.183900
821.678858
822.618522
822.629048
822.710190
823.006945
823.121060
823.152067
823.912202
824.400445
825.481789
826.373734
826.398761
826.420920
826.591273
827.698831
827.712143
827.735409
827.749499
827.771249
827.790664
827.812413
827.821507
827.837235
827.846287
827.866358
827.883274
827.910881
828.529746
830.020526
832.756531
833.017324
833.037353
835.325338
835.350733
835.366380
835.389932
835.402465
835.417129
835.438715
835.453624
835.479552
835.507364
835.531694
835.715564
835.943219
835.968328
835.987087
836.022436
836.035379
836.046684
836.067860
836.129382
836.153426
836.239114
837.072282
837.081948
837.114225
837.131469
837.167309
837.202002
837.552620
837.693153
837.709906
837.797233
838.365143
838.427853
839.980769
841.655828
841.671762
841.715507
842.085253
842.379428
842.856530
842.883645
842.904248
842.937508
842.959012
842.970030
842.985472
842.992640
843.012956
843.019674
843.026473
843.032535
843.042284
843.058258
843.066450
843.135713
845.865533
845.887160
846.489477
846.651802
846.857093
846.878433
846.948598
846.983660
847.371059
848.592773
848.632381
848.647455
848.668836
849.233592
849.291510
849.341891
849.686815
849.715323
849.740063
849.753170
849.765499
849.776681
849.794826
849.807073
849.819607
849.828618
849.845862
849.861140
849.885880
849.901814
849.934254
849.957847
849.988321
850.018796
850.039972
850.221097
850.453422
850.484879
850.865316
850.900869
850.920284
850.945147
850.967224
851.033989
851.056968
851.444081
851.599933
852.527636
852.550246
852.711506
853.133189
854.539796
854.558106
854.603981
854.680166
856.671724
856.692326
856.745492
856.774697
856.825283
856.872305
856.924283
857.443369
857.526190
857.541673
858.363658
858.373816
858.399949
858.412646
858.425549
858.440786
858.452337
858.465894
858.493870
858.505011
858.522419
858.534748
858.552689
858.569851
858.578862
858.589184
858.596393
858.617528
858.642227
861.041910
861.855375
861.897646
862.323958
862.371021
863.781396
863.791882
863.799951
863.864832
863.874417
863.882691
863.901409
863.910052
863.916524
863.926886
863.931884
863.959695
863.969075
863.995945
864.003891
864.075448
864.111903
864.131318
864.147169
864.159130
865.595556
866.731131
867.838075
869.895619
869.916590
869.930435
869.955174
869.968077
869.981716
870.016778
870.049423
870.096200
870.119752
870.131917
870.154322
870.185206
870.449357
870.468813
870.505226
871.360020
871.564001
871.666483
872.242831
872.253932
874.334495
874.454467
876.329124
876.642673
877.502546
877.566935
878.741750
878.752604
878.781522
878.857093
878.921687
878.946755
879.562179
879.603794
879.613583
879.621571
879.635374
879.652209
879.660564
879.670354
879.678013
879.694766
879.709716
879.718973
879.731139
880.191406
882.792858
882.849628
882.884321
886.067569
886.117786
886.137487
886.167716
886.185943
886.210847
886.235628
886.257295
886.286336
886.306284
886.319514
886.332211
886.349332
886.368502
886.842778
886.861332
887.208182
887.259177
888.082309
888.342364
889.852682
890.142188
890.283704
890.348503
890.371277
890.428908
890.923704
891.213210
891.381678
892.079186
892.094423
892.356649
893.169623
893.217341
893.522698
893.668803
893.804012
893.821010
893.871841
893.892116
893.926236
895.670723
895.709143
895.859466
896.547430
896.752026
896.769843
896.794788
896.889856
896.973169
897.867325
898.543862
898.558525
898.591293
898.623242
898.690499
898.712904
899.247923
900.134830
900.196680
900.236657
900.247388
900.309934
900.330660
901.238825
901.263770
901.353718
903.362191
903.394304
903.409787
903.428833
903.690936
906.027540
906.037576
906.061701
906.147635
906.174423
907.447910
907.602739
907.612283
907.697562
907.707720
910.750188
910.764155
911.741870
913.455309
913.759887
913.932001
913.988116
915.279299
915.296870
915.322020
915.376292
915.403694
915.926999
916.089487
917.585797
917.734892
917.990277
918.035743
918.045983
918.087229
921.359073
921.434194
923.754414
923.779318
923.814953
923.838915
923.871109
925.202924
925.232333
925.244375
925.265879
925.289390
929.409802
929.421681
929.440768
929.451049
929.460920
929.472389
929.484063
929.495613
929.504993
929.516626
929.534771
929.553080
929.591173
932.420690
932.477133
932.493967
932.501012
932.509860
932.518912
932.536689
932.555448
932.566794
932.597637
932.817756
932.833157
932.845732
932.857037
932.889068
933.239071
933.259059
933.296169
933.322465
933.343355
933.359534
933.545083
933.841142
935.410934
935.442596
941.679411
941.736919
941.758382
941.846815
941.896294
942.286561
942.336737
943.051899
943.089582
943.118623
943.131156
943.141929
943.152579
943.187886
943.258870
943.289958
943.902720
943.940444
943.982469
946.814771
946.861998
946.901361
946.927985
949.423104
949.446615
949.474550
949.492777
952.738202
952.761508
952.777236
952.800502
952.817992
952.840356
952.861573
952.959263
953.025249
956.315607
956.333384
956.409692
956.419195
956.440658
956.492063
956.502344
956.567470
957.003039
957.187318
957.211689
959.825224
960.529572
960.583762
960.602604
960.644669
960.685097
962.539438
962.561270
962.581504
962.613903
962.652815
962.681160
964.057457
964.300227
965.638717
965.650842
965.701919
965.836677
965.912699
966.215025
966.232269
966.248079
966.314639
966.527959
967.129375
967.366042
967.378166
967.434445
968.285512
968.396882
970.631537
970.650092
970.668155
970.684703
970.714358
970.735452
970.756219
970.903101
970.940457
971.610604
973.764116
974.149878
975.439667
975.767757
976.036291
976.076390
978.768527
978.791793
978.850693
978.861507
979.466609
980.340859
980.349297
980.384195
980.395704
980.412416
980.421919
980.434739
980.444365
980.450755
980.462019
980.469801
980.478075
980.487741
980.497654
980.525261
980.534518
980.550328
980.561060
980.584817
980.872888
981.353636
981.383946
981.438505
981.512888
981.541806
981.570437
981.650227
981.669192
982.203433
983.126344
983.737713
983.756595
983.770481
983.790346
983.827620
983.879352
983.914865
983.979295
984.352195
984.368660
984.379433
984.398356
984.413102
984.431534
984.445174
984.454021
984.467128
984.480645
984.491540
984.503869
984.510218
984.518328
984.531149
984.540037
984.549130
984.567030
984.577188
984.591196
984.614380
984.629699
985.359524
985.534177
986.156605
986.185359
986.215629
986.266665
986.297631
986.312376
986.360627
986.408509
986.853417
987.666227
988.527043
988.537160
988.553667
988.572426
988.585206
988.599747
988.619366
988.631532
988.650537
988.675154
988.701655
988.708618
988.735242
988.745728
988.756623
988.774236
988.788695
988.803359
990.449951
990.467031
990.515855
990.528758
990.548910
990.561976
990.602486
991.207178
991.651799
991.663555
991.675843
991.694356
991.709184
991.721759
991.743877
991.753339
991.768003
991.785370
991.797453
991.811502
991.829402
991.845089
991.862825
991.873761
991.888138
991.904522
991.913165
991.957484
992.320307
992.334275
992.358892
992.374743
992.419512
992.955187
992.968335
993.431839
993.453179
993.518551
995.591660
996.964598
998.834217
998.981878
998.992404
999.044260
999.059251
999.101153
999.193149
999.205519
999.502971
1000.074813
1001.497518
1001.587548
1001.897452
1003.898634
1003.913011
1003.936809
1003.991941
1004.051046
1004.995871
1005.068411
1007.002624
1007.432909
1007.448023
1007.591752
1007.869215
1008.845947
1008.992133
1009.293967
1009.976074
1010.042593
1010.513347
1010.566676
1011.200082
1011.214213
1011.277169
1011.305882
1011.581870
1011.672474
1011.987087
1012.032758
1012.902830
1013.011702
1016.310948
1016.336998
1016.522056
1016.750080
1018.139075
1018.519716
1018.616463
1019.147633
1019.584266
1019.731067
1020.692767
1022.497669
1022.513807
1022.536827
1022.629437
1023.650816
1023.712952
1023.773532
1023.825306
1023.868641
1023.902843
1023.933891
1023.946998
1025.597850
1025.607434
1025.617388
1025.667195
1025.712988
1025.925816
1025.974395
1028.333076
1028.352492
1028.378010
1028.696228
1028.738007
1029.107343
1029.529108
1030.019195
1030.063227
1030.953329
1032.071782
1032.156733
1032.468767
1032.504156
1032.519188
1032.534630
1032.547860
1032.558060
1032.576123
1032.585462
1032.592835
1032.612700
1032.624742
1032.634286
1032.642724
1032.652104
1032.666808
1032.680325
1032.689050
1032.699781
1032.704983
1032.718418
1032.733491
1032.757002
1032.779489
1032.796324
1032.882135
1033.047613
1033.083986
1033.152102
1033.813729
1034.647716
1035.817615
1035.887780
1035.934024
1036.623995
1036.640215
1036.913623
1039.257272
1039.306752
1039.571395
1039.687148
1039.716393
1040.120750
1040.134717
1040.572252
1040.608952
1040.638403
1040.652329
1040.699433
1040.716882
1040.729661
1040.747233
1040.757719
1040.770785
1040.779960
1040.789094
1040.796467
1040.806461
1040.813916
1040.827269
1040.842342
1040.855613
1040.876175
1040.894607
1040.906936
1040.915907
1040.926843
1040.948019
1041.532641
1043.117179
1044.757422
1044.767293
1044.800389
1044.851753
1044.869161
1044.915610
1045.002281
1045.704581
1046.136791
1046.298583
1046.920356
1047.854981
1050.418463
1051.925504
1054.383800
1054.448722
1054.475182
1054.512292
1054.544364
1054.558904
1054.604452
1054.823752
1054.862582
1054.885069
1056.334316
1056.430162
1056.476856
1056.598876
1057.109565
1057.310024
1058.796257
1059.006546
1060.225720
1061.693030
1062.099067
1064.706458
1064.915231
1065.615524
1065.686835
1065.694331
1066.239836
1066.374349
1066.389094
1066.404413
1066.440909
1066.478920
1066.512220
1070.219551
1070.253056
1070.267474
1070.313923
1070.344315
1070.369382
1070.446715
1074.260787
1074.488115
1076.336108
1076.357161
1076.387103
1076.403978
1076.438098
1076.475658
1076.522394
1076.575068
1077.110374
1077.152932
1077.295227
1078.627451
1078.693560
1078.728827
1078.751846
1078.768640
1078.780723
1078.826066
1081.271132
1081.455124
1081.467372
1081.524142
1081.600942
1081.666232
1081.674424
1081.687040
1081.704776
1081.711944
1081.731154
1081.744015
1081.761956
1084.169339
1084.448973
1084.523561
1084.569313
1084.682650
1084.733809
1085.241754
1086.042726
1086.704558
1086.831452
1086.843699
1086.874378
1086.890885
1086.904197
1086.924841
1086.945649
1086.970266
1086.991688
1087.022449
1087.049769
1087.058452
1087.071887
1087.081882
1087.106867
1087.133368
1087.155896
1087.171338
1087.195750
1087.215043
1087.273083
1087.293153
1087.313674
1087.324733
1087.357379
1087.493693
1087.521915
1087.577907
1088.327066
1088.379290
1088.434627
1088.497459
1088.933642
1089.822638
1090.866708
1092.070113
1092.087849
1094.946243
1095.070761
1095.086326
1095.128064
1095.159153
1095.245414
1095.588209
1095.640515
1096.136868
1096.208671
1096.235745
1096.247542
1096.318403
1096.625562
1096.643543
1097.101640
1097.206170
1097.245860
1097.338962
1097.430794
1097.454961
1098.629243
1098.659348
1098.678968
1098.714276
1098.750198
1098.763305
1098.821263
1098.876641
1099.088445
1099.097129
1099.130020
1099.277558
1101.313065
1101.340262
1101.362422
1101.389988
1101.421404
1101.433283
1101.447537
1101.468672
1101.485629
1101.505905
1101.513810
1101.549158
1101.566566
1101.579305
1101.588316
1101.618422
1101.646848
1101.674455
1101.716972
1101.799301
1101.829489
1101.975429
1102.511555
1102.555955
1102.575370
1102.589174
1102.640005
1103.430779
1103.456788
1103.520154
1104.636600
1104.812401
1105.515397
1106.286674
1107.727565
1108.434166
1109.103084
1110.188728
1110.212485
1111.684669
1111.703020
1111.731364
1111.753564
1111.765688
1111.783260
1111.823729
1111.853834
1113.335931
1113.352479
1113.418752
1113.472410
1115.823555
1116.436480
1116.473262
1116.511846
1116.530401
1116.546744
1116.590531
1116.661883
1116.763914
1118.200218
1120.056852
1120.117064
1120.188867
1120.582001
1120.646144
1120.681247
1125.176074
1125.200732
1125.226250
1125.268193
1125.327299
1125.512602
1125.533286
1125.565809
1127.413350
1127.850721
1127.890412
1128.158659
1128.270479
1128.736809
1128.774861
1128.818647
1128.934769
1130.727055
1135.139267
1135.181455
1135.231222
1138.279506
1139.592069
1139.615621
1139.639788
1139.731374
1139.740262
1139.755909
1139.976274
1140.198892
1140.247470
1140.267868
1141.752300
1142.356541
1142.371041
1142.379479
1142.782607
1143.148913
1143.166607
1144.160952
1144.179958
1144.190648
1144.200561
1144.218051
1144.226529
1144.241193
1144.251720
1144.269988
1144.281416
1144.290918
1144.302592
1144.322007
1144.329789
1144.345764
1144.375665
1144.389059
1144.404419
1145.874391
1145.928253
1146.177864
1146.238648
1147.156603
1147.744952
1147.770348
1147.788657
1147.817943
1147.836580
1147.866563
1147.895685
1147.958477
1148.170977
1148.463473
1148.580577
1148.775424
1150.901371
1151.712256
1151.724093
1151.796306
1151.812157
1151.847506
1152.005734
1152.128983
1153.541612
1157.715722
1158.263316
1158.459843
1158.505882
1161.356534
1161.409495
1161.716572
1162.243195
1164.244460
1165.468836
1166.102528
1166.603878
1167.173796
1167.182766
1167.498772
1167.513518
1170.256445
1172.041769
1172.058563
1172.576010
1172.615578
1172.653343
1172.812022
1172.846674
1172.852531
1172.865843
1172.874035
1172.884849
1172.898570
1172.909507
1172.920730
1172.933100
1172.945633
1174.104474
1174.397501
1174.460334
1176.939028
1177.349939
1177.893274
1178.016236
1178.113311
1178.140631
1182.266245
1182.328095
1182.616453
1182.646845
1182.683218
1183.633203
1183.661261
1183.689974
1185.795604
1186.224333
1186.290524
1186.522317
1188.047708
1188.070195
1188.096205
1188.124426
1188.140442
1188.164076
1188.170138
1188.185416
1188.220027
1188.273070
1188.317061
1189.076746
1189.195407
1192.635064
1194.195026
1194.224927
1194.240369
1194.261422
1195.708047
1195.966833
1196.908298
1196.919439
1197.536092
1198.419395
1198.546821
1199.205007
1199.230976
1201.011057
1201.046651
1201.094205
1201.119396
1201.152328
1207.233454
1207.268311
1207.313203
1207.332659
1207.352115
1207.376691
1211.784684
1211.799060
1211.821957
1211.927757
1212.029215
1215.762964
1215.778120
1215.837020
1216.386908
1216.716759
1216.821944
1216.839762
1216.919716
1217.617142
1217.730519
1217.830461
1217.895670
1219.102761
1221.588541
1223.565271
1224.399094
1224.462008
1224.484004
1224.528855
1224.556995
1224.657797
1224.722801
1224.754422
1226.143990
1226.485596
1226.508943
1226.663363
1226.686996
1226.701087
1226.712146
1226.735124
1226.770883
1226.815570
1226.832077
1226.908262
1230.430986
1230.448067
1230.783324
1231.168758
1231.254979
1231.273697
1231.312814
1234.950062
1235.026534
1235.336397
1235.591946
1235.657114
1235.943875
1236.932116
1237.757911
1240.700518
1240.714281
1241.289359
1241.309143
1241.348915
1241.374188
1241.391555
1241.406464
1241.472614
1242.262446
1243.399741
1245.910589
1246.096916
1246.141972
1246.220124
1246.235525
1246.850580
1250.211471
1250.225480
1251.585925
1251.610501
1251.640402
1251.668992
1251.683041
1251.692503
1251.727073
1251.746079
1251.764224
1251.811164
1251.835904
1251.862856
1252.302643
1252.337910
1252.723302
1252.784988
1252.806820
1252.825211
1252.843602
1253.029601
1254.463775
1254.479790
1254.488637
1254.515589
1258.698916
1259.056538
1259.098358
1261.766533
1261.786604
1261.805814
1261.828588
1261.871555
1263.376876
1271.184794
1271.203717
1272.501576
1273.773138
1273.795871
1273.830687
1276.479693
1276.497306
1276.509471
1276.531794
1276.544041
1276.581396
1276.597084
1276.744540
1276.876308
1276.887327
1276.903137
1276.914852
1277.024625
1277.037199
1277.064315
1277.952287
1277.967524
1277.974979
1278.142996
1279.346033
1279.379661
1280.178708
1282.419712
1282.451128
1282.480742
1282.616484
1282.635407
1282.789458
1284.242719
1284.258365
1284.281549
1284.404797
1284.431462
1284.868997
1288.943862
1292.025856
1293.492634
1293.534618
1294.502339
1294.529577
1294.834565
1294.855209
1294.869791
1294.897521
1297.167933
1297.581834
1297.611858
1299.982541
1299.995976
1300.022600
1300.534026
1300.701962
1302.341550
1303.073178
1303.539958
1304.332411
1304.342036
1304.372019
1304.385044
1304.396800
1304.411750
1304.427151
1304.439316
1304.451686
1304.457626
1304.471142
1304.478556
1304.485396
1304.495104
1304.512963
1304.520540
1304.529101
1304.539914
1304.551547
1304.564982
1304.575181
1304.586076
1304.593654
1304.615936
1305.594921
1305.615565
1305.642926
1305.682657
1309.236388
1309.337436
1309.418414
1310.526874
1311.940198
1311.970017
1312.004628
1312.275784
1313.338163
1314.370683
1314.385797
1314.415247
1314.435645
1314.443633
1314.451907
1314.464768
1314.479104
1314.485617
1314.514043
1314.544640
1314.561024
1314.594038
1314.611569
1314.674237
1317.197783
1317.281792
1320.060846
1321.184993
1321.200312
1321.219400
1321.380536
1321.450742
1324.057846
1324.071895
1324.159058
1324.186706
1324.195553
1324.203827
1324.218163
1324.230615
1324.289311
1324.383396
1324.529992
1325.304832
1325.610803
1327.031173
1331.499008
1332.446249
1332.459356
1332.472996
1332.525220
1332.541891
1332.553933
1332.577485
1332.593951
1332.605420
1332.615291
1332.624835
1332.640727
1332.675502
1332.697866
1332.716380
1332.758774
1332.770857
1332.823122
1333.588992
1335.087063
1335.559168
1335.628759
1335.644037
1335.666483
1335.713587
1338.160374
1338.353336
1339.208581
1339.522048
1345.341235
1347.539108
1350.092431
1350.713385
1351.108649
1351.130112
1351.418880
1351.435346
1351.459103
1351.491297
1351.526195
1351.534469
1351.545528
1351.587799
1351.608975
1351.645839
1351.658127
1353.512387
1354.117120
1354.129244
1354.148413
1354.164347
1354.172703
1354.180813
1354.205348
1354.212884
1354.746675
1358.269440
1358.278615
1359.393178
1359.498445
1359.582740
1360.620093
1361.230930
1361.243382
1361.264927
1361.280983
1361.427538
1361.854751
1362.901074
1362.910249
1362.917294
1362.934579
1362.953748
1362.970788
1363.001016
1363.013755
1363.057459
1363.684188
1364.664156
1364.988600
1365.057987
1365.134254
1365.200486
1365.226496
1365.240545
1365.645640
1365.723300
1365.941289
1366.083789
1370.178847
1373.765386
1373.797171
1374.408622
1374.422426
1374.441185
1374.447739
1374.473748
1374.486610
1374.500741
1374.516183
1374.524334
1374.547395
1374.575452
1374.619689
1374.698660
1374.711644
1374.722499
1374.750188
1375.536906
1375.552102
1375.566520
1375.585526
1375.623004
1375.645368
1375.657861
1375.681823
1375.694643
1375.708201
1375.727206
1375.767429
1375.817974
1375.901082
1375.936307
1375.949865
1375.957033
1375.962808
1375.979028
1375.996109
1376.014664
1376.023757
1376.106168
1376.115589
1376.130580
1376.140411
1376.159908
1376.170230
1376.187802
1376.200212
1376.210166
1376.244859
1376.261980
1376.271974
1376.284426
1376.296428
1376.306954
1376.346685
1376.360407
1376.383386
1376.402350
1376.425411
1378.633441
1378.674237
1378.686812
1378.742026
1378.763694
1378.771681
1378.789458
1378.819277
1378.863227
1378.926674
1378.951782
1379.017482
1379.091907
1379.111813
1379.131351
1379.147203
1379.170714
1380.081746
1380.105708
1380.123853
1380.139622
1380.856504
1380.896440
1385.196339
1385.331384
1385.356575
1385.523569
1385.598239
1385.668813
1387.454792
1387.801682
1387.852063
1388.505661
1389.336945
1389.355500
1389.390193
1389.404119
1389.433528
1389.450772
1389.466051
1389.489111
1389.530808
1390.141153
1390.201037
1390.249165
1390.266860
1390.464778
1391.985132
1392.066355
1392.081306
1392.094495
1392.117514
1392.126976
1392.135660
1392.146022
1392.159990
1392.179651
1392.190833
1392.201318
1392.218030
1392.231137
1392.241664
1392.259604
1392.279224
1392.288809
1392.301220
1392.321618
1392.520929
1392.538460
1392.565576
1394.122998
1394.147942
1394.178130
1394.188902
1394.216100
1394.232771
1394.255421
1394.267914
1394.283848
1394.311209
1394.322268
1394.340086
1394.353070
1394.502328
1394.550825
1394.578309
1394.627707
1396.756685
1398.387098
1398.437396
1399.295959
1399.354900
1399.376937
1399.395983
1401.031148
1401.213706
1402.759168
1402.773873
1402.828308
1402.862305
1403.976786
1404.005130
1404.025569
1404.047319
1404.086845
1405.778944
1405.786890
1405.812490
1406.970511
1411.020104
1411.393372
1412.018995
1412.046930
1412.082565
1412.098540
1412.109844
1412.123238
1412.346470
1412.386939
1412.426179
1412.486308
1412.498555
1414.146949
1416.691057
1416.721326
1416.762778
1416.780390
1416.849859
1416.860099
1418.207887
1418.752737
1418.771087
1418.805453
1419.001938
1419.058299
1419.082916
1419.453317
1424.429425
1425.402470
1425.443021
1425.890959
1426.930196
1427.019489
1427.071345
1427.084657
1427.104440
1427.120210
1427.170140
1428.215685
1428.275528
1430.046310
1430.840934
1430.850560
1430.926459
1431.072113
1431.151124
1431.164232
1431.212605
1431.245578
1431.268639
1431.319634
1431.335281
1431.530373
1431.538401
1431.571251
1431.581532
1431.600005
1431.673446
1431.682867
1431.693312
1431.729439
1431.747707
1431.877960
1431.890944
1431.904297
1431.925064
1431.942431
1431.960003
1436.774236
1436.796969
1437.155860
1437.225861
1437.259735
1437.322895
1437.348291
1437.388104
1437.927875
1437.953065
1438.242529
1438.257398
1438.423122
1438.448271
1438.476616
1438.517248
1439.356068
1440.654049
1440.657080
1440.665068
1440.702996
1440.741089
1440.783606
1443.417211
1443.724001
1444.451492
1444.849459
1445.969756
1446.520422
1447.794033
1447.831880
1450.591764
1450.678026
1450.721853
1453.377864
1453.603676
1456.496804
1456.555213
1457.876705
1458.267791
1458.293514
1458.327593
1458.347909
1458.367939
1458.950595
1460.109681
1460.147323
1460.181238
1460.190781
1460.208108
1460.225802
1460.237926
1460.252426
1460.260332
1460.269138
1460.278149
1460.284908
1460.294369
1460.312351
1460.321690
1460.333158
1460.344095
1460.353311
1460.368794
1460.385341
1460.409836
1460.452680
1460.472463
1460.591329
1460.623565
1460.650557
1460.661576
1460.680049
1461.057782
1461.110456
1461.132575
1461.147730
1461.168456
1461.182710
1461.232845
1461.246157
1461.632328
1461.649449
1461.677343
1461.687296
1461.696512
1461.786132
1461.804278
1462.207201
1462.226534
1462.240461
1462.262989
1462.276383
1462.285926
1462.300508
1462.314516
1462.319964
1462.334833
1462.351749
1462.389678
1462.407782
1462.444605
1462.506783
1462.513254
1462.520095
1462.595461
1462.616556
1462.627205
1462.641459
1462.648791
1462.660710
1462.672753
1462.681723
1462.714122
1464.408596
1466.585129
1466.603807
1466.671309
1468.621537
1468.748677
1470.560829
1471.128125
1471.141478
1471.600558
1471.706726
1471.732777
1471.746990
1471.756452
1471.771935
1471.783444
1471.795282
1471.805850
1471.814001
1471.820472
1471.828009
1471.834890
1471.843983
1471.858237
1471.880520
1473.459773
1473.479926
1473.487462
1473.493361
1473.507615
1473.518428
1473.537597
1473.545912
1473.568850
1473.592525
1473.615012
1473.663304
1475.240018
1475.439903
1475.458089
1475.479716
1475.496591
1475.734364
1477.098332
1479.122084
1480.271258
1482.799596
1482.807009
1482.888888
1483.003167
1483.124244
1483.168195
1483.190313
1487.798927
1488.339722
1488.357253
1488.784302
1488.917545
1491.316408
1491.329393
1491.865395
1491.901809
1491.914957
1491.934659
1491.994255
1492.005478
1492.027351
1492.362936
1492.410900
1492.441088
1492.678369
1492.696023
1492.708434
1492.751114
1492.803133
1493.236572
1493.510226
1493.528166
1493.585019
1493.605417
1493.791908
1493.808456
1493.847613
1493.874196
1493.931622
1496.209777
1496.227471
1496.255611
1496.320655
1497.456189
1498.314097
1498.327081
1498.341294
1498.352271
1498.359153
1498.368328
1498.389299
1498.396058
1498.409533
1498.427392
1498.444390
1498.462822
1499.104584
1499.762688
1499.851366
1500.327322
1500.644966
1502.164009
1502.644265
1505.078804
1505.143562
1505.204183
1505.217372
1507.236045
1507.656376
1507.742884
1508.308746
1508.385341
1508.420362
1508.442358
1508.474225
1508.509245
1508.766269
1508.804895
1508.940431
1509.021573
1509.048402
1509.395784
1510.979543
1511.488717
1512.084562
1512.093901
1512.132895
1512.866693
1514.302751
1514.311762
1514.334945
1514.344735
1514.358907
1514.367427
1514.383892
1514.402406
1514.508739
1518.064026
1518.195958
1520.113541
1520.133366
1520.145080
1520.153313
1520.162775
1520.174653
1520.183501
1520.189481
1520.196977
1520.203612
1520.209224
1520.223478
1520.230482
1520.238346
1520.264069
1520.286188
1520.310518
1521.268163
1522.294456
1522.575319
1522.599854
1524.834099
1525.539144
1525.917573
1526.065725
1527.194788
1527.302922
1527.323648
1527.448044
1527.499121
1527.515914
1527.524393
1527.549870
1527.576863
1527.588250
1527.595418
1527.617659
1527.639654
1527.654646
1527.747994
1527.755162
1527.777731
1527.787397
1527.799849
1527.851295
1527.889265
1527.989371
1528.159519
1528.172913
1528.202813
1530.506281
1530.625188
1530.646610
1530.665452
1530.696458
1530.742252
1530.776822
1531.053588
1531.583570
1531.607654
1532.145664
1532.172083
1532.191252
1532.296315
1532.780708
1561.145999
1561.165947
1561.764700
1562.131948
1563.731845
1564.647219
1567.368151
1567.424430
1567.446467
1567.485297
1568.096256
1568.112845
1568.130007
1568.171418
1568.191939
1571.867116
1572.186522
1572.938957
1573.475615
1574.647808
1575.407124
1576.597340
1576.638874
1576.663818
1576.674796
1576.698184
1576.710717
1576.723374
1576.760525
1576.785551
1576.809882
1576.826470
1576.840028
1576.853217
1577.559532
1578.210263
1578.260070
1580.914606
1581.484114
1582.334484
1582.464082
1582.473339
1582.496645
1582.513725
1582.617272
1582.643405
1582.750597
1584.672481
1585.063035
1585.098220
1585.124393
1585.363231
1585.384817
1585.964524
1586.099610
1586.119639
1586.151956
1586.199265
1586.220278
1586.470994
1586.507489
1586.539192
1586.817311
1586.844180
1586.906685
1587.067494
1588.207944
1588.226826
1588.237558
1588.251320
1588.258816
1588.306002
1588.360684
1588.372152
1588.383990
1588.408320
1588.421755
1588.436132
1588.462141
1588.479918
1588.488438
1588.515430
1588.858470
1588.872684
1588.891034
1588.906107
1588.924416
1588.937892
1588.955505
1588.966851
1588.988396
1589.008916
1589.029151
1589.102961
1589.461565
1589.540946
1589.560975
1590.933422
1590.956605
1590.973153
1590.990479
1591.017185
1591.038362
1591.280435
1591.345480
1591.359693
1591.459840
1591.536517
1591.549256
1591.798497
1591.833436
1591.845970
1593.754132
1593.769615
1593.845596
1593.865257
1593.941279
1593.970115
1594.571284
1594.582999
1596.549120
1596.571566
1597.454336
1597.472317
1597.498081
1597.574963
1597.749166
1597.773455
1597.799916
1597.810975
1597.826048
1597.838991
1597.861724
1597.872742
1597.890765
1597.907272
1597.930004
1597.942784
1597.954662
1597.967647
1597.979689
1597.988659
1598.001193
1598.027448
1598.339523
1598.349967
1598.360371
1598.373724
1598.385644
1598.399816
1598.422999
1598.602609
1598.616576
1598.633083
1602.486477
1602.644951
1602.659041
1602.677391
1602.686689
1602.706596
1602.730025
1602.737848
1602.743869
1602.751201
1602.759107
1602.769306
1602.778235
1602.787287
1602.799165
1602.815877
1602.827715
1602.846228
1602.862490
1602.876047
1602.889236
1602.902303
1603.404554
1603.433964
1603.444163
1603.462308
1603.483689
1605.281300
1605.289779
1605.669110
1605.846467
1605.859328
1605.872271
1605.896315
1605.941248
1606.725386
1607.078216
1607.305380
1607.320289
1607.335158
1607.355761
1607.371940
1607.388160
1607.409336
1607.423959
1607.436902
1607.455416
1607.496294
1607.510917
1607.526523
1607.546388
1607.567155
1607.590175
1607.647887
1607.702692
1608.023695
1608.046551
1608.080384
1608.098406
1608.113070
1608.146002
1608.225423
1608.241766
1608.591852
1608.625029
1608.863867
1608.882954
1608.921948
1608.945500
1609.183969
1609.234678
1609.528402
1610.251469
1610.293289
1610.599752
1610.608968
1610.624901
1610.632356
1610.641654
1610.648617
1610.662461
1610.674668
1610.687898
1610.716242
1610.726932
1610.737336
1610.756096
1610.770883
1610.786120
1610.804593
1610.813563
1610.883850
1610.917724
1611.467817
1611.580293
1611.599503
1611.618796
1611.689984
1612.133458
1612.235899
1612.247900
1612.273009
1612.323799
1612.919276
1613.516308
1613.597860
1613.624074
1614.137508
1614.903583
1618.579333
1619.009659
1619.479429
1619.714785
1619.741737
1619.762012
1619.780035
1619.827261
1619.849380
1619.864863
1619.882967
1619.910287
1619.926835
1620.248412
1620.394189
1621.146829
1621.155267
1621.169152
1621.211791
1621.226660
1621.238333
1621.273395
1621.293711
1621.323039
1621.334303
1621.449441
1621.459313
1621.483643
1621.530747
1621.561303
1621.573755
1621.617787
1623.492895
1623.507763
1623.526564
1623.541309
1623.552983
1623.567237
1623.580017
1623.591895
1623.603651
1623.618314
1623.873659
1623.954555
1623.972741
1623.987036
1624.067482
1625.153741
1625.409700
1625.429443
1625.451069
1626.191258
1627.826463
1627.883151
1628.157747
1630.566195
1632.773530
1632.812278
1633.272054
1633.692303
1633.761239
1633.807647
1633.844183
1636.979712
1637.109268
1637.888778
1640.121917
1640.167752
1642.848010
1642.858701
1642.884628
1642.901217
1642.921533
1642.933944
1642.952049
1643.113554
1643.133583
1643.165327
1643.196457
1643.557888
1643.574149
1643.635507
1643.665736
1643.681833
1643.880735
1643.907932
1643.942707
1643.966915
1643.983135
1643.998904
1644.072714
1644.085125
1646.574141
1646.619075
1646.870774
1646.929551
1646.951137
1647.013437
1648.325714
1648.343163
1648.407716
1648.531784
1648.630743
1648.649216
1648.703242
1648.808509
1649.422295
1649.503764
1652.183368
1652.632412
1652.692132
1653.016003
1653.036237
1653.402583
1653.422572
1653.434204
1653.470863
1654.115615
1654.279291
1654.717522
1657.380577
1657.717391
1657.738281
1657.785385
1657.803244
1657.811681
1657.821594
1657.832448
1657.840271
1657.850757
1657.862431
1657.870377
1657.879552
1657.889178
1657.900605
1657.910968
1657.923092
1657.933783
1657.963643
1657.973596
1657.985024
1658.034299
1658.254582
1658.266706
1658.279322
1658.291405
1658.313236
1658.329457
1658.339533
1658.352435
1658.361487
1658.370990
1658.393068
1658.421453
1658.445865
1659.048018
1659.675689
1660.143575
1660.158689
1660.184576
1661.438812
1664.129065
1664.813138
1665.026253
1665.614356
1665.685668
1665.738793
1665.757143
1665.769185
1665.780736
1665.790771
1665.798636
1665.805066
1665.818173
1665.830134
1665.838162
1665.853809
1665.875190
1665.888420
1665.900175
1666.121810
1666.136310
1666.153349
1666.161459
1666.173665
1666.272461
1667.881656
1667.913277
1667.927613
1668.125819
1668.159283
1668.286874
1668.701266
1669.198643
1669.245133
1669.268480
1669.298258
1669.628068
1671.321559
1671.368172
1671.397048
1671.827087
1672.333763
1672.407245
1672.421130
1672.438866
1672.457380
1672.470733
1672.480399
1672.486953
1672.494490
1672.502804
1672.511570
1672.521114
1672.534835
1672.540979
1672.553267
1672.567931
1672.589353
1672.604754
1672.640717
1672.652923
1672.667914
1672.679875
1672.735416
1673.573294
1674.468434
1674.867548
1675.132191
1675.174380
1675.224801
1675.255808
1675.842765
1675.865743
1675.977482
1676.626166
1677.097902
1678.948393
1679.509176
1679.520850
1679.538627
1679.549153
1679.568486
1679.581266
1679.603671
1679.640617
1679.737283
1680.181821
1680.214426
1680.233390
1680.264028
1680.284508
1680.311214
1680.327270
1680.394199
1680.409477
1680.575816
1681.647657
1681.735229
1681.769185
1681.796096
1682.533171
1682.574664
1682.608538
1682.658304
1683.472138
1683.537715
1683.571958
1683.619881
1683.631964
1683.707986
1683.717079
1683.992658
1685.679309
1685.703639
1685.751112
1685.776179
1685.795799
1686.247465
1686.269174
1686.305137
1686.344335
1687.918797
1688.932557
1689.128878
1689.146327
1689.160868
1689.194742
1689.215017
1689.227469
1689.242624
1689.252127
1689.263555
1689.274040
1689.281454
1689.302303
1689.314632
1689.328271
1689.382871
1689.415557
1689.490924
1689.512755
1689.531720
1689.553101
1689.594307
1689.643745
1689.698836
1689.720955
1689.911337
1691.415962
1691.481825
1691.498947
1691.537285
1691.566858
1691.587461
1691.605238
1691.647386
1691.736269
1692.132762
1692.215050
1692.285420
1692.338381
1692.401664
1692.666798
1692.716564
1692.806021
1693.359227
1694.560584
1694.579548
1697.095025
1697.639875
1697.651999
1697.668751
1697.684562
1697.719337
1697.983939
1698.016748
1698.058240
1698.084823
1698.126397
1698.145198
1698.181325
1698.203116
1698.231296
1698.248704
1698.274673
1698.290115
1698.301092
1698.314035
1698.326282
1698.342175
1698.351964
1698.370847
1698.383217
1698.395914
1698.431099
1698.446459
1698.456617
1698.472141
1698.817843
1699.172966
1699.703316
1700.063068
1700.103578
1700.407050
1701.538816
1702.953615
1703.271752
1703.288381
1703.328317
1703.352156
1703.378821
1703.453450
1704.062198
1704.081490
1704.322089
1704.349082
1704.717107
1704.729354
1704.744428
1704.757903
1704.768225
1704.779899
1704.796938
1704.824504
1704.838185
1704.850964
1704.880046
1704.888484
1704.901181
1704.915681
1704.926290
1704.961270
1705.066824
1705.312297
1705.338675
1705.355387
1705.373041
1705.386066
1705.421414
1705.437757
1705.590497
1705.615811
1706.776863
1706.794516
1707.164426
1708.285542
1708.303892
1708.424315
1708.502139
1708.533023
1708.600361
1708.620022
1710.194278
1710.318715
1710.361723
1710.392525
1710.607974
1710.643610
1710.676419
1712.491356
1713.455636
1715.094815
1715.131884
1715.289907
1716.202660
1716.243538
1716.329472
1716.341801
1716.359700
1716.429865
1716.972012
1717.293875
1718.089032
1718.276383
1718.925394
1719.567483
1719.687578
1719.927644
1720.018657
1720.067113
1720.120484
1720.176435
1720.285553
1722.727547
1722.762732
1722.805658
1722.818601
1725.325353
1725.412884
1725.535109
1726.902682
1727.475753
1727.517164
1727.624356
1727.693824
1727.730360
1728.403948
1728.448102
1728.776479
1729.002414
1729.010770
1729.044808
1729.069343
1729.092608
1730.785567
1730.976809
1730.991350
1732.039803
1732.064543
1732.084490
1732.153631
1732.188365
1732.209582
1732.236534
1732.322918
1734.844088
1734.936699
1735.758234
1735.766139
1735.782441
1735.792681
1735.801897
1735.815537
1735.825900
1735.834378
1735.844004
1735.851786
1735.862313
1735.872102
1735.881728
1735.894999
1735.917281
1735.934198
1735.949107
1735.961723
1735.974994
1735.984947
1736.005960
1736.023982
1736.035779
1736.059863
1736.102011
1736.243200
1736.460820
1736.616305
1736.639734
1736.649769
1736.661852
1736.683438
1736.704573
1736.736276
1738.243318
1738.300375
1738.318479
1738.362388
1738.375168
1738.763510
1739.688591
1739.938980
1739.968184
1740.216812
1740.266906
1740.350095
1741.257564
1743.173550
1743.202918
1743.237120
1743.524168
1743.532851
1743.616205
1743.634842
1743.652782
1743.679406
1743.699968
1743.721882
1743.755223
1743.785001
1744.538460
1744.651182
1744.706109
1751.966925
1751.994778
1752.016364
1752.041554
1752.069530
1752.352932
1752.844124
1755.580580
1755.691622
1755.789885
1755.800576
1755.828838
1755.844403
1756.121784
1756.143002
1756.343788
1756.659876
1756.673720
1756.752241
1758.813061
1758.881137
1759.326904
1759.349678
1759.366840
1759.390392
1760.586834
1761.128817
1761.780040
1763.932897
1764.030628
1764.051026
1764.717076
1764.754227
1764.774461
1764.874691
1764.884521
1764.914504
1764.941742
1765.128684
1766.289695
1767.090135
1767.669309
1768.075346
1768.090870
1768.100700
1768.265605
1769.831342
1770.469622
1772.156477
1773.527245
1773.591716
1773.628293
1773.694239
1774.413128
1774.438564
1774.693130
1775.255224
1775.804293
1775.911526
1776.546816
1776.638239
1776.671867
1778.890424
1778.921185
1778.953708
1779.065119
1779.279012
1779.296584
1779.694879
1780.825211
1780.910858
1780.933714
1782.808044
1782.825615
1782.859489
1782.907658
1782.937190
1783.177339
1784.312422
1784.339948
1784.359608
1784.378900
1784.393400
1784.405074
1784.417362
1784.433746
1784.445911
1784.456356
1784.469504
1784.477368
1784.491008
1784.505836
1784.514396
1784.526561
1784.537661
1784.592548
1785.150341
1785.291325
1786.902733
1787.005092
1788.027740
1788.505784
1788.843172
1789.110231
1789.124485
1789.294551
1789.946143
1790.666506
1790.905262
1790.924677
1791.107768
1791.264932
1791.884370
1792.105554
1792.729252
1794.306744
1795.806945
1795.881902
1795.904143
1795.932488
1795.947725
1796.022231
1797.940060
1798.288753
1798.793216
1798.812099
1799.281582
1799.756636
1801.674301
1802.054246
1802.576323
1802.653573
1802.747699
1803.515863
1803.986371
1805.155164
1806.352548
1806.601380
1806.733967
1806.846239
1806.932255
1806.962442
1807.054807
1808.266527
1808.778486
1809.066230
1811.736453
1812.145930
1812.277985
1812.917740
1812.945797
1813.002936
1813.014856
1813.549056
1814.166733
1814.193930
1815.510426
1816.082883
1816.530002
1816.577802
1816.756183
1817.437839
1817.633915
1818.132972
1818.151526
1818.166845
1818.183516
1818.565427
1818.611384
1818.663485
1819.319747
1819.684700
1820.003615
1820.392776
1820.417966
1820.742943
1820.756910
1820.781691
1820.809175
1820.826583
1820.859187
1820.868895
1820.888719
1820.902113
1820.939837
1820.954911
1821.137961
1821.233971
1821.266657
1821.881344
1823.784550
1823.812362
1825.089208
1825.106575
1825.156178
1825.468170
1826.221384
1826.232033
1826.256527
1826.274304
1826.328904
1826.342216
1826.395914
1826.442527
1827.050045
1827.079946
1828.629627
1828.987904
1829.119181
1829.152113
1829.182136
1829.288468
1829.345362
1829.461770
1829.489213
1830.496338
1831.166566
1831.415521
1831.442063
1831.515054
1831.599186
1831.674921
1834.355057
1834.368532
1834.378363
1834.384261
1834.407977
1834.416947
1834.421821
1834.433085
1834.451190
1834.458726
1834.470318
1834.479616
1834.489692
1834.510541
1834.518528
1834.528195
1834.542490
1834.556457
1834.567434
1834.578002
1834.582262
1834.604216
1834.615849
1834.631741
1834.643784
1835.914527
1835.928863
1835.951514
1835.966587
1835.989320
1836.016230
1836.030239
1836.044370
1836.069929
1836.083487
1836.112404
1836.125307
1836.138168
1836.156191
1836.185846
1836.218327
1836.234220
1836.802662
1837.663396
1838.736056
1839.208940
1841.180918
1841.217044
1843.009044
1843.434455
1843.463168
1843.532349
1844.291502
1846.675292
1846.685737
1846.695526
1846.770688
1846.999450
1847.062938
1849.373491
1849.381642
1849.402696
1849.738199
1851.474207
1851.578368
1851.781816
1852.118548
1852.132024
1852.397855
1852.448932
1852.493251
1852.521062
1852.538307
1852.570624
1852.584550
1852.594790
1852.609905
1852.650619
1853.009347
1853.061652
1853.092536
1854.914478
1855.309947
1855.337636
1855.398994
1855.760998
1855.805727
1855.865201
1855.879578
1855.947039
1855.973417
1856.025764
1856.263864
1856.312238
1856.637870
1856.676372
1856.870932
1859.871457
1859.881738
1859.925565
1859.974922
1860.085555
1860.209951
1860.716585
1862.324634
1862.347981
1862.699745
1863.073546
1863.103160
1863.135027
1863.143055
1863.159235
1863.180739
1863.554294
1863.765197
1864.032051
1864.099267
1864.697938
1864.709857
1864.724644
1864.735580
1864.744550
1864.755036
1864.762163
1864.769495
1864.781701
1864.786821
1864.807301
1864.817623
1864.856330
1864.864481
1864.872182
1864.880046
1864.918589
1864.918999
1865.328804
1866.812662
1866.860626
1867.465155
1868.957737
1868.967936
1868.980961
1868.998492
1869.012664
1869.046252
1869.062554
1869.110026
1869.137674
1869.861069
1872.487055
1872.785654
1873.066557
1873.094779
1873.113866
1873.130004
1873.164616
1873.762058
1873.967555
1874.915615
1874.924462
1875.455345
1875.494011
1877.028536
1877.050040
1877.067776
1877.086208
1877.099725
1877.143593
1877.168783
1877.544878
1878.088704
1878.148137
1878.193521
1878.848061
1878.900163
1878.940508
1878.970327
1879.240417
1879.250207
1879.263969
1879.278510
1879.289897
1879.313121
1879.326966
1879.341015
1879.355884
1879.364772
1879.373619
1879.383982
1879.394099
1879.408927
1879.425393
1879.436493
1879.472579
1879.720428
1879.756227
1879.790797
1879.803822
1879.833436
1880.401551
1880.668406
1880.682455
1881.184625
1881.223414
1881.265275
1881.538437
1881.611796
1883.256054
1883.286036
1883.305574
1883.582464
1883.812905
1883.843052
1883.868774
1883.900969
1883.930419
1883.997389
1884.075377
1884.515820
1884.599665
1884.610724
1884.623012
1885.296476
1885.310034
1885.330514
1885.356605
1885.820191
1885.849805
1885.873234
1885.890150
1885.922304
1887.911977
1888.061645
1888.096543
1888.503112
1888.551813
1890.548654
1890.829107
1890.853028
1890.872320
1890.964931
1890.984387
1891.049677
1891.857121
1891.951780
1896.006083
1896.473149
1896.676966
1896.700436
1897.497027
1897.850143
1897.860547
1897.895813
1898.190725
1898.791158
1899.831501
1899.863777
1899.877908
1899.893965
1899.912684
1899.938161
1899.945861
1899.955159
1899.967283
1899.971994
1899.982275
1899.992064
1900.000788
1900.017951
1900.033270
1900.050719
1900.062597
1900.073615
1900.089344
1900.106424
1900.187812
1901.298688
1902.593720
1903.019827
1903.081923
1903.187272
1903.203082
1903.242158
1903.256740
1903.274066
1903.422669
1903.903375
1903.927706
1903.945851
1903.970714
1904.034816
1904.288031
1904.309289
1904.358154
1904.383017
1906.115953
1906.306908
1906.337792
1906.349752
1906.373632
1906.400993
1906.419220
1906.449367
1906.467348
1907.316408
1907.383501
1907.407995
1907.436831
1907.494052
1907.703726
1907.930767
1907.946660
1907.963167
1908.093747
1908.113572
1908.170998
1908.536771
1908.578304
1908.598333
1908.934820
1910.929695
1911.686267
1911.729725
1912.538071
1913.262121
1913.353216
1913.407078
1913.469542
1913.489039
1913.513738
1913.529508
1913.544786
1913.554002
1913.564160
1913.580585
1913.593446
1913.605775
1913.622077
1913.633341
1913.641124
1913.676595
1913.689661
1913.941443
1915.307172
1915.333468
1916.171919
1918.215660
1918.237368
1918.569267
1919.385559
1919.753462
1919.762104
1919.776850
1919.798600
1919.818957
1919.827599
1919.842140
1919.850537
1919.857910
1919.869542
1919.890637
1919.901164
1919.923405
1919.962767
1920.706929
1920.747684
1924.434166
1925.099930
1925.492163
1925.510758
1925.706834
1926.994289
1927.010632
1927.057531
1927.077724
1927.094354
1927.111803
1927.387259
1927.408148
1927.480975
1928.109138
1928.166973
1929.048515
1929.617285
1929.665004
1931.135672
1931.646689
1931.943240
1931.945206
1931.982930
1932.116091
1932.360540
1934.121206
1934.266245
1934.353039
1934.561608
1934.585938
1934.608056
1934.628864
1934.710047
1934.899323
1934.908252
1934.918820
1935.160197
1935.184814
1935.209554
1935.226921
1935.262515
1935.277752
1935.327601
1935.566684
1935.668797
1935.772344
1936.188170
1936.305684
1936.711025
1936.765338
1936.786268
1938.506752
1938.546360
1938.564669
1939.698975
1940.097352
1941.051474
1941.165384
1941.176934
1941.183898
1941.193073
1941.489500
1942.035988
1942.040494
1942.061261
1942.096077
1942.138061
1942.155018
1942.169068
1942.220063
1942.260367
1944.335155
1944.454103
1945.236644
1945.272975
1945.517670
1945.547899
1945.586729
1945.603891
1945.614909
1945.625436
1945.641615
1948.773908
1948.790374
1948.832358
1948.847268
1950.940160
1951.028634
1951.928812
1952.152699
1953.023713
1954.293432
1956.342620
1956.354662
1956.371907
1956.478771
1956.500193
1956.626801
1960.137728
1960.140145
1960.261550
1960.308122
1960.555315
1960.565064
1960.641946
1960.663982
1960.767201
1961.151570
1961.438126
1961.466593
1961.502679
1962.100163
1962.235044
1962.281902
1962.344612
1962.602947
1962.614292
1962.636984
1962.682696
1962.718126
1962.824335
1962.980966
1963.061453
1963.090166
1963.116995
1963.212431
1963.267932
1963.415634
1963.460936
1963.803935
1964.477112
1965.191004
1965.203988
1966.489190
1966.641480
1966.654874
1966.673715
1966.775828
1966.808474
1966.831411
1966.857748
1966.869873
1968.651592
1968.661791
1968.677888
1969.437901
1969.761567
1969.863352
1969.944617
1969.987052
1970.041856
1973.406720
1973.735137
1973.751112
1974.144573
1974.463652
1974.493594
1974.528328
1974.620037
1974.890045
1975.034839
1975.160013
1975.179141
1975.205560
1975.233208
1975.269868
1975.331881
1976.001372
1976.758231
1977.949921
1977.973760
1978.249052
1978.347643
1978.557071
1978.586604
1978.604913
1978.650296
1978.680648
1978.692035
1978.854195
1978.863657
1980.253348
1982.010655
1982.111212
1982.537892
1982.587126
1984.279593
1984.613007
1984.659415
1984.675512
1984.695050
1985.410785
1985.432207
1985.448182
1985.460511
1985.485128
1985.514373
1987.069829
1987.415900
1987.634749
1987.707085
1987.731210
1987.833078
1988.664156
1989.045617
1990.587638
1992.660337
1992.675369
1992.686838
1992.701665
1992.712069
1992.723866
1992.734679
1992.748851
1993.003295
1993.089106
1993.547612
1993.629696
1993.828680
1993.858703
1993.870582
1993.891103
1994.147635
1995.471913
1997.405798
1998.037033
1998.064067
2002.202665
2002.918892
2003.056886
2003.586990
2003.633889
2003.645071
2003.684229
2003.713475
2003.734077
2003.741737
2003.759800
2003.773809
2004.122706
2004.141834
2004.157276
2004.165550
2004.392182
2004.404675
2004.435517
2005.658173
2005.873172
2007.003341
2007.019192
2007.225303
2007.521772
2007.535124
2007.545160
2007.554130
2007.564288
2007.585096
2007.597548
2007.606927
2007.616143
2007.628636
2007.640924
2007.650673
2007.659561
2007.674634
2007.681597
2007.697285
2007.707238
2007.737713
2007.750738
2007.766548
2007.791370
2007.810048
2008.462049
2008.649482
2008.705024
2009.041633
2009.057526
2010.641859
2010.655785
2010.676470
2010.692403
2010.724721
2010.782761
2010.790789
2010.841006
2011.367383
2011.375616
2013.476577
2013.766615
2014.364549
2014.617354
2014.646600
2014.714716
2014.800323
2014.813020
2014.869258
2014.887772
2014.927872
2015.028142
2015.084421
2015.608218
2015.944950
2016.127427
2016.156303
2016.166339
2016.178586
2016.230441
2016.249283
2016.266158
2016.277299
2016.287867
2016.299581
2016.315965
2016.327967
2016.350208
2016.362127
2020.493148
2020.512645
2020.636467
2021.425439
2022.348431
2022.367478
2022.493184
2022.511780
2022.729605
2023.008379
2023.025746
2024.671355
2024.704123
2024.734843
2024.965202
2025.567805
2026.395771
2027.595612
2031.040758
2031.050506
2031.218196
2031.647744
2032.651960
2032.694927
2032.776479
2032.993731
2033.088266
2033.649951
2034.379039
2034.410865
2034.423316
2034.434785
2034.460549
2034.477015
2034.492989
2034.503762
2034.510316
2034.527027
2034.536571
2034.546401
2034.555535
2034.573476
2034.595922
2034.636431
2035.012444
2035.042836
2035.127050
2035.149496
2035.182879
2035.201434
2035.219374
2035.298058
2035.323699
2035.339510
2035.810468
2035.852083
2036.308705
2037.029601
2038.311567
2039.526728
2039.715840
2039.806771
2040.093286
2041.760522
2042.879672
2042.993500
2047.749366
2047.928197
2047.956746
2048.313672
2048.327844
2048.440852
2048.615506
2048.629965
2048.637747
2048.655647
2048.666952
2048.688415
2048.711762
2049.083228
2049.153966
2049.577247
2049.601208
2051.476234
2052.096614
2053.222154
2053.274542
2053.290639
2053.843067
2053.859738
2054.567731
2054.597427
2054.662144
2054.680044
2054.695690
2054.735380
2054.749757
2054.777364
2054.823731
2054.855025
2054.891315
2055.234847
2055.248650
2055.288545
2055.310377
2055.337370
2055.355720
2055.373578
2055.390863
2055.398687
2055.414661
2055.430144
2055.439196
2055.452549
2055.458161
2055.481057
2055.499325
2055.510385
2055.524270
2055.539057
2056.028692
2056.038236
2056.058266
2056.094433
2056.250655
2056.566252
2056.822702
2056.839168
2056.856125
2056.868782
2056.898273
2057.343549
2057.351127
2057.374147
2057.386557
2057.416663
2058.519962
2060.357714
2060.874138
2067.299738
2067.827057
2067.863142
2068.731617
2068.753449
2069.578752
2069.596979
2070.628065
2070.650348
2070.842409
2071.183606
2071.614996
2073.493381
2073.519636
2074.268303
2074.853622
2075.748925
2075.759944
2075.938980
2077.830717
2078.340219
2079.115551
2084.997407
2085.040497
2085.521244
2085.545779
2085.961196
2085.982331
2086.230467
2086.260736
2086.515917
2086.527140
2086.539428
2086.654362
2088.931451
2089.213952
2089.226732
2089.243894
2089.286205
2089.310126
2089.320448
2089.332859
2089.340068
2089.351373
2089.362596
2089.367962
2089.379389
2089.386394
2089.395487
2089.410068
2089.418670
2089.435095
2089.445827
2089.456271
2089.467412
2089.476055
2089.485926
2089.499894
2089.508168
2089.526231
2089.542861
2089.568543
2089.584763
2089.593938
2089.627279
2089.634570
2089.643172
2089.663119
2089.680609
2089.688310
2089.707684
2089.714934
2089.733079
2089.747415
2089.761628
2089.778831
2089.795052
2089.804554
2089.819054
2089.846620
2090.609541
2091.191869
2091.212923
2091.605811
2091.621786
2092.320154
2096.612844
2097.671700
2097.694597
2098.182840
2098.243338
2098.388255
2098.450678
2098.464358
2098.507817
2098.517852
2098.520801
2098.564424
2098.580685
2098.612675
2099.000893
2099.035423
2099.684475
2099.716383
2099.791503
2099.893125
2100.283023
2100.320379
2100.383498
2101.177795
2101.195940
2101.293138
2101.491384
2101.516452
2101.534966
2101.549302
2101.560320
2101.584732
2101.602836
2101.625569
2101.653955
2101.691228
2101.733376
2102.444933
2103.365673
2105.398886
2105.688678
2106.182205
2106.293330
2107.053957
2107.068252
2107.097702
2107.166638
2107.183104
2107.249500
2107.769364
2109.119283
2109.169336
2109.208535
2109.228032
2109.244375
2109.259571
2109.288899
2109.298524
2109.313761
2109.323346
2109.334200
2109.349274
2109.371269
2109.386670
2109.409116
2109.456343
2109.482557
2112.904561
2113.152451
2113.802936
2113.960264
2113.975788
2114.359460
2118.137446
2118.171034
2118.185615
2120.563958
2121.165128
2121.201336
2121.268060
2121.332122
2123.877007
2123.933737
2124.671263
2125.354639
2126.119977
2126.675313
2126.805115
2129.607516
2129.625825
2130.161009
2130.702705
2131.073352
2134.744515
2134.957097
2135.467090
2135.551304
2136.209736
2136.222966
2136.287437
2138.115482
2138.696172
2139.275469
2140.596716
2140.611461
2140.625347
2140.638618
2140.649800
2140.679127
2140.694897
2140.709847
2140.718531
2140.735447
2140.744622
2140.755190
2140.764242
2140.773745
2140.783329
2140.789883
2140.801884
2140.811018
2140.820767
2140.838871
2140.848701
2140.860457
2140.877947
2140.898468
2141.188096
2141.234381
2141.256909
2142.243594
2144.583066
2145.000653
2145.028588
2145.058652
2145.140040
2145.152164
2146.846925
2147.959562
2147.999375
2148.110828
2149.967626
2149.977375
2150.428918
2150.452019
2151.057490
2151.098327
2151.486259
2151.508337
2151.520051
2151.540654
2151.554171
2151.563837
2151.587103
2151.605658
2151.624335
2151.637770
2151.645757
2151.671685
2151.702364
2151.725793
2151.740498
2151.774249
2151.796941
2152.927150
2153.452954
2153.997066
2154.144809
