116.168376
116.968284
116.983521
116.988477
117.133271
117.156536
117.161492
117.171446
117.190328
117.201183
117.236982
117.359985
117.366415
117.383373
117.384929
117.403525
117.406720
117.445263
117.472952
117.572813
117.604516
117.614346
117.650227
117.652439
117.706097
117.783347
117.800878
117.906227
117.966807
118.222438
118.293094
118.310011
118.333932
118.381445
118.394593
118.414008
118.420398
118.433710
118.505226
118.546350
118.598164
118.603530
118.629048
118.633226
118.685450
118.689751
118.694625
118.698844
118.701425
118.715433
118.946816
118.964552
119.011082
119.178527
119.235912
119.283220
119.310213
119.344579
119.444439
119.476142
119.494533
119.526400
119.655137
119.756513
119.773635
119.805583
119.808860
119.818854
119.837204
119.851090
119.862723
119.871898
119.877632
119.943578
119.975117
120.016077
120.145306
120.434934
120.538399
120.549417
120.602952
120.993546
121.392988
121.577718
121.692938
121.848177
121.945252
122.047980
122.154271
122.514842
122.731110
122.984940
122.996449
123.060470
123.070710
123.184742
123.210752
123.325727
123.398062
123.470356
123.695186
123.727299
123.754168
123.943813
124.085944
124.346655
124.501115
124.504924
124.526141
124.559565
124.710912
124.932178
125.079388
125.729219
126.248673
127.145042
127.466004
127.491727
127.501312
127.644017
127.823217
127.884493
127.933686
128.218317
128.401777
128.432579
128.645202
128.810926
128.892477
128.952771
129.293148
129.910702
129.921024
131.654779
131.657646
132.196557
133.942354
134.137651
134.222520
134.624748
134.662840
136.309719
136.665661
136.815288
137.111429
138.319667
138.867589
140.169626
140.416573
140.594340
140.772311
140.799713
141.129728
141.200630
141.330432
141.792748
141.880320
142.229422
142.340301
142.404731
142.555300
143.028224
143.592202
144.119767
144.353321
144.467395
145.463828
146.073846
146.426470
146.508104
146.569339
146.673254
147.248251
147.310920
147.368509
148.207780
148.659692
148.827750
148.999578
149.184922
149.542093
149.620859
149.724324
149.732966
149.811036
150.164275
150.228009
150.872269
151.013048
151.203635
151.450624
151.640965
152.556421
152.901304
154.033971
156.596552
156.663112
156.894740
157.513032
157.645292
159.373967
159.556813
159.660073
159.776317
160.389980
160.632300
161.129923
161.133650
162.887598
162.994627
164.434698
164.456038
164.508754
164.889477
165.983846
166.308413
166.408151
166.713180
166.716662
167.110820
167.145390
169.264251
169.474662
169.661768
169.741025
169.781371
169.969664
170.054246
170.365010
170.764902
171.187364
171.278828
171.361280
171.995996
172.190392
172.266578
172.605481
173.072712
173.297172
173.320315
173.325763
173.367706
173.784228
174.401823
174.681498
174.988452
175.060910
175.164129
175.503770
175.989432
176.637051
176.811213
176.870728
176.941343
176.957604
177.070121
177.557545
177.647165
177.816289
177.933107
178.648637
178.873876
178.952765
179.388621
179.470868
180.029522
180.176855
180.501381
180.791828
181.039186
181.115167
182.126961
182.386033
182.533038
182.831432
182.943130
183.601889
183.895900
184.173036
184.237629
184.287068
185.230008
185.265193
185.274778
185.279488
185.283420
185.310331
185.318646
185.361162
185.976013
186.056049
188.870164
190.885601
190.957814
191.002993
191.039898
191.230525
191.257395
191.281029
191.457239
191.795896
192.628449
192.645939
192.659497
192.699761
192.752722
192.945152
193.218232
193.268613
193.288520
193.602888
193.946460
194.241864
194.571756
195.247759
195.370230
195.968451
195.975127
197.692703
197.735178
197.956116
198.039716
198.447309
201.589924
202.762609
203.499151
204.427633
205.283983
205.751706
208.591503
208.897925
208.993321
209.249444
209.494958
209.659331
210.203361
210.330378
210.740060
210.799002
211.071099
211.564298
211.692175
212.171162
212.395950
212.791296
213.494866
213.496136
214.890660
214.921421
215.099310
215.333683
215.992607
216.057651
216.120484
216.476180
216.518492
217.553592
217.592013
217.850839
218.009068
218.301440
218.366239
218.719232
218.748355
219.357020
220.063703
220.621906
221.539860
224.283648
224.499343
225.626276
225.934418
226.000036
226.024612
226.199675
226.740797
228.286218
228.420649
228.761805
229.475328
229.638922
229.763359
229.957755
230.651208
231.138714
231.365550
231.467500
232.149033
234.577961
234.798490
235.948155
236.370452
236.685271
237.677363
237.835059
237.940531
238.055260
238.102323
238.380769
238.785946
240.891453
241.413530
243.252879
243.886449
247.130399
247.564329
247.577887
247.671890
247.886971
248.032502
248.208671
248.229028
248.515338
248.708096
248.782684
249.016730
249.187410
252.231229
253.562225
254.322729
254.801797
254.983168
255.281275
255.365571
255.579136
255.642665
255.793644
257.072701
257.157980
258.057339
258.089697
261.050860
262.003753
262.175089
262.998057
265.342157
265.902408
266.657546
266.837893
266.874184
267.048018
267.173151
267.360297
267.442299
267.571405
267.768791
267.856814
267.878564
267.966669
268.162171
268.261212
269.280420
270.906532
270.989681
272.016794
272.177111
272.190710
272.398213
273.020723
276.137124
276.794450
277.534310
277.593252
277.731574
278.049915
278.164685
278.726410
278.809846
279.074447
279.454392
279.793623
279.840686
279.964672
280.093286
280.378778
280.475648
282.078700
282.692813
282.768507
283.032289
283.255235
283.332649
283.421000
283.519468
283.580785
286.554481
287.642952
290.413117
290.443592
295.667958
299.201618
299.365540
302.597980
306.062623
306.137784
306.351596
306.479555
306.482422
308.706427
308.969226
309.214290
309.318984
309.395825
309.563802
309.752955
309.961728
310.373827
311.986135
312.231690
312.608850
312.707154
314.587873
314.762199
317.366886
317.522985
317.682729
319.491113
319.621898
319.787090
320.299663
320.304824
320.882893
321.775698
321.911480
322.814075
322.930934
322.954609
323.484713
323.740344
323.898573
324.109599
324.164567
325.350646
325.388411
325.410898
325.537260
325.719040
325.828321
325.895864
325.957427
325.974467
326.069084
326.127165
326.165176
326.218547
326.280888
326.333194
326.366577
326.541804
326.546596
326.663373
326.783181
326.833930
327.056630
327.107256
327.174267
327.221166
327.230710
327.275233
327.301652
327.337615
327.347978
327.351132
327.355884
327.362683
327.369196
327.376118
327.386440
327.517020
327.543316
327.574036
327.585178
327.593943
327.631094
327.658455
327.792681
327.951606
328.028815
328.087265
328.162386
328.230707
328.297923
328.320328
328.417362
328.626258
328.639283
328.718582
328.732959
328.831877
328.908268
328.941322
328.961352
328.997683
329.018409
329.033646
329.041715
329.044214
329.050931
329.056502
329.248154
329.320284
329.453609
329.669919
329.701908
329.811681
329.914737
330.001162
330.309755
330.322657
330.413588
330.527130
330.632233
330.675610
330.744709
330.761748
330.855178
330.946683
331.522335
331.635835
331.648860
331.670733
331.676303
331.762074
331.991654
332.111872
332.220252
332.289106
332.392079
332.603146
332.630426
332.851651
333.273211
333.862625
333.884252
334.322524
334.597161
334.835630
335.171748
335.529902
335.746785
335.760712
335.909642
336.029327
336.076513
336.218276
336.236708
336.242770
336.604447
337.028424
337.045504
337.110139
337.281761
337.350369
337.512980
337.524654
337.540628
337.552138
337.883996
337.909760
338.052915
338.085847
338.223063
338.867855
339.026493
339.284992
339.549635
339.592397
339.762053
339.860644
339.974431
339.997778
340.203274
340.250010
340.445635
341.069783
341.115904
341.298463
342.090220
342.353838
342.437233
342.520504
342.848594
343.009731
343.133184
343.295836
343.321149
343.412490
343.500964
343.519887
343.523287
343.778796
343.913349
343.930429
344.584806
345.361367
345.819505
345.927516
346.271990
346.922066
347.198587
347.255030
347.338957
347.442340
347.498578
347.523359
347.594875
347.771781
347.773010
347.886838
348.095529
348.531917
348.603515
348.732948
348.909404
349.085901
349.153485
349.575700
349.583442
349.599252
349.615022
350.196081
350.261166
350.305362
350.476493
350.506598
350.577132
350.628004
351.021302
351.084012
351.110554
351.188378
351.478252
351.494390
351.795241
351.857910
352.012411
352.019907
352.024125
352.048742
352.325386
352.362578
352.995697
353.857782
353.890222
353.981604
354.031084
354.055987
354.077942
354.121114
354.275656
354.359828
354.406728
354.425733
354.499994
354.506629
354.509046
354.512691
354.556600
354.605425
354.699141
355.526328
355.531366
355.562045
355.663749
355.793510
355.800842
355.938345
356.031201
356.275937
356.370309
356.451615
356.477706
356.502692
356.842496
357.216788
357.510595
358.429573
358.466232
358.594765
358.643589
358.645514
358.735667
358.740296
358.783017
358.801981
358.806528
359.203062
359.811154
359.823155
359.839048
359.969874
360.031109
360.310948
360.441692
360.592466
360.736481
361.695683
361.756836
361.916785
362.169999
362.345759
362.852024
363.074847
363.235615
363.239956
363.467162
363.510170
364.296356
365.491896
365.507133
366.063084
366.184448
366.449910
367.130092
368.029860
368.067215
368.450355
368.475546
368.488489
368.636232
368.696197
368.707953
368.720855
368.736092
368.742359
368.781926
368.956047
368.976445
369.199391
369.291919
369.383997
369.413652
369.715077
369.742520
369.782129
369.925407
370.075320
370.082775
370.251940
370.263859
370.916024
370.971894
371.143557
371.263447
371.284214
371.616399
371.881697
372.022354
372.369981
372.491715
372.549100
372.795556
372.801044
372.823859
372.833853
372.991099
373.033902
373.152317
373.334385
373.447393
374.169887
374.175949
374.574817
374.681354
374.871245
375.259341
375.293624
375.504282
375.542415
375.663084
375.696957
375.923589
376.036352
376.341545
377.382134
377.426534
377.609134
377.757327
377.759252
377.860874
378.207437
378.960323
379.048346
379.131208
379.550638
380.112364
380.288778
380.730860
380.844524
380.878971
381.157581
381.196247
381.269647
381.351813
381.482721
381.511311
381.904159
382.006272
382.097326
382.298235
382.328709
382.594048
382.691779
382.765875
382.768046
383.164416
383.165727
383.664292
384.299418
384.421970
385.032684
385.234125
385.319363
385.781023
385.790116
385.854177
385.996431
386.211308
386.335212
386.415985
386.497044
386.655642
386.678333
386.861138
387.491430
387.886203
388.028006
388.101980
388.246077
388.697293
388.744151
388.808335
389.155553
389.235671
389.267005
389.345526
389.485486
389.626593
389.745910
389.840855
389.846303
389.950423
390.066340
390.123971
390.155551
390.225551
390.337413
390.375834
390.999204
391.034839
391.051182
391.063552
391.278592
391.371244
391.387095
391.483023
391.692575
392.067604
392.073544
392.133181
392.483389
392.940462
393.501082
393.716490
393.865052
393.895117
394.163937
394.164470
394.582917
395.369595
395.793326
396.110602
396.128461
396.313190
396.342559
396.601180
396.605768
396.607611
396.926116
396.943114
397.068902
397.119365
397.263135
398.064517
398.383473
398.457569
398.862254
399.248343
399.401492
399.494595
399.530926
399.534039
399.599698
399.633900
400.017490
400.240804
400.245350
400.249324
400.259072
400.319406
400.324895
400.345416
400.360325
400.362865
400.455270
400.456909
400.489964
400.495739
400.499139
400.512041
400.522486
400.524575
400.658104
400.699884
400.838164
400.857088
400.906854
401.005076
401.153270
401.193615
401.199145
401.204593
401.406976
401.412997
401.421640
401.450476
401.469153
401.543537
401.674813
401.773322
401.979269
401.999176
402.004050
402.152612
402.163753
402.354545
402.702950
403.175916
403.386819
404.065485
404.457472
404.490363
404.532552
404.535583
404.589199
404.632044
404.650598
404.671037
404.680253
404.759921
404.960707
404.972913
405.924864
406.840156
406.891643
407.503012
407.510548
407.565066
407.650755
407.787643
407.797391
407.805460
407.821394
407.917650
407.923466
408.110694
408.200684
408.207237
408.209777
408.214487
408.349901
408.409498
408.537702
408.818483
408.835973
408.916091
409.395364
409.602826
409.605448
409.642394
409.665249
409.666970
409.718129
409.773056
410.035814
410.602537
411.547402
413.522043
413.755965
413.786440
413.808968
413.934223
413.939016
413.941350
414.230077
415.027118
415.720653
416.177848
417.956004
417.960141
419.322552
422.330655
423.068959
423.075430
428.220252
428.376474
428.686213
429.699072
429.806100
429.964575
430.301471
430.357668
431.236915
431.288279
433.537516
433.877443
433.939128
433.948180
434.018140
434.334679
434.580070
434.676777
434.870723
435.017892
435.339756
435.399107
435.500728
435.708355
436.495278
436.842004
436.949729
437.011005
437.054546
438.097060
438.470820
438.518047
438.521610
438.581371
439.084524
439.778468
439.902003
439.925842
439.943373
439.953039
439.966802
439.976428
440.066048
440.091648
440.525373
440.536760
441.027584
441.403679
441.689620
443.283784
443.528028
446.527324
448.091791
448.453263
451.348275
453.368914
456.080671
463.749939
464.236913
464.313795
468.740588
469.823037
470.269665
470.438584
472.864317
474.582426
477.974487
479.794463
480.130744
482.301665
482.993152
493.707141
494.687724
495.117885
495.274435
497.001759
499.805512
504.283505
511.068160
512.228434
513.336484
514.212823
515.532800
521.454510
523.679048
523.993498
524.514591
524.879913
525.349519
525.419561
525.549117
525.889208
525.989683
526.075494
527.641846
528.318833
528.403292
529.034158
529.262592
529.669980
529.687101
529.789256
529.830994
529.835090
529.837588
529.840906
529.845699
529.848361
530.124800
530.284093
530.329436
530.349220
530.365727
530.517115
530.798100
530.846310
530.868306
530.873713
530.912584
531.506463
531.593380
531.673293
531.734856
531.854500
532.246036
532.368712
532.434412
532.480737
532.493066
532.590469
532.861174
532.868342
533.005763
533.010964
533.061632
533.072364
533.080924
533.091410
533.243044
533.260329
533.300429
533.740298
533.773517
533.828649
534.021939
534.084198
534.151537
534.193275
534.214820
534.750945
535.308493
535.319511
535.545856
535.553434
536.190812
536.293335
536.295424
536.305705
536.674099
536.785265
537.487401
539.731886
539.963679
540.101755
540.267930
540.532859
540.753060
540.830761
541.191086
541.994639
542.504018
542.925128
543.077294
543.195054
543.272100
543.799501
543.823503
544.187515
545.790525
546.353684
546.369372
546.376786
546.811740
546.899149
546.945516
546.977178
546.992251
546.994708
546.998518
547.009577
547.480412
547.485860
547.545457
547.756524
548.108247
549.048975
549.154202
549.448458
550.007480
550.454477
550.886031
551.188644
551.345971
551.574897
551.778918
551.829955
551.832535
551.948083
552.052613
552.054825
552.440340
552.588083
553.414205
565.265613
569.321431
574.188339
576.114360
579.393659
579.500810
583.631626
585.045729
585.767363
585.790505
588.552643
591.664046
593.146266
594.756936
599.401390
599.591895
600.209695
600.409539
600.506655
602.560717
603.166433
603.227054
603.230986
603.783004
607.511429
607.673795
608.094167
609.482547
611.009905
614.730916
617.939476
617.963110
618.018243
620.099052
620.336087
621.421691
621.876265
623.218934
623.237939
623.281971
628.715602
629.524767
630.807306
632.213504
632.388485
634.024264
634.093937
634.771292
635.131126
635.813437
636.097249
636.408422
636.921733
637.703086
638.392648
638.401331
638.437048
638.651228
638.863933
638.896783
638.954045
638.955848
638.970102
638.980628
642.089820
642.229166
642.330419
645.953044
646.564864
646.704579
649.591890
651.441029
656.392479
657.036165
657.356882
658.642575
659.177308
667.923456
668.115886
668.847432
670.137672
674.034729
674.530304
674.531738
674.624676
674.665636
674.691932
674.783068
674.797732
674.920284
674.959852
674.969395
674.977055
675.400786
675.754926
676.364042
676.899594
676.942766
677.011087
677.259428
677.443748
677.525053
677.609390
677.654077
677.825249
677.881979
678.330122
678.347776
678.667878
678.898033
679.154237
679.218299
679.374029
680.768922
681.474703
681.615770
681.673892
681.776415
681.962537
682.142228
682.329334
682.445619
682.522460
683.046707
683.330519
683.986739
685.100892
685.201981
685.225083
685.364634
685.626819
686.000292
686.164582
686.174740
686.188872
686.454170
686.482842
686.716150
686.718935
686.852588
687.612723
687.641272
688.072827
688.986685
689.258865
689.266483
690.187756
690.213478
690.240143
690.257183
690.314650
690.348442
690.363884
690.369454
690.388582
690.888253
691.378831
691.393864
691.398984
691.400909
691.403325
691.457024
691.630244
691.667968
691.670180
691.698770
692.014612
692.061471
692.149207
692.158956
692.180460
692.199424
692.205773
692.252754
692.446331
692.461240
692.684104
692.685373
692.736860
692.959273
693.004698
694.167306
694.170706
694.186844
694.941327
694.983270
695.151124
695.217357
695.219896
695.472251
695.874683
696.368742
696.432394
696.441037
696.714609
698.382787
699.904778
700.692439
701.046333
701.938975
702.232044
702.875894
702.950769
703.298519
703.974400
704.606126
704.864174
705.079460
705.358889
705.589985
705.883750
705.944904
706.067743
706.131845
706.396119
706.402222
706.416517
706.629755
706.865684
706.902917
707.181650
707.306947
707.599196
707.700613
708.214374
708.258079
709.226619
709.289902
709.454029
710.048481
710.053560
710.147973
710.204948
710.397379
710.504079
710.517514
710.747423
710.856090
711.270646
711.277937
712.004690
712.063058
712.103936
712.106394
712.125686
712.137728
712.140800
712.146289
712.185528
712.239268
712.239636
712.268145
712.347034
712.349819
712.388895
712.501780
712.507679
712.920064
712.922726
712.927601
712.969421
713.663406
713.988833
714.002022
714.524180
714.748518
714.858086
715.183841
715.191091
715.882906
716.123709
716.448317
716.487967
716.600934
716.621251
716.722872
716.970189
717.483131
717.499474
717.555671
717.889004
717.890724
717.930783
718.034657
718.048092
718.076764
718.117274
718.571315
718.786970
719.397847
719.549481
719.732531
719.734252
719.805563
720.158065
720.585646
720.929997
721.010893
723.284582
723.334472
723.378012
723.425157
723.551519
724.108698
724.258202
724.267459
724.270285
724.276552
724.288840
724.318822
724.379197
724.461404
724.874568
724.909711
725.038694
725.090959
725.174231
725.313536
726.396477
727.220347
728.533852
728.539546
728.549499
728.799232
729.056829
729.157714
729.553715
730.132603
730.169057
730.227139
730.538926
730.736189
730.761912
730.864394
730.968474
731.000300
731.057439
731.065180
731.071078
733.622641
733.818388
734.061281
736.574628
737.448387
807.404134
807.639286
807.706665
808.018043
808.445501
808.552489
808.849613
808.938373
809.005588
809.238897
809.567724
809.660744
809.990636
813.393879
814.134190
814.680433
816.019087
816.295813
816.385761
817.150075
818.004664
818.314117
819.991634
820.611031
820.850074
822.194627
824.886641
828.438364
831.052349
831.625789
831.700132
832.044237
832.966492
833.040507
835.458908
841.848545
843.166024
845.540393
846.144635
846.174208
846.180516
846.255104
846.478500
846.737449
847.256125
847.629967
848.233677
848.730931
848.843489
849.194680
849.341112
849.603256
849.974313
850.186281
851.535421
851.990856
852.115210
852.308296
852.466483
852.583588
852.779909
854.302638
855.566705
856.145101
856.562729
857.329992
857.680404
858.336215
858.389053
858.403676
858.519347
858.564813
858.692116
858.915226
859.010130
859.305574
859.518321
859.705836
860.180275
860.249334
860.357796
860.487270
860.613468
861.231145
861.301842
861.810729
862.534451
862.627553
862.957158
863.089377
864.548086
865.476690
865.903084
866.018714
866.046444
866.052465
866.436915
866.454077
866.581955
866.690867
866.772255
866.956247
867.006464
867.293020
867.372483
867.733996
867.934740
868.234076
873.915474
874.065265
874.733281
874.737582
875.053670
875.663974
875.759780
876.307251
876.407726
878.581064
882.165350
882.597069
884.003758
884.251566
884.580844
884.592067
884.602266
884.637860
885.250826
885.333443
885.415363
885.482332
885.533450
885.682749
885.821809
885.924004
886.015140
886.116352
886.162309
888.438211
890.316390
890.742784
891.139318
891.681710
893.371679
893.460275
893.669007
893.696573
894.013399
894.052475
894.292378
894.367171
894.721597
895.031173
895.089295
895.536701
895.656141
895.801672
896.112271
896.367616
897.000079
897.048003
897.092936
897.107026
897.126810
897.128571
897.242440
900.285645
900.563558
901.827707
902.238208
903.480156
903.813243
903.981793
904.058880
904.060887
904.105165
904.505057
904.758845
904.925880
905.467126
906.297836
906.397041
906.543432
906.849157
906.941276
906.963067
907.136041
907.253965
907.341373
907.457659
907.590492
907.595121
907.711529
908.191252
908.480676
908.655084
908.699361
908.911288
909.314785
909.868360
910.079140
910.776975
911.576965
911.635374
911.665930
912.433807
912.519578
912.591053
912.662651
912.730767
912.837837
913.295729
913.449001
913.624474
914.063483
914.324849
914.535219
914.666086
914.833654
915.134628
915.301089
915.949855
916.791214
916.816118
917.164073
917.510431
918.192497
918.262252
918.305178
918.445056
918.679757
918.832660
918.918676
918.988964
919.334748
919.482245
920.046141
920.778547
921.854034
923.439555
924.028805
925.268951
926.480998
927.656755
927.871058
928.003236
931.565650
932.013548
932.074373
932.097270
932.124631
932.220477
932.317430
932.418150
932.541891
932.836884
932.932321
933.206221
933.342700
933.434982
934.097551
934.257828
935.571087
935.654277
937.300910
937.918054
938.387456
938.491945
939.120640
939.184210
939.296440
939.501773
939.854848
939.929272
943.033467
943.854592
943.969362
945.091994
945.114604
945.181368
945.423401
945.432617
945.605140
945.639916
945.777869
945.931264
946.054431
946.395668
946.779423
947.437281
948.012892
948.263117
948.362691
949.741199
952.683110
956.266988
956.683715
957.056164
958.135460
958.464369
958.506394
958.529495
958.679982
958.756741
958.825267
958.945894
959.075000
959.451300
959.524495
960.292413
961.420902
961.581711
961.613414
961.878999
962.211676
963.164692
963.256197
964.177101
965.534843
965.566792
965.805875
965.896069
965.918024
966.007603
966.580511
966.675046
966.775644
967.483720
967.555850
968.913019
969.292308
969.577390
970.989036
971.656970
971.874877
972.531794
973.057802
973.307044
973.691372
974.196244
974.698250
976.713155
977.247969
977.272668
977.301504
977.895629
978.270044
979.137577
979.421512
987.170079
988.713370
988.761006
988.880486
989.449748
990.182277
990.436393
991.560950
991.862620
994.511258
994.985615
995.017523
995.110298
995.148964
995.195576
995.231662
995.303916
995.598418
995.654328
995.873833
996.300759
996.855808
997.125038
997.200445
1001.880412
1001.913754
1002.777764
1002.808689
1002.938655
1003.495137
1005.508731
1005.520527
1006.512292
1006.676623
1007.070986
1007.697388
1007.816704
1007.932539
1008.028099
1008.146883
1008.649175
1010.223718
1012.868997
1014.264013
1014.689219
1014.719734
1015.227392
1016.107540
1016.302879
1017.649971
1017.734431
1017.957417
1020.372214
1020.422676
1020.470108
1020.472934
1020.546867
1020.704973
1020.920463
1021.125632
1021.168681
1021.196206
1021.209559
1021.273866
1021.908992
1022.320271
1023.866798
1025.297285
1025.421804
1025.824809
1025.875722
1025.891860
1026.019615
1026.537923
1026.906808
1027.077734
1029.540291
1031.000146
1033.275105
1033.310331
1033.655337
1033.771008
1034.661519
1034.853581
1035.112489
1035.284808
1035.317330
1035.505951
1035.575665
1035.774444
1037.217751
1038.983455
1041.274470
1041.993318
1042.032599
1043.837747
1044.339466
1047.201915
1048.132280
1050.623140
1050.885980
1051.114988
1051.304960
1051.561452
1051.645092
1051.825807
1052.579799
1056.404931
1057.269432
1057.572577
1057.709793
1058.292941
1059.997655
1063.684383
1063.708877
1063.723786
1063.751475
1063.783711
1063.792886
1063.843103
1063.913021
1063.954432
1064.052244
1064.491868
1064.601928
1064.703836
1064.769167
1065.132646
1065.221571
1065.405235
1067.239834
1068.968468
1069.113426
1069.162906
1069.265019
1070.280868
1070.438605
1070.788526
1071.700541
1073.223270
1073.710981
1074.077942
1075.057336
1076.119757
1076.359660
1076.687913
1076.970537
1077.115331
1077.268521
1078.887137
1079.013253
1079.735542
1079.863173
1080.123146
1080.157225
1080.219075
1080.327086
1080.338883
1080.485806
1080.788992
1081.129247
1081.202237
1082.735985
1083.731067
1083.906335
1084.727583
1085.031834
1085.105848
1085.265674
1085.676012
1085.909811
1086.218117
1086.623662
1086.784635
1088.883917
1092.535132
1093.076664
1093.136425
1094.067118
1094.259098
1094.335488
1096.620483
1099.101061
1099.107492
1099.110031
1099.164344
1099.502264
1099.534909
1101.449257
1102.191411
1102.198989
1102.219141
1102.230159
1102.232822
1102.244823
1102.932091
1103.007703
1103.989678
1104.223232
1104.747807
1107.184394
1107.312804
1108.550042
1109.605827
1109.636096
1109.793792
1110.158991
1110.358958
1111.000842
1111.560151
1112.030945
1112.144364
1112.248689
1112.517509
1112.807096
1116.713533
1116.866355
1118.946222
1121.152246
1121.274962
1123.635446
1124.030464
1124.048814
1124.057129
1124.096205
1124.910981
1124.988764
1125.057577
1125.203763
1125.520425
1125.720392
1125.810504
1126.317629
1126.495683
1126.783754
1127.193068
1128.155464
1128.860713
1142.171116
1142.307471
1142.511575
1142.792806
1143.080387
1143.290675
1143.433421
1143.518781
1143.566582
1143.595418
1143.658291
1143.724564
1144.030740
1144.241684
1144.440054
1144.635310
1147.563377
1148.442624
1148.526346
1148.599337
1148.874875
1148.905554
1149.357097
1149.519626
1149.594665
1150.076764
1150.185226
1153.850900
1155.999539
1156.243087
1156.430234
1157.196022
1157.324145
1157.430149
1160.659681
1163.161641
1163.206779
1164.633948
1170.262262
1175.483638
1175.892132
1176.074895
1176.109261
1176.564204
1177.283625
1178.746798
1182.501356
1182.543995
1182.563164
1183.089377
1183.302943
1183.960842
1184.284918
1186.479555
1186.735063
1186.909757
1187.219005
1187.275284
1189.963530
1189.984215
1190.014566
1190.359245
1190.688195
1190.753034
1190.807101
1190.866616
1190.871572
1191.027098
1191.204946
1191.347241
1191.416095
1191.565681
1193.220219
1203.175916
1206.693519
1206.700892
1206.953411
1207.412859
1207.541228
1207.680655
1207.748280
1207.826309
1207.873741
1207.883612
1207.958200
1210.045071
1213.351444
1214.168269
1215.298273
1215.353897
1215.436964
1215.581225
1215.710659
1225.456353
1227.940536
1229.060424
1236.963082
1237.513585
1241.766257
1241.911132
1243.485348
1243.617444
1246.427587
1247.670518
1247.680389
1249.268490
1253.473935
1253.975040
1254.476636
1255.716372
1256.022180
1256.075100
1257.139241
1257.510912
1257.520538
1257.769943
1257.847767
1258.068255
1259.977933
1260.022989
1264.081756
1264.097034
1264.111411
1264.608420
1265.284096
1265.595556
1266.481603
1266.778399
1267.574292
1268.640113
1273.338716
1273.836544
1274.165699
1274.426737
1274.583245
1274.859274
1275.860378
1275.963474
1276.305572
1279.870116
1280.179978
1280.214385
1280.258908
1280.285942
1280.454164
1280.674488
1280.877281
1281.064796
1281.107517
1281.186529
1281.548616
1281.730519
1281.846108
1282.020352
1282.099446
1282.683535
1283.051274
1283.705569
1283.855852
1284.301332
1284.486513
1286.068675
1287.168573
1287.572439
1289.136660
1289.253888
1290.464543
1290.647306
1290.846331
1291.077427
1291.139523
1294.660813
1297.423974
1306.442383
1307.139400
1307.849646
1308.672246
1309.633495
1309.943849
1310.105805
1310.208901
1310.354678
1315.522806
1317.371453
1317.621883
1318.710477
1320.652923
1321.131500
1322.109174
1322.976420
1322.981704
1323.682570
1325.092782
1326.537114
1327.079219
1327.101788
1327.215985
1330.532229
1330.537882
1331.703849
1333.223137
1338.950574
1340.486943
1346.583020
1347.969720
1348.302807
1348.320461
1348.537836
1349.390828
1354.324623
1354.403471
1354.611999
1354.697605
1354.721157
1356.201206
1356.273910
1356.524175
1356.529623
1356.826747
1356.972032
1357.195796
1357.588972
1358.468588
1358.600888
1358.639555
1358.756372
1359.041004
1359.383470
1359.965184
1360.049807
1360.224297
1360.348733
1360.613417
1360.854303
1360.860774
1360.865239
1360.869417
1361.029571
1361.043497
1361.161994
1361.267466
1361.309696
1361.378673
1361.509376
1362.146877
1362.543493
1362.672845
1363.747840
1363.839918
1363.944079
1366.177669
1368.524718
1373.987717
1374.179287
1374.210007
1374.409277
1374.592082
1374.722990
1374.738964
1374.785372
1374.831124
1374.900593
1375.354429
1377.807278
1379.070321
1379.151176
1379.295027
1379.314811
1379.410616
1379.822305
1380.912415
1380.983603
1381.357322
1381.464351
1381.595341
1381.842780
1381.953823
1382.082478
1383.745946
1383.845683
1384.018412
1384.447959
1384.617124
1385.573786
1385.985065
1386.242048
1386.805371
1386.817987
1387.065467
1387.134525
1387.775222
1387.903549
1388.081930
1388.765635
1389.844685
1393.962557
1394.763039
1394.974106
1395.097436
1395.708436
1395.953582
1396.543406
1397.553603
1397.703107
1405.769851
1406.167204
1406.193705
1406.309908
1406.390518
1406.539653
1406.684856
1407.248220
1407.549153
1408.204349
1408.911524
1409.001759
1409.153229
1410.029322
1412.039557
1412.298629
1414.796411
1414.946898
1415.361331
1418.170245
1419.294597
1424.377446
1424.838738
1425.129472
1425.221591
1426.794291
1427.049964
1428.767048
1429.130691
1429.488067
1435.599872
1435.679662
1435.783496
1436.001444
1436.262646
1436.906291
1437.347840
1439.631401
1441.310802
1441.357128
1441.410048
1441.919631
1442.294538
1442.812846
1442.818007
1442.926182
1443.152937
1443.289825
1443.322429
1443.379282
1443.388006
1443.399721
1443.617997
1443.647775
1443.936625
1444.043244
1444.183327
1444.349706
1444.581212
1444.825907
1445.177385
1445.242921
1445.404631
1448.610161
1449.534013
1449.579766
1449.657221
1449.732997
1449.834373
1449.930506
1449.957458
1450.145341
1450.828964
1452.315894
1452.414525
1453.112197
1453.481943
1453.611581
1453.709967
1453.901947
1454.016594
1454.561485
1454.894326
1455.060337
1455.270871
1455.677399
1455.798436
1455.993037
1456.168018
1457.228104
1457.287414
1458.326364
1458.423931
1458.432942
1458.492252
1459.030139
1459.429704
1459.877192
1460.005683
1460.134707
1460.696842
1460.960051
1464.864399
1464.877384
1464.920760
1469.846528
1470.957732
1471.502950
1471.727165
1471.753011
1472.298967
1472.371139
1472.856596
1472.929792
1473.145692
1473.586586
1473.705452
1473.849057
1474.316657
1474.359132
1474.471813
1474.521866
1474.633933
1475.006874
1475.139830
1475.198730
1475.825295
1475.993068
1478.789366
1479.035740
1479.389962
1479.578870
1480.264581
1480.449106
1483.115807
1483.118019
1483.428618
1484.014060
1484.088525
1486.987756
1488.642540
1489.315635
1489.392599
1489.704264
1489.992909
1490.024120
1490.041692
1490.538660
1490.552095
1490.820424
1490.908692
1491.031613
1491.295846
1491.435643
1491.606487
1491.671040
1492.863836
1492.923105
1493.061632
1494.724936
1495.835443
1497.189376
1497.243935
1497.531105
1499.539497
1500.216607
1503.743263
1503.805563
1504.138322
1504.155525
1504.562463
1505.998070
1506.661335
1507.735265
1508.181238
1509.575721
1509.881078
1510.235300
1510.248735
1510.835282
1511.059128
1511.067361
1511.069737
1511.735132
1511.909417
1512.351252
1515.532042
1515.914854
1515.973837
1516.332646
1516.710093
1517.148201
1517.444465
1517.551411
1517.723075
1517.741629
1517.748797
1518.096712
1518.641439
1519.369626
1519.794545
1519.805522
1519.810601
1520.019087
1520.076431
1520.251494
1520.283484
1520.885228
1522.166497
1523.463496
1524.306207
1524.376740
1524.429128
1524.440760
1524.574126
1524.581089
1524.584899
1524.587971
1524.592476
1524.596163
1524.925440
1525.202616
1525.247754
1525.280154
1525.461484
1525.462794
1525.591204
1525.778309
1526.528737
1526.531686
1526.593495
1526.689464
1526.862889
1527.130890
1527.510712
1527.801815
1528.407859
1528.529469
1528.565432
1528.619827
1528.644772
1528.661402
1528.666358
1528.673157
1528.685937
1528.723579
1528.756716
1528.769208
1528.780964
1528.790589
1528.812298
1528.825242
1528.836710
1528.848957
1528.851210
1528.863130
1528.915436
1528.915845
1528.933499
1528.935629
1528.945500
1528.957215
1528.957747
1528.963195
1528.966144
1528.968643
1528.971919
1528.985518
1529.026560
1529.064161
1529.087549
1529.093898
1529.107948
1529.131868
1529.186140
1529.438454
1530.001408
1530.354196
1532.605071
1532.711404
1536.396780
1536.464855
1536.500244
1537.204552
1540.553196
1541.814026
1542.130811
1580.402606
1580.735693
1580.792054
1581.003981
1581.115679
1581.167288
1581.720699
1581.789839
1581.913989
1582.139392
1582.148116
1582.397030
1582.612070
1583.502991
1583.813427
1584.673219
1584.934461
1584.982794
1585.343201
1586.107924
1586.349752
1586.839962
1586.925650
1587.158180
1587.626844
1587.681526
1587.910943
1587.968000
1588.253860
1588.381860
1589.752709
1589.897175
1590.116475
1591.406264
1591.646945
1591.792558
1591.875912
1591.942267
1592.703877
1593.456067
1594.356244
1594.380083
1594.712023
1594.793001
1594.884547
1595.239301
1595.278172
1595.289477
1595.494769
1595.519672
1595.572756
1595.582996
1595.595612
1595.616788
1595.653448
1595.670241
1595.708211
1595.734262
1595.890156
1595.985224
1595.990467
1596.001853
1596.119777
1596.222095
1596.291850
1596.439634
1596.544328
1596.718080
1596.830351
1596.932301
1596.950159
1597.002465
1597.094789
1597.200507
1598.092083
1598.311465
1598.481121
1598.850417
1599.426232
1599.683584
1599.766651
1599.881011
1600.027034
1600.306586
1600.497091
1600.542228
1600.711025
1600.891904
1601.102602
1601.987830
1602.620826
1603.048694
1603.110134
1603.242435
1603.487171
1603.729940
1603.803832
1604.281426
1604.596367
1604.675789
1606.116393
1606.220063
1606.426378
1606.515098
1606.652109
1606.724485
1606.894305
1607.026770
1607.116022
1607.235502
1607.544259
1608.133796
1608.175411
1608.272118
1608.300544
1608.437064
1608.446444
1608.487567
1608.518574
1608.536883
1608.624210
1608.772772
1608.811807
1608.849736
1608.872591
1608.878244
1608.900567
1608.922030
1608.934441
1608.944148
1609.106186
1609.174876
1609.263636
1609.280061
1609.289851
1609.365135
1609.500877
1609.607741
1609.629164
1609.758597
1610.095739
1610.315981
1610.346414
1610.424812
1610.477568
1610.597704
1610.878362
1611.130798
1611.315364
1611.501650
1611.595448
1611.768504
1611.904696
1612.007834
1612.065096
1612.227502
1612.229427
1612.292956
1612.446269
1612.486943
1612.570214
1612.611666
1613.056246
1613.850870
1613.940531
1614.441513
1614.805484
1615.691407
1615.747236
1615.920497
1616.099574
1616.143319
1616.144302
1616.175964
1616.177807
1616.299827
1616.390226
1616.417055
1616.602194
1616.695869
1616.772096
1616.833249
1617.114563
1617.341768
1617.627382
1617.687716
1618.089452
1618.204099
1618.209178
1618.215977
1618.250015
1618.278318
1618.291712
1618.294743
1618.347786
1618.421596
1618.555167
1618.571018
1618.616156
1618.734981
1618.740920
1618.752676
1618.766356
1618.856305
1618.915697
1619.157524
1619.685786
1619.689226
1619.913728
1619.938959
1620.271596
1620.275692
1620.309279
1620.319150
1620.331971
1620.348764
1620.425646
1620.555940
1620.700570
1620.711956
1620.742062
1620.934615
1620.942643
1620.954440
1620.981965
1621.576090
1621.732311
1621.733171
1621.735629
1621.758157
1621.763072
1621.773394
1621.797560
1621.802721
1621.853553
1621.871002
1621.881405
1621.889147
1621.896438
1621.902582
1621.916590
1621.932196
1621.942395
1621.945467
1621.947761
1621.968077
1622.004859
1622.021038
1622.032794
1622.048809
1622.062612
1622.072320
1622.074081
1622.100091
1622.227927
1622.974218
1623.023247
1623.308698
1624.665211
1624.671109
1624.708751
1624.739922
1624.774328
1624.783135
1624.804065
1624.809144
1624.816763
1624.830198
1624.833720
1625.060229
1625.181471
1625.235579
1625.265725
1625.270886
1625.734513
1625.784361
1625.883034
1626.047857
1626.066371
1626.092913
1626.193510
1626.354360
1626.408960
1626.500096
1626.538394
1626.622116
1626.684703
1626.930831
1627.089551
1627.346821
1627.419648
1627.681833
1627.726643
1627.794883
1628.098478
1628.243845
1628.313149
1628.422881
1628.639642
1628.745400
1628.881183
1629.186171
1629.332439
1629.494886
1629.569229
1629.913129
1631.248671
1631.833457
1631.984722
1632.253379
1632.554762
1632.629023
1632.995205
1633.318789
1633.728594
1633.965179
1634.140938
1634.549023
1634.962555
1635.081134
1635.143107
1635.331277
1635.581911
1635.950223
1636.167762
1636.316570
1637.075272
1637.856010
1638.349906
1638.973727
1639.065805
1639.268475
1639.815045
1640.247214
1640.385536
1640.835727
1640.911831
1640.976179
1641.044951
1641.445007
1641.941811
1641.966469
1642.505298
1642.786406
1644.393595
1644.458885
1644.790415
1645.047767
1645.099745
1646.812856
1646.936678
1647.194604
1647.220326
1647.223112
1647.231427
1647.276892
1647.294464
1647.320474
1647.334113
1647.417098
1647.490089
1647.534531
1647.565701
1647.662858
1647.667487
1648.037642
1648.582001
1648.693821
1649.073357
1650.097029
1650.172682
1650.574131
1652.068639
1652.436419
1652.513423
1652.616806
1653.225554
1654.921503
1655.993958
1656.159846
1656.347607
1656.431124
1656.879227
1656.992727
1657.229844
1657.280102
1657.409004
1657.514557
1657.701048
1658.532946
1659.222753
1659.282145
1659.361198
1659.504394
1659.884995
1659.942789
1660.001526
1660.073411
1660.309094
1660.745318
1660.856689
1661.072916
1661.299384
1661.572342
1662.034985
1663.657329
1664.411730
1664.907756
1665.234616
1665.285366
1665.904067
1666.834104
1667.082199
1667.210322
1667.320750
1667.398124
1667.726172
1667.987866
1668.436746
1669.809562
1669.818122
1669.871165
1669.882266
1669.896397
1669.945917
1669.952266
1669.954150
1669.976637
1669.983519
1670.006456
1670.103695
1670.113772
1670.121185
1670.129541
1670.170706
1670.195651
1670.197453
1670.211707
1670.215680
1670.239846
1670.303457
1670.355681
1670.363095
1670.622085
1670.643220
1670.680740
1670.703104
1670.709740
1670.711951
1670.715965
1670.721864
1670.727721
1670.803743
1670.901146
1671.083295
1671.308657
1671.474053
1671.593083
1671.678976
1671.741358
1671.910318
1672.027464
1672.121303
1672.216781
1672.244101
1672.494694
1672.596808
1672.812339
1672.856658
1672.996864
1673.108275
1673.594061
1673.804513
1673.964585
1674.300047
1674.399252
1674.680033
1674.878894
1674.975805
1674.983342
1674.990264
1674.993009
1675.149230
1675.242332
1675.344978
1675.350426
1675.575501
1675.661804
1676.074803
1676.194488
1676.433408
1676.526838
1676.899983
1677.059236
1677.370204
1677.510205
1677.593518
1677.639107
1677.793608
1678.074593
1678.271734
1678.426030
1678.705787
1678.889697
1678.920991
1679.133164
1679.667200
1679.791555
1680.280371
1681.105428
1681.241907
1681.308508
1682.090803
1682.180424
1682.295849
1688.092631
1688.617738
1688.669962
1689.568829
1689.868616
1690.127852
1690.255892
1690.477036
1693.221888
1695.350538
1696.833372
1697.140982
1697.218806
1697.284424
1697.363149
1697.501921
1697.526497
1697.717412
1698.341233
1698.759967
1698.990612
1699.135324
1700.348846
1700.444897
1700.511457
1701.158912
1701.232640
1701.236408
1702.462996
1702.508585
1702.647112
1702.663905
1702.679716
1702.747423
1702.831800
1702.987244
1703.377347
1704.993546
1705.682780
1705.734676
1707.466424
1707.716403
1707.720090
1708.517990
1709.153403
1710.458798
1712.837140
1712.922214
1713.063076
1713.231872
1713.282376
1713.289626
1713.463583
1713.529774
1713.612186
1713.784996
1713.893417
1714.918932
1715.024855
1715.869123
1716.091290
1716.159037
1716.320829
1717.215560
1717.964595
1719.445340
1719.640965
1719.942185
1720.100659
1720.222147
1720.642109
1720.907489
1721.461883
1721.808486
1722.040525
1722.044047
1722.313196
1722.496983
1722.766459
1722.889544
1723.835515
1723.891057
1724.081562
1724.101018
1724.116951
1724.157420
1724.192154
1724.248515
1724.283904
1724.360909
1724.370493
1724.401869
1724.413829
1724.444959
1724.475597
1724.558500
1724.595118
1724.663685
1724.747653
1724.911821
1724.952863
1725.025362
1725.121864
1725.224509
1725.283820
1725.526303
1726.797455
1727.120384
1727.143076
1727.294505
1727.369298
1727.448474
1727.492383
1727.562957
1727.567258
1727.676334
1727.942533
1728.015770
1728.084664
1728.127058
1729.074668
1729.219052
1729.456333
1729.594941
1729.799045
1729.858150
1729.969070
1730.681815
1730.827264
1730.956820
1731.110502
1731.692462
1731.774177
1731.879240
1731.930849
1732.024771
1732.181115
1732.230062
1732.342743
1732.624056
1732.990157
1733.825618
1734.080307
1734.158828
1734.249964
1734.430433
1734.534103
1735.237755
1735.258276
1735.341670
1735.389676
1735.448945
1735.512556
1735.586857
1735.627489
1735.769416
1735.774659
1735.978148
1736.002847
1736.376852
1736.495350
1736.550810
1736.728945
1736.905564
1737.093366
1737.184870
1737.331098
1737.345106
1737.440174
1737.534792
1737.763267
1737.776988
1737.974948
1737.991864
1740.173271
1740.420383
1740.430213
1740.514222
1740.769198
1741.034537
1741.113958
1741.388759
1741.578650
1741.747323
1742.610063
1743.556854
1743.948431
1744.501637
1745.389117
1745.623777
1745.919140
1746.111734
1746.335252
1746.382561
1746.538127
1746.706842
1747.373466
1747.429335
1748.357284
1748.436337
1748.613161
1748.945347
1749.133885
1750.786580
1751.060849
1751.498834
1752.176067
1752.395817
1752.919122
1753.388605
1753.508209
1753.615647
1753.676227
1753.970975
1754.102866
1754.177864
1754.348708
1754.402488
1754.484941
1754.713989
1754.803118
1754.935419
1755.004273
1755.150295
1755.208499
1755.587297
1755.591557
1755.699855
1756.015043
1756.077588
1756.084142
1756.113838
1756.312084
1756.358246
1756.428698
1756.473016
1756.480266
1756.639683
1757.097697
1757.406167
1757.728973
1758.257725
1758.364221
1758.876262
1759.067709
1759.316582
1759.373230
1760.518226
1760.689848
1761.091338
1762.616852
1762.744771
1763.013181
1763.154125
1763.274957
1763.281060
1763.286548
1763.917824
1765.033492
1765.159199
1765.280440
1765.392138
1765.778760
1765.948826
1767.038689
1768.837816
1768.847892
1769.608192
1770.291814
1770.739507
1771.197563
1771.960484
1772.274360
1772.656845
1773.205627
1773.565911
1773.624156
1773.861315
1773.998490
1774.260224
1774.294139
1775.381217
1775.648236
1776.010772
1776.148152
1776.347709
1776.535511
1776.810148
1776.884163
1776.998851
1777.386660
1777.422868
1777.473823
1778.272543
1778.527027
1778.673623
1778.758410
1778.865111
1779.328328
1779.494257
1779.710648
1780.306412
1780.475412
1780.742431
1780.828037
1781.239153
1781.310382
1781.359411
1781.417779
1781.465088
1781.524480
1781.540209
1781.593047
1781.615329
1781.685699
1781.745295
1781.850399
1782.070559
1782.095749
1782.169600
1782.241362
1782.373990
1782.542500
1782.602097
1782.678528
1782.846996
1782.881198
1782.914785
1783.095624
1783.179387
1783.261839
1783.400899
1783.493960
1783.638098
1784.307958
1784.508826
1785.893970
1786.038436
1786.174669
1786.239263
1786.371932
1786.455409
1786.568049
1786.683924
1787.102331
1787.170652
1787.370742
1787.477934
1787.631616
1788.080210
1788.343788
1788.534292
1788.816794
1789.066035
1789.532733
1790.064886
1790.217789
1790.347018
1790.354924
1790.404649
1790.405509
1790.470513
1790.532854
1790.619525
1790.728356
1791.020605
1791.548293
1791.649464
1791.806996
1791.929344
1792.215613
1792.469524
1793.205371
1793.427046
1793.541407
1793.622508
1793.668751
1793.781883
1793.808589
1793.885471
1794.119270
1794.141798
1794.199142
1794.321039
1794.395013
1794.590269
1794.658058
1794.769060
1794.943181
1795.079332
1795.377766
1795.695944
1795.845038
1795.913769
1796.016742
1796.294943
1796.338360
1796.602962
1796.960666
1797.047583
1797.127987
1797.282406
1797.371658
1797.471191
1797.686559
1797.752914
1797.800878
1797.811446
1797.934326
1798.148956
1798.232719
1798.312714
1798.976717
1799.519846
1799.763558
1799.852974
1800.325816
1800.672748
1800.730051
1800.984289
1801.172746
1801.186673
1801.257329
1801.403310
1801.543434
1801.651937
1801.725706
1801.904210
1801.959465
1802.338877
1802.498990
1802.604626
1803.043103
1803.368079
1803.645460
1803.921244
1804.062638
1804.120392
1804.289802
1804.475146
1804.952576
1805.079306
1805.258179
1805.409935
1805.474243
1805.606666
1805.787300
1805.838746
1805.900186
1805.964820
1806.102774
1806.369792
1806.497260
1806.729175
1806.779802
1806.975836
1807.465882
1808.465265
1808.588390
1808.641516
1808.901448
1808.990618
1809.136722
1809.372692
1809.657405
1810.029281
1810.089001
1810.381128
1810.632458
1810.956165
1811.128156
1811.194880
1811.331031
1811.374285
1811.692503
1811.779338
1811.866132
1814.161572
1816.718787
1818.249585
1818.758799
1819.615478
1820.031877
1820.547441
1821.096550
1821.581394
1822.639309
1823.184445
1824.375439
1825.166541
1825.176863
1825.179279
1825.228554
1825.241293
1825.287864
1825.414267
1825.683988
1826.019779
1827.276472
1827.289620
1827.442115
1827.681157
1827.935601
1828.222730
1828.300390
1828.455752
1828.765778
1828.932116
1829.132329
1829.197660
1829.233295
1829.247017
1830.266266
1830.373827
1830.495191
1830.720963
1830.830039
1830.911795
1831.910236
1832.751432
1833.036104
1833.224806
1833.633505
1833.736970
1833.947505
1834.160865
1834.932511
1835.216159
1835.317043
1835.399414
1835.423293
1835.431444
1835.447378
1835.451802
1835.467366
1835.467735
1835.472036
1835.492557
1835.505459
1835.523236
1835.561001
1835.568497
1835.580457
1835.600118
1835.640709
1835.684495
1835.857265
1835.897364
1835.925258
1835.946639
1835.973304
1835.983667
1835.993539
1836.005704
1836.128256
1836.149514
1836.256788
1836.709888
1836.824863
1837.032612
1837.064274
1837.126205
1837.214269
1837.297992
1838.023434
1838.116577
1838.233108
1838.280458
1838.332969
1838.408458
1838.604124
1838.699397
1838.790124
1838.852219
1839.072952
1840.032031
1840.930898
1841.845494
1841.913897
1842.035220
1842.655928
1842.677555
1842.723635
1842.735391
1842.925158
1842.982830
1843.012608
1843.796582
1843.930767
1844.834181
1844.884767
1844.922778
1845.139620
1845.293875
1845.633761
1845.701140
1845.730632
1845.883208
1846.121431
1846.239150
1846.379848
1846.438175
1846.589686
1846.641377
1846.854328
1846.932439
1847.094026
1847.147930
1847.305421
1847.415562
1847.437844
1847.539466
1847.631544
1847.707894
1847.821476
1848.104182
1848.187208
1848.332575
1848.368824
1848.433582
1848.500101
1848.565514
1848.790057
1849.030984
1849.183642
1849.383240
1849.562644
1849.581117
1849.714237
1849.751962
1849.758228
1849.790259
1849.815572
1849.820774
1849.823314
1849.843835
1849.859359
1849.898107
1849.926001
1849.938125
1849.949716
1849.979372
1850.003251
1850.024387
1850.148536
1850.199695
1850.542858
1850.688635
1850.833551
1850.909778
1850.979369
1851.028931
1851.089510
1851.174912
1851.348091
1851.494400
1851.620024
1851.681874
1851.779973
1851.904860
1852.027044
1852.049490
1852.158116
1853.469491
1853.624033
1853.738844
1853.841285
1854.100562
1854.247076
1854.387118
1854.706934
1854.869340
1854.987551
1855.031214
1855.188951
1855.449989
1855.490540
1855.710044
1856.051651
1856.446423
1856.748831
1856.992666
1857.101988
1857.151058
1857.750876
1857.895997
1858.035958
1858.216264
1858.492211
1858.547671
1858.635776
1858.724905
1858.769756
1858.853847
1859.061596
1859.596534
1859.782533
1860.049347
1860.326810
1860.380303
1860.543201
1860.631716
1860.767867
1860.822671
1861.225759
1861.283512
1861.395333
1861.540536
1861.552947
1861.650350
1861.854208
1862.301041
1862.524477
1862.603817
1862.982533
1863.278305
1863.367393
1863.891476
1864.241316
1864.331551
1864.725668
1865.076941
1866.207519
1866.671063
1867.226726
1867.424031
1867.475476
1867.501076
1867.614290
1867.695800
1867.859804
1868.077343
1868.174377
1868.334285
1868.468593
1868.536381
1868.665324
1868.745851
1868.777308
1868.853658
1869.035848
1869.166223
1869.223404
1869.360169
1869.488415
1869.553050
1869.733642
1869.836042
1869.922673
1870.080983
1870.194565
1870.295695
1870.449992
1870.576763
1870.738309
1870.797046
1871.059640
1871.148237
1871.509094
1871.614607
1871.759852
1871.859261
1871.980216
1872.036741
1872.129352
1872.420004
1872.512778
1872.586547
1872.727122
1872.938189
1872.950395
1873.111982
1873.170596
1873.264108
1873.276314
1873.666540
1873.742029
1873.752883
1873.866260
1873.970749
1874.027274
1874.089370
1874.236539
1874.477179
1874.685993
1875.130122
1875.245343
1875.359171
1875.446129
1875.621028
1875.712123
1875.925729
1876.064051
1876.197827
1876.396196
1876.504003
1876.628726
1876.664607
1876.734812
1876.759880
1876.834796
1877.093007
1877.228503
1877.308867
1877.490319
1878.278349
1878.904750
1879.044997
1879.092593
1879.639613
1879.795671
1879.879475
1880.172175
1880.242668
1880.489574
1881.018573
1881.576489
1881.847112
1883.101266
1884.486124
1886.642094
1886.841487
1886.981366
1887.291064
1888.133448
1888.930693
1889.518264
1890.141348
1897.420349
1897.804227
1898.534216
1898.569114
1898.626253
1898.716037
1898.785055
1898.848666
1900.221891
1901.056041
1901.414973
1901.572833
1901.654630
1901.735649
1901.786276
1902.267474
1902.354350
1902.434509
1902.599209
1904.254075
1904.648397
1904.769761
1904.831365
1904.983245
1905.199800
1905.251615
1905.344553
1905.449247
1905.875108
1905.992458
1906.296873
1906.420408
1906.436137
1906.789048
1906.799124
1907.063276
1907.129876
1907.136553
1907.138806
1907.183575
1907.217654
1907.221791
1907.228959
1907.251118
1907.265167
1907.268731
1907.319235
1907.365683
1907.544965
1907.696148
1907.749192
1907.794248
1907.850117
1908.266394
1908.375921
1908.428841
1908.538368
1908.625367
1909.047173
1909.135892
1909.184143
1909.355438
1909.613158
1909.865800
1909.998797
1910.089155
1910.243451
1910.495478
1910.718792
1910.943212
1910.958817
1911.037215
1911.158211
1911.240172
1911.583867
1911.670538
1911.898972
1911.986504
1912.102052
1912.243446
1912.683561
1912.729805
1912.895775
1913.407488
1913.596600
1913.817539
1913.856942
1914.024960
1914.220626
1914.314629
1914.379960
1914.496778
1914.769326
1914.927882
1915.080417
1916.334490
1916.510126
1916.714025
1916.827443
1916.968550
1917.040476
1917.100605
1917.286810
1917.372785
1917.674496
1917.748265
1918.535475
1918.760673
1919.067341
1919.233147
1919.484764
1919.915950
1920.094413
1920.590643
1921.252188
1921.857536
1921.955471
1922.030510
1922.396201
1922.630083
1922.929500
1923.036856
1923.106161
1923.334963
1923.559588
1924.013015
1924.203561
1924.343316
1925.402542
1925.767987
1925.963530
1926.341755
1926.664847
1926.703555
1926.717563
1926.766961
1926.873866
1926.906388
1927.093289
1927.944888
1928.002232
1928.072479
1928.166523
1928.214815
1928.679547
1929.075548
1929.147351
1929.498747
1929.605284
1929.913672
1931.555635
1931.640054
1932.315648
1932.570419
1932.652708
1932.693381
1933.039821
1933.498900
1933.977190
1934.062920
1934.233190
1934.324367
1934.369300
1934.706442
1935.140045
1935.494717
1935.664947
1936.110715
1936.218890
1936.304947
1936.425984
1936.511918
1936.928891
1937.728061
1937.969930
1938.268733
1938.679767
1939.068436
1939.187180
1939.369124
1940.043407
1940.124672
1940.225352
1940.608410
1940.713062
1940.734935
1941.375140
1941.775360
1941.958205
1942.021939
1942.335119
1942.625444
1942.688276
1942.788178
1943.011492
1943.138877
1943.267246
1943.463977
1943.511941
1943.588086
1943.767859
1943.902536
1944.177746
1944.290427
1944.308490
1944.356127
1944.365261
1944.687165
1945.033155
1945.245123
1945.327206
1945.705513
1945.841582
1945.972900
1946.026803
1946.096845
1946.127278
1946.387333
1946.531267
1946.655171
1946.766991
1947.200471
1947.367383
1947.497595
1947.711406
1947.759370
1948.204196
1948.704317
1948.951798
1949.015900
1949.150781
1949.201859
1949.363732
1949.423616
1949.558907
1950.740767
1951.103590
1952.100598
1952.160276
1953.513923
1953.532764
1953.561887
1953.628447
1953.903575
1954.405130
1954.971812
1955.235021
1955.351593
1955.488727
1955.570565
1955.684844
1955.748536
1955.823165
1955.887759
1956.133560
1956.453581
1956.539556
1956.641464
1956.824842
1957.999165
1958.091203
1958.434488
1958.808699
1959.102464
1959.236280
1959.325450
1959.683441
1960.347853
1960.518615
1960.622858
1960.987648
1961.421169
1961.659761
1961.714688
1961.812828
1962.074440
1962.573906
1962.659676
1963.115848
1963.553178
1964.559974
1966.072545
1966.181581
1966.430904
1966.831616
1967.089910
1967.175762
1967.511101
1967.598346
1967.666340
1967.767306
1967.831122
1967.895306
1967.943025
1968.104284
1968.179405
1968.336077
1968.643564
1968.795566
1968.874701
1969.032684
1969.182433
1969.295360
1969.435853
1969.561027
1969.692058
1969.770578
1969.799414
1969.913938
1969.991721
1970.060657
1970.094162
1970.187223
1970.693693
1971.893207
1971.901399
1971.989709
1972.118405
1972.348150
1972.418519
1972.711424
1972.801167
1972.907909
1973.176852
1973.331681
1973.346755
1973.414052
1973.518336
1973.637202
1973.725512
1973.870264
1973.926175
1974.036152
1974.603407
1974.722109
1975.658455
1976.095048
1976.258028
1977.671803
1978.903224
1982.212055
1982.963630
1984.051732
1988.336517
1990.901678
1990.997606
1991.193723
1991.291576
1991.360922
1991.424901
1991.489044
1991.593492
1991.703798
1991.756349
1991.926333
1992.101806
1992.256717
1992.904663
1993.098936
1993.193513
1993.379267
1993.493422
1993.574687
1993.632031
1993.678111
1993.757164
1993.832940
1993.896714
1993.964913
1994.015457
1994.141614
1994.155131
1994.379305
1994.442711
1994.544374
1994.617733
1994.758881
1994.970358
1995.023933
1995.274486
1995.745690
1997.407846
1997.476004
1999.121981
2000.135496
2000.214630
2000.318874
2000.447611
2000.550339
2001.009459
2001.195172
2001.196974
2001.407140
2002.257142
2002.428232
2002.525471
2002.614067
2002.707374
2002.787123
2003.030098
2003.063603
2003.157729
2003.272540
2003.619062
2004.799611
2004.859822
2004.879852
2005.601485
2005.956608
2006.151004
2006.350397
2006.455173
2006.578545
2006.839255
2006.924329
2006.996091
2007.108239
2007.201014
2007.888650
2008.159928
2008.307220
2008.436777
2008.696013
2008.789852
2009.027994
2009.702892
2010.034913
2010.144358
2010.437018
2010.708828
2010.843914
2011.049902
2011.148902
2011.256996
2011.791196
2011.809710
2011.891220
2012.032328
2012.231516
2012.499067
2012.588196
2012.737700
2012.959785
2013.032653
2013.196780
2013.363282
2013.503652
2014.265958
2014.418862
2014.489231
2014.939996
2015.300321
2015.388877
2015.410299
2016.366838
2016.658678
2016.813998
2016.908124
2017.432781
2017.933599
2018.539766
2019.187753
2019.604480
2020.188692
2020.425032
2020.502487
2020.592763
2021.054218
2021.141217
2021.271306
2021.340242
2021.474017
2021.773763
2022.020178
2022.174925
2022.309847
2022.359081
2022.437601
2022.785393
2022.817341
2023.018250
2023.142810
2023.202570
2023.235379
2023.332127
2023.439114
2023.603896
2023.774044
2024.038113
2024.431780
2024.551383
2024.653742
2024.886026
2025.053307
2026.117448
2026.232300
2026.642309
2026.754621
2026.900808
2027.216159
2027.371930
2027.452129
2027.537777
2027.655332
2027.726971
2031.109243
2031.343534
2031.610593
2031.808594
2031.973581
2032.084541
2032.171950
2032.232202
2032.423281
2032.471941
2032.534364
2032.550584
2032.757023
2032.763290
2032.776684
2032.786432
2032.811500
2032.821821
2032.829399
2032.831734
2032.835011
2032.851927
2032.862003
2032.874291
2032.902103
2032.905257
2032.910787
2032.915046
2032.932659
2032.938230
2032.944865
2033.034445
2033.106657
2033.124557
2033.165926
2033.180385
2033.275576
2033.305928
2033.381294
2033.453793
2033.981399
2034.171453
2034.845123
2035.567247
2035.871990
2035.934454
2036.151788
2036.417208
2036.729446
2036.796621
2038.309765
2038.948168
2039.106232
2039.433544
2039.726080
2040.373699
2040.404460
2040.449065
2040.619909
2040.878572
2041.031229
2041.197076
2041.478595
2042.039378
2042.314097
2042.427515
2042.483425
2042.611835
2042.886226
2043.491123
2043.623506
2045.911368
2046.097736
2047.690793
2049.314038
2050.614600
2051.548611
2053.855683
2054.024315
2054.407086
2054.858342
2058.970153
2059.775058
2059.798856
2059.808236
2060.094464
2062.051082
2062.313226
2062.460846
2063.323095
2063.909151
2070.012068
2070.108611
2070.366904
2070.666854
2073.162629
2074.803487
2078.351360
2082.004500
2083.517153
2083.946004
2084.085473
2084.170424
2084.513055
2084.698972
2084.895580
2085.012398
2085.094236
2085.280317
2085.571215
2085.705482
2085.783429
2086.811607
2086.892175
2087.005020
2087.112868
2090.053796
2090.646610
2091.101757
2091.246387
2091.398799
2091.653243
2092.020244
2092.366766
2092.584878
2092.678308
2092.797706
2093.120102
2093.148037
2093.269197
2093.417267
2093.689160
2094.902764
2095.215821
2095.543951
2095.846851
2095.926354
2095.968748
2096.184443
2096.368517
2096.523919
2096.614277
2096.686449
2096.742687
2096.963543
2097.033585
2097.114644
2097.186365
2097.213809
2097.297080
2097.726505
2100.671365
2100.721623
2100.846223
2101.391524
2101.544059
2104.546796
2108.671672
2108.996813
2109.870694
2109.919273
2110.447124
2110.536991
2110.648033
2110.704312
2111.503114
2111.793029
2112.286147
2112.358523
2112.485294
2112.662405
2112.807936
2112.937943
2118.051348
2118.190449
2119.271670
2120.732836
2121.794683
2121.910190
2123.535360
2124.109046
2126.695178
2126.925005
2128.924140
2129.209508
2132.153795
2132.198154
2132.328407
2134.191759
2134.368051
2135.379436
2135.623352
2137.391800
2137.758556
2137.792471
2141.133578
2141.311631
2141.549322
2141.823427
2145.019003
2145.076060
2145.664532
2145.750548
2147.543245
2147.802399
2149.178860
2149.198152
2149.224653
2149.360312
2150.068101
2151.611474
2151.802798
2152.024719
2153.366815
2153.781453
2153.799639
2153.840394
2154.154476
2154.243564
2154.437263
2155.068908
2155.286938
2155.505254
2155.767685
2156.725371
2156.795372
2158.239171
2158.426849
2158.480548
2158.507581
2158.511596
2158.801674
2158.940447
2158.977188
2159.456256
2161.370235
2161.504625
2165.089198
2165.333074
2166.164480
2168.237834
2210.047345
2210.138644
2210.140324
2210.376131
2210.390630
2210.393006
2210.439946
2210.501181
2210.505441
2210.538086
2210.554798
2210.568438
2210.687099
2210.794127
2210.892964
2210.902098
2210.965504
2211.106365
2211.178250
2211.226829
2211.284214
2211.414057
2211.418317
2211.700040
2211.867197
2211.913318
2212.154696
2212.382433
2212.452065
2212.525015
2212.696105
2212.727972
2212.907213
2213.482045
2213.815214
2213.908357
2213.960745
2214.032343
2214.090793
2214.434939
2215.006536
2215.170908
2215.670088
2215.877059
2216.365466
2216.376197
2216.379228
2216.386109
2216.389140
2216.490967
2217.085379
2217.095578
2217.129452
2217.176515
2217.199124
2217.204818
2217.346376
2217.412649
2217.530286
2217.536266
2217.537249
2217.571615
2217.904865
2218.105037
2218.121093
2218.423542
2218.556539
2218.815652
2218.823885
2218.851615
2219.198095
2219.247493
2219.681300
2220.447908
2220.545761
2221.449421
2221.699400
2222.117110
2223.730811
2223.779144
2223.796716
2223.830753
2223.838495
2223.844762
2223.848120
2223.872778
2223.972844
2224.004710
2224.009298
2224.206070
2224.522527
2224.680305
2225.030799
2225.046692
2225.171948
2226.146550
2226.253537
2226.486190
2226.493440
2227.352207
2227.435889
2227.575480
2227.583877
2227.653181
2228.280812
2228.332626
2228.354540
2228.417044
2228.424131
2228.430684
2228.557947
2228.682875
2228.786504
2228.919378
2229.278106
2229.650883
2229.815132
2230.770975
2230.781051
2230.829015
2230.995067
2231.015956
2231.026688
2231.060193
2231.065682
2231.073710
2231.106478
2231.115325
2231.120323
2231.157678
2231.164846
2231.198269
2231.249224
2231.273718
2231.299686
2231.314596
2231.342940
2231.356703
2231.415153
2231.443702
2231.477903
2231.527424
2231.584522
2231.590912
2231.719281
2232.451482
2232.544502
2232.592138
2232.676762
2232.821391
2232.933171
2234.062684
2234.174669
2234.358006
2234.412319
2234.454548
2234.616177
2236.185068
2236.441149
2236.444303
2236.815565
2237.054648
2237.126492
2237.136404
2237.266657
2237.398753
2237.478830
2237.487800
2238.026424
2238.157865
2238.622720
2238.941061
2238.993490
2239.005655
2239.025193
2239.052554
2239.135703
2239.215043
2239.263212
2239.439462
2239.739003
2239.845499
2239.851725
2239.854223
2239.861473
2240.255918
2240.794583
2240.899359
2241.062052
2241.277542
2241.439416
2241.483653
2241.680302
2241.941750
2242.227241
2242.780611
2242.840412
2242.862776
2242.866217
2242.873508
2242.884936
2242.930770
2242.967839
2242.985370
2243.114598
2243.148841
2243.156500
2243.234120
2243.301990
2243.352125
2244.001055
2244.230513
2244.257464
2244.270612
2244.326973
2244.374774
2244.601364
2244.624753
2244.791378
2244.876739
2244.967629
2245.058970
2245.090386
2245.099971
2245.129011
2245.176033
2245.194465
2245.265531
2245.317550
2245.767168
2245.929820
2246.035948
2246.155428
2246.626181
2246.715269
2246.850601
2247.581778
2248.136376
2248.375337
2248.415273
2248.581202
2248.798863
2249.399337
2249.668813
2249.846825
2249.890775
2250.018816
2250.021560
2250.147635
2250.193019
2250.243891
2250.269696
2250.454344
2250.525041
2250.732339
2250.779320
2250.784195
2251.707720
2251.810980
2252.079555
2252.319908
2252.585124
2253.101507
2253.198787
2253.217669
2253.503160
2253.698990
2253.763748
2254.281564
2254.395720
2254.440776
2254.528881
2254.561731
2254.652416
2254.750392
2254.758502
2254.782833
2254.790984
2254.822851
2254.874501
2254.910218
2254.941798
2254.945280
2254.976532
2255.000371
2255.009178
2255.012618
2255.015977
2255.056159
2255.063654
2255.204065
2255.238226
2255.281807
2255.289467
2255.348244
2255.372247
2255.455109
2255.488000
2255.509627
2255.577334
2255.599206
2255.619318
2255.637299
2255.656059
2255.713403
2255.954125
2255.986483
2256.146678
2256.161587
2256.266486
2256.272835
2256.319406
2256.474604
2256.520479
2256.537682
2256.545997
2256.585564
2256.671744
2256.737362
2256.797860
2256.847995
2257.210573
2257.285734
2257.297408
2257.454572
2257.494303
2257.562419
2257.588470
2257.605919
2257.665475
2257.783603
2257.827881
2257.833492
2258.103910
2258.268283
2258.283684
2258.317599
2258.329477
2258.337874
2258.350735
2258.400543
2258.404884
2258.464850
2258.489508
2258.698936
2258.746737
2258.769961
2258.808259
2258.826772
2258.980618
2258.986107
2259.222897
2259.304694
2259.324518
2259.340042
2259.409060
2259.549266
2259.597599
2259.662193
2259.871334
2260.393779
2260.493353
2260.544717
2260.585062
2260.821934
2260.887798
2260.948091
2260.957266
2261.089157
2261.169439
2261.236982
2261.296415
2261.416468
2261.591368
2261.644575
2261.675008
2261.768684
2261.804974
2261.846794
2261.851628
2261.864858
2261.902008
2261.913764
2262.038774
2262.204826
2262.350807
2262.366659
2262.368870
2262.387548
2263.043113
2263.264543
2263.278879
2263.309640
2263.365100
2263.404216
2263.437926
2263.443988
2263.586406
2263.941202
2263.966556
2264.051794
2264.056873
2264.427643
2264.595087
2264.915272
2264.939438
2264.992891
2265.061212
2265.320571
2265.339372
2265.383977
2265.389425
2265.405071
2265.839862
2265.841132
2265.919160
2265.922028
2265.942098
2265.991086
2266.031104
2266.134692
2266.298040
2266.410967
2266.526679
2266.628342
2266.634854
2266.638909
2266.828104
2267.129242
2267.161723
2267.515126
2267.519959
2268.169830
2268.284846
2268.332974
2268.548669
2268.641812
2268.643697
2268.843131
2268.966134
2268.981985
2269.068861
2269.075620
2269.093069
2269.116662
2269.349315
2269.502423
2269.770383
2270.186865
2270.258954
2271.023514
2271.396700
2271.439790
2271.550710
2271.848038
2271.873556
2271.911567
2271.927706
2271.976940
2271.980749
2272.132874
2272.253051
2272.361882
2272.404152
2272.445686
2272.459448
2272.471900
2272.473948
2272.525025
2272.553001
2272.565944
2272.570819
2272.577085
2272.773816
2273.038950
2273.646510
2274.278810
2274.627789
2274.979471
2275.613082
2276.153917
2276.884152
2277.723423
2277.790720
2277.926052
2278.399099
2278.498058
2278.735831
2278.828155
2279.090831
2279.542579
2280.031519
2280.098488
2280.231281
2280.686674
2281.068216
2281.376317
2281.521848
2281.981501
2282.080133
2282.608927
2283.711119
2284.124733
2284.531507
2284.647629
2284.837356
2285.545226
2285.665894
2285.750682
2285.857382
2287.286559
2287.549276
2287.558164
2287.829156
2287.926886
2287.982141
2288.430572
2288.686981
2289.191526
2289.792901
2290.493440
2290.649129
2292.928225
2293.348024
2293.661655
2293.715517
2293.747098
2293.828362
2293.971354
2294.091407
2294.722273
2295.157023
2295.528776
2295.760364
2295.963238
2296.005100
2296.019354
2296.066949
2296.163451
2296.168366
2296.196383
2296.247583
2296.289075
2296.322007
2296.527831
2296.545075
2297.126461
2297.133056
2297.247703
2297.470525
2297.553142
2299.325768
2299.476378
2299.674296
2299.811594
2301.101875
2301.355540
2301.580329
2302.794424
2304.845169
2305.588756
2305.813750
2306.028503
2306.193162
2306.352783
2306.697830
2307.180216
2308.433920
2309.973893
2311.932068
2312.383734
2312.449393
2312.587633
2312.670740
2312.750899
2313.786409
2314.074194
2314.116628
2314.132521
2314.151649
2314.160292
2315.114742
2315.512914
2315.876188
2316.365414
2317.954458
2318.071562
2318.140252
2318.426522
2318.449746
2318.775378
2319.323546
2320.093143
2320.758825
2321.303798
2322.151711
2323.434086
2323.791708
2324.355441
2324.603249
2324.660183
2325.763072
2326.324224
2326.505554
2326.618972
2326.679020
2326.748447
2326.839337
2327.279370
2327.402865
2328.094679
2328.159764
2328.314266
2331.000955
2331.615273
2331.672576
2331.732869
2331.800044
2331.865989
2332.500705
2333.360128
2334.047273
2337.854259
2340.942316
2341.354988
2341.504614
2341.580145
2341.804319
2342.368788
2342.911386
2343.431782
2343.561871
2343.667548
2343.856579
2344.310948
2344.859156
2346.236477
2346.895524
2347.080131
2347.114332
2347.239547
2347.309834
2347.315405
2347.564687
2348.203090
2349.444383
2350.615839
2350.816051
2351.351890
2351.705580
2351.991316
2352.353894
2352.579789
2353.167237
2353.884938
2354.014413
2354.100511
2354.154906
2356.847084
2357.917000
2359.193764
2359.453286
2359.608771
2360.121098
2360.983470
2361.424364
2364.359967
2364.415263
2364.420997
2364.423496
2364.430295
2364.543672
2364.792218
2365.091553
2365.228032
2365.521674
2365.658767
2365.842801
2366.217216
2366.290330
2366.735483
2366.812365
2369.212129
2369.438433
2369.888420
2371.463045
2372.239319
2372.613202
2372.627866
2372.855316
2372.912742
2374.979174
2375.262863
2375.398113
2378.564731
2379.295621
2379.414323
2380.030730
2381.523108
2382.104617
2382.222418
2383.043994
2383.769641
2383.911444
2384.049275
2384.086057
2384.469770
2384.508641
2384.626033
2384.739820
2385.457848
2385.479598
2386.566554
2387.093914
2387.817718
2388.511130
2388.607713
2388.757832
2389.014979
2389.517967
2390.196593
2390.431334
2391.597384
2391.755776
2391.796408
2391.910810
2391.947796
2392.369603
2392.541553
2392.672215
2394.993336
2395.540603
2396.031222
2396.241019
2396.604867
2396.823962
2397.397074
2399.797740
2399.908413
2400.286597
2401.816330
2402.040627
2403.448177
2403.924992
2404.142776
2404.247429
2404.293509
2404.392755
2404.576748
2405.055816
2405.643428
2407.234806
2407.518044
2408.188027
2408.195604
2408.314962
2408.942551
2409.347850
2409.513615
2409.743770
2409.959219
2410.640630
2411.658404
2412.144968
2412.271370
2412.321137
2412.331622
2412.337029
2413.226844
2416.712499
2416.971407
2417.067172
2417.994056
2418.103091
2418.882437
2419.175875
2419.501097
2419.636470
2420.169359
2421.319148
2421.627003
2424.945254
2427.619082
2428.336620
2428.665037
2428.813885
2428.886426
2429.944136
2430.181253
2433.321902
2433.517117
2434.057052
2435.413565
2436.893000
2438.048031
2438.549258
2438.825574
2440.668938
2440.997560
2441.903145
2442.005381
2442.567107
2443.002962
2446.527201
2446.608343
2446.676337
2446.828831
2446.852874
2447.476736
2448.005366
2448.298107
2450.841149
2453.313618
2455.388324
2456.015708
2457.049498
2457.242092
2457.445827
2457.849324
2458.256015
2458.897695
2458.910228
2458.968105
2459.512750
2460.044042
2460.780831
2461.231268
2463.767839
2464.075244
2464.462807
2464.534159
2464.746414
2465.214382
2465.379697
2466.231828
2466.386412
2468.547338
2469.118444
2469.255987
2469.340856
2469.907251
2469.956813
2470.139085
2478.286356
2481.606083
2481.822843
2483.526410
2485.795512
2491.440824
2492.897239
2493.785457
2494.410138
2494.749532
2495.458550
2497.150607
2497.351885
2500.955709
2501.147238
2501.154898
2501.514772
2502.962749
2504.001454
2504.196260
2505.417728
2507.509146
2507.849892
2508.888637
2508.931482
2509.033431
2509.754163
2509.767434
2512.123945
2513.194107
2514.001797
2514.077573
2514.241782
2518.579896
2519.751311
2520.254136
2520.666399
2523.937669
2523.961508
2524.708086
2524.766618
2524.955402
2525.111132
2525.319127
2525.739991
2525.941146
2526.158438
2526.340055
2527.095030
2527.257887
2527.470387
2527.605187
2528.744038
2528.753418
2530.719252
2530.887188
2531.313623
2531.351511
2531.372810
2531.535995
2532.255662
2532.460339
2532.922696
2534.772613
2534.849126
2534.888038
2536.926331
2537.599304
2537.880371
2538.048758
2538.243441
2538.322043
2538.769408
2539.044372
2539.547976
2539.659796
2540.633539
2542.861312
2543.268987
2543.744410
2544.092201
2544.220774
2546.878546
2547.205079
2547.668009
2549.295800
2550.038774
2550.054380
2551.766139
2551.892091
2551.977492
2553.105900
2553.988669
2554.003046
2556.559688
2556.831662
2559.412920
2560.030720
2561.654825
2562.797199
2562.957435
2563.352494
2563.363553
2563.528294
2563.575562
2564.040663
2564.681646
2565.668782
2567.792148
2567.883817
2568.045650
2568.120812
2568.349696
2569.110200
2569.200230
2569.285059
2569.344778
2569.441649
2569.585009
2569.596764
2569.669304
2569.697567
2569.952788
2570.093404
2570.198303
2570.199859
2570.289766
2570.520781
2570.535363
2570.658324
2570.842071
2570.873651
2570.942792
2571.026596
2571.092664
2571.643044
2571.946476
2572.217672
2572.899246
2572.982313
2573.055713
2574.541373
2574.579016
2574.589051
2574.593147
2574.687191
2574.747935
2574.760591
2574.810563
2574.917878
2575.030845
2575.132140
2575.202140
2575.316623
2575.522775
2575.735767
2575.770747
2575.947489
2576.038994
2576.190669
2576.697713
2577.029489
2577.057792
2577.975091
2578.100470
2578.166292
2578.391572
2578.560901
2579.134587
2579.471032
2579.715072
2579.845980
2580.053156
2580.541235
2580.857324
2581.719654
2582.842860
2582.936248
2583.818895
2583.998833
2584.138916
2584.258028
2584.399831
2584.466432
2584.805581
2584.838062
2584.955576
2586.688307
2587.425382
2587.459502
2587.582464
2587.690926
2587.755971
2587.785585
2587.947213
2588.316713
2588.358124
2588.822774
2588.832727
2589.125059
2590.975345
2591.433236
2591.505039
2592.072376
2592.747233
2593.051730
2593.091912
2593.254687
2593.518469
2593.923113
2594.425774
2594.843484
2594.932572
2595.120128
2595.423068
2595.652854
2596.944896
2596.969349
2597.556265
2597.974958
2598.195896
2599.634412
2599.966147
2600.171356
2600.610447
2600.964751
2600.983388
2601.093325
2601.888522
2602.055311
2602.390856
2603.013571
2603.450778
2605.098230
2606.945935
2607.351726
2607.494717
2607.593103
2608.242852
2609.338409
2609.362248
2609.856840
2609.984389
2610.416230
2610.926060
2611.536364
2611.704791
2612.108698
2613.039473
2613.640765
2613.770240
2613.830738
2613.947597
2614.283469
2614.414868
2614.483272
2614.531441
2614.648586
2614.754632
2615.143342
2615.284818
2615.724564
2615.793050
2616.052040
2616.057938
2616.066540
2616.074322
2616.241193
2617.228616
2617.280840
2618.223084
2619.111547
2619.249377
2619.276206
2619.439104
2619.564360
2619.907604
2619.971256
2620.071444
2620.338299
2621.336658
2621.541663
2621.739663
2621.875323
2622.682440
2623.864463
2623.903703
2623.936758
2623.983575
2624.214303
2624.246743
2628.676444
2629.496013
2630.266020
2631.512023
2631.881810
2631.972209
2632.071987
2632.228536
2632.299643
2632.381153
2632.537416
2632.672952
2632.778588
2632.883323
2632.980275
2633.272238
2633.355059
2633.462047
2633.562767
2633.660580
2633.843630
2633.958236
2634.033111
2634.145300
2634.498376
2634.700595
2634.765558
2634.968392
2635.066204
2635.241103
2635.245404
2635.346125
2635.491410
2636.392161
2636.771983
2637.530317
2638.318387
2639.191040
2640.367698
2641.095557
2642.535014
2645.861908
2645.945426
2645.964923
2646.967583
2647.293665
2647.294976
2649.486008
2649.686057
2649.720422
2650.113516
2650.178150
2651.543020
2652.427428
2652.571730
2653.682237
2653.977928
2654.089175
2654.237983
2654.440243
2654.558904
2655.242936
2655.519498
2655.974400
2656.584745
2656.690586
2656.760955
2656.764969
2657.081549
2657.398333
2659.971809
2660.100260
2660.166287
2660.174356
2660.512809
2660.539474
2660.571668
2660.632003
2660.682301
2660.794982
2661.510103
2661.642527
2661.653668
2661.798052
2661.926994
2662.069248
2662.252339
2662.359040
2662.965903
2663.633347
2663.887012
2663.934403
2663.985562
2664.675779
2664.689295
2665.606308
2665.998500
2666.842194
2667.213701
2667.321508
2667.718083
2668.870902
2668.990259
2669.517947
2670.199398
2670.262518
2670.389207
2671.403254
2671.549522
2671.659909
2671.762063
2671.869624
2672.013476
2672.167936
2672.409190
2673.195459
2673.817272
2674.467226
2675.014574
2675.189719
2675.319849
2675.403899
2675.477258
2676.111524
2676.777492
2677.393490
2680.275886
2680.711987
2680.828355
2681.416376
2683.645092
2683.709440
2684.479201
2686.364918
2686.414971
2686.672404
2687.059968
2687.220982
2687.252275
2687.430451
2687.449498
2687.546368
2687.851274
2689.158922
2689.312154
2689.405870
2689.609114
2689.712210
2690.405786
2691.191030
2691.440681
2691.443098
2691.470459
2691.521987
2691.532349
2691.640074
2691.693527
2691.740713
2691.751199
2691.767255
2693.509407
2693.889024
2694.325453
2696.862474
2697.894912
2698.879058
2699.941970
2700.478300
2700.597453
2700.813148
2700.991816
2701.450977
2701.724303
2702.342595
2702.991729
2703.111864
2703.162450
2703.267758
2704.020193
2706.802729
2707.103048
2707.491922
2708.078674
2708.178452
2708.257178
2708.261642
2708.367770
2709.312430
2709.369856
2709.583176
2709.657477
2709.665341
2709.717361
2709.778309
2709.863956
2710.046925
2710.050447
2710.255206
2710.388244
2710.492447
2710.976143
2711.026934
2711.208591
2711.230792
2711.594885
2711.731569
2711.744881
2712.052204
2713.505055
2713.531474
2716.938527
2718.429757
2718.616330
2718.624932
2723.703890
2723.707003
2723.709583
2723.716506
2723.825664
2723.951043
2723.978936
2724.372685
2725.146460
2725.958287
2731.303567
2731.537695
2732.557435
2732.728279
2732.808315
2732.961464
2733.239337
2733.473423
2733.632963
2734.232740
2734.402232
2735.372411
2736.030720
2736.037806
2736.053330
2736.059105
2736.063898
2736.067092
2736.120750
2736.131604
2736.382075
2736.410010
2736.437330
2736.525476
2736.575078
2736.595640
2736.601375
2736.690545
2736.928236
2737.055498
2737.183416
2737.206231
2737.264927
2737.303101
2737.325261
2737.339474
2737.356104
2737.384489
2737.571471
2737.814200
2737.817846
2737.876910
2738.052219
2738.359583
2738.429338
2738.571715
2738.633646
2739.395174
2739.472179
2740.002365
2740.148265
2740.174971
2740.258939
2740.420895
2740.564419
2740.932116
2741.168251
2741.266637
2741.509693
2741.566792
2742.218670
2742.465167
2742.537093
2742.581289
2742.695404
2743.074488
2743.158702
2743.161446
2743.274332
2743.381524
2743.445832
2743.509156
2743.740826
2744.025088
2744.123638
2744.262615
2744.601354
2744.769372
2744.953897
2744.963441
2745.895322
2745.916867
2746.305700
2746.440458
2746.744709
2746.864148
2746.999194
2747.258429
2747.349156
2747.424686
2747.466588
2747.546296
2747.718369
2747.722834
2747.797463
2749.106504
2749.459579
2749.624074
2749.831660
2750.320026
2750.464082
2751.133737
2751.201198
2752.292495
2753.106125
2754.109891
2754.149786
2754.163098
2754.168873
2754.172068
2754.570895
2754.577162
2754.990531
2755.192381
2755.284664
2755.513917
2755.651297
2755.675464
2755.716506
2755.843850
2755.879281
2756.325622
2756.498145
2756.613243
2757.341839
2757.656412
2758.037422
2758.207652
2758.342738
2758.655427
2758.883615
2759.142359
2759.424655
2759.564411
2759.629578
2759.762412
2759.772774
2759.892378
2760.331305
2760.558387
2760.685240
2760.732590
2760.985149
2761.173606
2761.420472
2761.497068
2761.540567
2761.887621
2762.240246
2762.914734
2763.126989
2763.439677
2763.555103
2763.643822
2763.965768
2764.216648
2764.350792
2764.874342
2764.954337
2765.826253
2766.032896
2766.751375
2766.806180
2766.873887
2766.891008
2767.112888
2767.615345
2768.495165
2769.024287
2771.148718
2772.411597
2772.721828
2773.024727
2773.379564
2773.500723
2773.897462
2774.080840
2774.215844
2774.246810
2774.486589
2774.488760
2774.557573
2774.642237
2774.721454
2774.777078
2774.822134
2775.301243
2775.500104
2775.514358
2775.707116
2775.878492
2776.100782
2776.680407
2777.041060
2777.171108
2777.500221
2777.571451
2777.592832
2777.795953
2777.800008
2777.806766
2777.809879
2779.197727
2780.071526
2780.459008
2782.833787
2782.839112
2782.846771
2782.952038
2783.094333
2783.278449
2783.280742
2783.317279
2783.377490
2783.387361
2783.506801
2783.641354
2783.785574
2784.078316
2784.344842
2784.543048
2784.608297
2785.421107
2786.551972
2786.576998
2786.702418
2786.719990
2786.737603
2786.861056
2788.265861
2789.257667
2789.390008
2789.495931
2789.865431
2789.882921
2789.988925
2790.146499
2790.549053
2790.626796
2790.968771
2791.221166
2791.526359
2791.595500
2791.655055
2792.198676
2792.299192
2792.476508
2792.602706
2792.922358
2792.993628
2793.110200
2793.422070
2793.874719
2795.287511
2795.449467
2796.312617
2796.400067
2797.429146
2797.923901
2798.039941
2798.149796
2798.373929
2798.394040
2798.470349
2798.696325
2798.978908
2799.694152
2799.847793
2800.085279
