49.085194
49.098056
49.104118
49.167729
49.206231
49.290281
49.825874
50.064794
50.104689
50.407383
50.530550
50.688573
50.721137
50.823291
51.176899
51.466158
51.643802
51.657605
51.715482
51.733340
51.818127
51.874202
51.927040
51.943137
51.987169
52.296499
52.311286
52.371128
52.395418
52.869489
53.233787
53.254717
53.329756
53.475328
53.488763
53.568799
53.629501
53.740421
53.994414
54.061261
54.462505
54.589112
54.607299
54.668698
54.689710
54.721004
54.757990
54.959309
55.015096
55.171686
55.415685
55.420805
55.426826
55.466312
55.507067
55.606723
55.621960
55.744225
55.773880
56.852603
57.060762
57.561006
57.589555
57.634980
57.703711
57.973432
58.055557
58.080666
58.328146
58.699858
59.372544
59.401380
59.926159
60.765594
60.840346
61.435331
62.248919
62.315151
62.360699
62.460641
62.524293
62.718280
62.914765
63.285658
63.315395
64.548782
64.934257
65.416561
65.440113
65.836687
65.841644
65.915412
65.986273
66.019451
66.295890
66.317353
66.904883
66.954117
67.009659
67.104113
67.703726
67.842662
67.964600
68.298916
68.404019
68.413727
68.432568
68.595917
68.623319
68.646584
68.656865
68.771062
68.883620
68.947722
69.067776
69.083382
69.126226
69.338071
69.354947
69.368709
69.569085
69.710725
70.393651
70.443663
70.475325
70.635889
70.722519
71.351583
71.496581
71.540900
71.851540
72.445911
72.513167
72.657920
72.727593
72.783176
73.295380
73.370911
74.015580
74.792796
74.905149
74.967613
75.432591
75.736556
76.105277
76.601262
76.676465
76.802826
76.837806
76.843254
76.855173
77.684040
78.016881
78.106501
78.144635
78.155489
78.686126
78.743224
78.780047
78.832271
79.333540
79.492096
80.003932
80.049070
80.078275
80.984883
82.024079
82.355773
82.441216
82.595389
83.023299
83.771310
83.794248
83.811287
83.921838
84.068311
84.211753
84.376904
84.518748
84.608942
84.635361
84.642447
84.652073
84.675092
85.476147
85.601362
85.761188
85.786747
86.115901
86.413312
86.588088
86.642196
86.681600
87.241851
87.498711
87.511900
89.204408
90.761789
90.971464
91.974328
92.392571
92.466381
92.851487
92.886508
92.979364
93.148242
93.522739
94.456750
94.481162
94.595400
94.612234
94.629765
94.656348
94.687191
94.776525
94.817567
94.838661
94.854431
94.911406
94.934999
95.918326
97.170924
97.669038
97.926349
98.073108
98.978857
99.842458
100.482785
100.547994
100.602307
100.661330
100.717240
101.030912
101.098947
101.516042
101.520261
101.593620
102.911099
105.538929
105.749135
106.301071
106.943406
106.971218
106.992763
107.211489
107.551826
108.240896
108.904161
108.925010
109.542892
110.480220
110.494720
111.446835
113.876910
115.074048
115.087688
115.224003
115.342254
115.950387
116.076134
116.322632
116.670669
117.361664
117.429371
118.145270
118.162637
118.459392
119.765647
119.836017
120.157635
120.303124
120.687411
121.425428
122.099057
122.639729
123.000504
123.503575
123.519959
123.610317
123.662868
123.704484
123.838751
123.882414
123.901829
124.046623
124.073574
124.179743
125.235200
126.085489
126.937989
127.176868
127.329444
127.595766
127.627469
127.877857
128.331776
128.439501
128.525517
128.849388
128.887112
128.948265
129.010729
129.244283
130.144788
130.293146
130.872320
130.896323
130.901852
130.909921
130.919055
131.012157
131.075809
131.274916
131.676365
131.898532
131.920159
132.278026
132.844216
133.242307
133.290926
133.309399
133.328773
133.334876
133.341184
133.360026
133.410324
133.639864
133.769830
134.082970
134.137487
134.605988
134.657393
134.857155
134.863872
134.918881
134.951977
134.960988
135.137567
135.156654
136.588001
136.766382
136.812503
137.228657
137.328108
138.114826
138.562560
139.702108
141.487718
142.343291
142.630953
143.045919
143.368397
146.585887
147.158508
147.273155
147.287777
147.332588
147.554181
148.018299
148.106772
148.279583
148.289659
148.550656
148.810629
148.849910
148.933222
149.134991
150.227681
150.951526
151.612006
151.802102
151.857684
152.089190
152.128799
152.333681
152.461763
152.590950
152.612495
152.984330
154.150380
154.215137
154.243973
154.845798
154.945946
154.974577
155.298652
155.548918
156.078531
156.092293
156.097331
156.135055
156.147589
156.169380
156.178964
156.184330
156.192768
156.242493
156.388721
158.449541
158.480835
158.700626
158.719754
158.734172
158.799094
158.808146
158.824407
158.847386
158.865203
158.883267
160.807444
160.948838
160.961167
161.674158
162.141962
162.161623
162.229330
162.245837
162.510766
162.728796
162.756526
162.771354
162.820178
162.829681
163.143066
163.182510
163.921306
164.222566
164.406600
164.901847
165.061714
165.184471
165.193687
165.288428
165.525668
166.513582
166.698885
166.757786
167.214326
167.223747
167.281213
167.290388
167.489372
167.505715
167.769743
168.915517
169.575342
169.681920
169.801236
170.585948
170.713661
171.605320
171.647959
171.661599
172.766044
173.447414
173.475021
173.922714
173.953352
173.987553
176.056771
176.203981
177.329971
178.887270
179.122913
179.241861
179.263898
179.587277
180.672799
180.791869
180.914790
181.050819
181.191762
181.548524
181.762540
181.816156
181.912822
182.583132
182.997975
183.314555
183.408394
184.745615
184.881439
185.517384
185.529631
185.547366
185.605693
185.614008
185.623020
185.829786
188.213862
188.336333
188.882452
189.549404
190.059766
190.227538
190.315110
190.421524
190.442660
190.459372
190.856315
191.885312
191.980216
193.099817
194.005402
194.659779
194.738872
194.760458
194.825093
194.907013
194.938962
195.212902
195.396444
195.406807
195.641917
196.164772
196.176732
196.801618
197.636178
199.022510
200.655258
201.543352
202.586644
202.916209
203.666924
204.064850
204.266947
204.293734
204.343828
204.351529
204.363366
204.390154
204.459131
204.481331
204.591759
204.867666
205.157663
205.382779
205.969449
206.015201
206.089544
208.635904
209.813832
210.140815
210.624676
211.123937
214.689956
214.718587
214.907167
216.417403
216.482161
216.502600
216.532009
216.926863
217.449349
217.790915
218.924073
219.380777
220.460851
220.524134
220.829082
220.858696
220.873974
220.889580
220.969042
221.240115
221.249659
221.790372
223.593882
224.282337
226.657198
227.054838
227.101532
227.363267
227.476767
227.548447
228.218020
228.539105
228.849582
228.903895
229.600952
230.120571
231.757087
232.058675
232.078541
232.228905
232.286126
232.356946
232.380826
232.427479
232.460943
233.961021
235.253924
235.394171
235.540808
237.122601
237.350666
237.360046
237.947617
238.537810
238.548787
238.745231
239.386378
239.436308
239.447204
239.479685
239.513682
239.718973
240.065085
241.148477
241.404600
241.457684
241.716593
241.757798
242.749030
243.270738
243.291464
243.870802
244.558193
246.778307
247.750287
248.474706
251.257037
251.443855
251.940168
251.953111
252.003860
253.026099
253.316260
258.966241
258.997903
259.043123
259.769917
259.781550
259.853148
259.866501
259.953009
259.971932
259.978404
263.040451
264.803328
265.305006
265.464750
265.733571
266.522337
268.687688
268.692275
268.748268
270.022943
271.246418
271.443026
273.457848
273.508311
273.735967
273.776640
273.815593
273.834435
274.035016
274.510152
275.627581
275.665428
275.918930
276.927816
277.060485
277.147648
277.593661
277.768806
278.297600
278.431949
279.371858
279.704904
279.836140
280.404337
281.532703
282.213171
282.242826
282.512261
282.521354
282.680525
285.589545
286.274519
286.927094
287.034532
287.485665
288.497541
288.526090
288.737690
289.420411
290.220360
290.320630
291.269837
291.457638
291.467960
291.478118
291.709215
291.816612
292.657644
292.961935
293.073920
293.588050
295.440753
295.928832
296.559043
296.844493
296.855429
296.960696
296.992113
297.021727
297.129943
297.150546
297.162342
297.472164
297.492972
298.544906
301.225411
302.681702
302.714429
304.119931
304.157614
304.927498
306.158551
306.186035
306.259067
306.309980
306.317844
306.326241
309.214904
309.231780
309.239726
309.499740
311.175905
311.307223
311.861084
312.410726
312.469381
312.659681
312.907284
313.453117
314.104750
315.665449
315.817411
316.390564
317.338665
317.453476
319.411528
319.779676
319.798845
320.705987
320.813425
320.987259
322.490204
322.582774
322.874081
322.916803
324.291215
324.939121
325.778350
327.326474
327.477862
327.629578
327.842898
327.851295
328.000758
328.432026
328.455455
329.908142
329.946972
330.045727
330.239672
330.300334
330.386596
330.651935
330.718413
330.784399
330.830070
330.990961
331.250606
331.255439
331.343749
331.438408
331.584020
331.623178
331.658568
332.329533
332.338872
332.347105
332.484076
333.068493
333.110395
333.118587
333.349519
333.500662
333.552640
333.563085
333.595525
333.663314
333.667164
333.671793
333.675725
333.698171
333.712138
333.716972
333.733396
333.753098
333.789102
333.826417
333.845750
333.879869
333.889782
334.007951
334.473052
334.851072
335.009587
335.287992
335.348326
335.391171
335.401124
335.446958
335.473377
335.482839
335.487754
335.593062
335.604122
335.634227
335.683666
335.764603
335.870566
336.383672
336.493117
336.519332
336.803553
336.818790
336.866386
336.921395
337.030717
337.037107
337.190625
337.208402
337.585480
337.953628
337.964933
338.164367
338.232852
339.269018
339.775283
339.893780
339.925279
340.080435
340.105994
340.369654
340.432609
340.563149
340.892140
340.911186
340.958781
340.987494
341.062697
341.577974
341.586862
341.757256
341.933711
341.947556
342.534144
342.549586
342.568837
342.624502
342.650388
342.719365
343.003013
343.079117
343.090053
343.233618
343.258890
343.272980
343.326925
343.396721
343.537787
343.733985
343.797842
343.954022
344.154685
345.309266
345.324626
345.363538
345.369027
345.495675
345.513656
345.526927
345.541591
345.578209
345.637560
345.737544
345.745367
345.771459
345.805578
345.812746
345.826058
345.849651
345.875456
345.893110
345.906913
345.932145
346.220380
346.477937
346.484285
346.531512
346.556539
346.672865
347.009065
347.028275
347.057971
347.366072
347.481907
348.209725
348.337316
348.344320
348.443853
348.469576
348.686950
348.791685
348.802867
348.827689
348.849889
348.856238
348.870124
348.878111
349.033595
349.074473
349.203579
349.298401
349.374218
349.424476
349.501112
349.555180
349.592453
350.017577
350.027899
350.039777
350.199931
350.204969
350.214431
350.228972
350.272963
350.454620
350.490132
350.500577
350.596096
350.608466
350.783160
350.863770
350.880195
350.903992
350.955438
351.196406
351.274885
351.306875
351.324201
351.832392
351.867699
351.902761
351.915540
352.130171
352.215941
352.266691
352.276070
352.339599
352.534979
352.566190
352.621281
352.632709
352.648192
352.755876
353.495245
353.516585
353.523753
353.605386
353.639711
353.647616
353.703854
353.763328
354.444780
354.452849
354.476401
354.530386
354.568684
355.947807
356.234527
356.290396
356.378010
356.519772
356.541030
356.572611
356.667802
356.726170
356.747837
356.859208
356.892303
357.104722
357.219656
357.519442
357.536604
357.543772
357.576131
357.646664
357.655020
357.690860
357.748654
357.800468
357.911224
357.938217
357.961810
358.012477
358.021775
358.093455
359.112131
359.218463
359.252460
359.264174
359.398728
359.517266
359.617823
359.653335
359.935263
359.944561
359.953244
360.320328
360.414618
360.537293
360.791982
360.883855
360.920146
360.974049
361.797673
361.912197
362.094961
362.248438
362.295747
362.337485
362.355589
362.377748
362.426982
362.471342
362.493256
362.505093
362.512097
362.535936
362.548142
362.570179
362.629202
362.662994
362.760069
362.788659
362.841948
363.016684
363.115643
363.175731
363.231969
363.247329
363.384300
363.941478
364.328919
364.799959
365.344195
365.457408
365.468590
365.940900
366.241219
366.287585
366.309417
366.334075
366.412513
366.827315
366.941962
367.104696
367.122596
367.163597
367.615959
367.628780
367.754445
367.822725
368.275333
369.143071
369.313464
369.324646
369.656177
369.882030
369.951867
370.698895
371.067863
371.294536
371.720192
371.944571
372.024607
372.509368
372.663706
372.820623
373.282939
373.329469
373.879480
373.962465
374.033162
374.131261
374.226002
374.293668
374.327788
374.545736
374.619382
374.694748
375.356948
375.434977
375.440916
375.462625
375.512637
375.551468
375.632486
375.658291
375.737303
376.006124
376.124170
376.230134
376.270356
376.329667
376.337859
376.362148
376.376443
376.395858
376.412856
376.497848
376.546673
376.552612
376.558346
376.598241
376.620769
376.643297
376.812626
376.837857
376.937226
376.964424
376.977940
377.002271
377.090417
377.100616
377.130066
377.175040
377.205760
377.219031
377.231319
377.270723
377.277358
377.294807
377.317458
377.326756
377.333760
377.741353
377.775391
377.871073
377.898476
377.935299
377.940132
377.965855
377.984328
378.038804
378.096517
378.135634
378.211738
378.238853
378.375004
378.391552
378.407690
378.423828
378.438861
378.481418
378.520863
378.576200
378.820772
378.912645
378.935542
378.975068
378.982973
379.035853
379.073495
379.669012
381.319905
381.347348
381.356933
381.421322
381.446758
382.061117
382.270177
382.331781
382.362296
382.379786
382.411080
382.424556
382.460559
382.618911
382.677238
382.899118
383.311012
383.366676
383.424102
383.754117
383.907963
384.263004
384.676987
384.725811
384.799048
384.864625
385.070367
386.534646
386.671043
386.772787
387.117875
387.214131
387.256975
387.476603
387.503104
387.605381
387.649905
387.664077
387.674808
387.695985
387.794166
388.205937
388.338196
388.542751
388.603781
388.627579
388.633477
388.665958
388.699750
388.723466
388.898816
388.927857
388.952474
389.528863
389.597102
389.609595
389.687992
389.697495
389.753446
389.812388
389.837496
389.848965
389.909955
390.261924
390.446531
390.523003
390.887301
390.922895
390.992036
390.996337
391.018291
391.084401
391.152189
391.225836
391.400694
391.517389
391.544955
391.578051
391.692206
391.707894
391.857848
391.885251
391.910646
392.100250
392.129659
392.243036
392.273510
392.320614
392.388936
392.475443
392.488305
392.933663
393.046426
393.058222
393.097093
393.161687
393.223455
393.248522
393.304064
393.582920
393.588408
393.597665
393.635471
393.676308
393.784197
393.893888
393.927762
394.649600
394.725908
394.875126
395.394621
395.448934
395.575910
395.871150
395.900805
396.041626
396.238111
396.542689
396.566159
396.832236
397.702799
397.907763
398.124196
398.261903
398.633820
398.912307
398.952530
399.819571
399.902106
400.026747
400.199311
400.207790
400.249897
400.637256
400.649052
400.653107
400.658186
400.663470
400.675267
400.714138
400.764600
400.892436
400.924099
401.092567
401.150075
401.401160
401.739817
401.790894
401.796096
401.802691
401.815060
401.826693
401.837711
401.878835
402.123940
402.294047
402.432164
402.441052
402.453914
402.476646
402.500116
403.741737
403.816940
403.827057
403.844424
403.869532
403.885056
404.009083
404.025057
404.799898
405.014405
405.103534
405.115085
405.176238
405.264753
405.758771
405.776138
405.803090
405.812183
405.822136
405.861745
405.906842
406.082396
406.161695
406.860513
407.166116
407.252746
407.436534
407.475487
407.481876
407.659110
408.351990
409.012388
409.056707
409.090744
409.165292
409.211167
409.264087
409.304965
409.875456
410.043515
410.317414
410.389873
410.435830
410.534789
410.758226
411.120189
411.136287
411.188142
411.220746
411.502961
411.513364
411.519508
411.636859
411.663319
411.704238
412.257731
412.292547
412.301681
412.341862
412.407071
412.533596
412.707922
413.035069
413.080617
413.171466
413.184246
413.860823
413.975142
414.170112
414.292091
414.631731
414.683464
414.799954
414.859919
414.940815
415.267963
415.285371
415.309783
415.396946
415.410299
415.449539
415.472640
415.497789
415.757025
416.153231
416.167363
416.195092
416.208609
416.594166
416.627384
417.074463
417.273979
417.333084
419.239158
419.246490
420.748001
421.749842
422.741074
423.321887
423.350886
423.506084
423.535739
423.783014
423.993385
424.012759
424.020787
424.044626
424.144200
424.183316
425.406710
425.546547
425.671025
425.724969
426.186015
426.193224
426.222961
426.344366
426.631782
427.204403
427.379671
427.758961
427.882291
428.140012
428.272435
429.534904
430.387036
430.478705
432.841155
432.856515
432.883057
435.839549
437.010678
437.060854
437.200282
437.768643
438.507274
438.553231
438.983598
439.047578
439.073464
441.622446
444.698542
444.722504
444.900434
444.988826
445.945938
446.092042
446.108959
446.399037
446.805729
446.928282
447.511552
448.180797
448.645652
450.594570
450.848809
451.606487
451.613000
451.798630
451.878502
451.897344
452.152607
452.387717
452.797686
452.920566
452.964721
453.138842
453.206221
453.694874
454.296330
454.302433
454.403727
454.549586
457.168978
457.670820
457.706496
458.028319
459.313521
459.342725
469.367071
469.384602
469.422162
469.779538
470.086410
471.399424
471.477289
471.513006
472.047944
472.237588
472.399626
472.759296
475.623260
477.415834
477.942784
478.122107
478.283366
479.251661
479.266980
479.289139
479.381504
479.882486
480.618619
484.258243
484.980982
486.910444
486.974587
491.060470
491.315937
491.456225
491.472486
491.742003
492.776161
492.790948
492.841984
492.935537
493.183672
493.203661
493.214188
493.277757
493.540598
493.564232
494.259610
495.146516
495.778038
496.075571
496.180593
496.739287
496.989184
497.465836
497.639752
498.241618
498.275287
498.592563
498.640364
500.316119
501.289452
503.400325
504.612495
506.401096
506.558628
507.789926
508.705464
508.720660
508.989317
509.195018
509.361193
511.113789
512.516669
512.739041
512.785326
512.833454
514.262016
514.399764
515.258778
515.780731
515.791954
517.727191
518.042132
518.697124
525.236879
525.913825
527.719096
528.961085
529.069629
534.646743
535.965286
537.072681
539.631329
541.845053
543.310111
543.529124
543.551037
544.444908
545.171292
547.334840
548.351181
548.899389
548.934779
549.109965
549.338071
549.674189
549.745336
552.596767
552.649933
554.386964
554.633052
556.129608
556.345917
556.931318
557.312164
557.396746
557.473874
558.262067
558.978048
561.004380
561.385554
562.803671
564.302397
564.577239
564.686275
564.802150
565.057290
566.304645
566.422774
567.769620
567.963361
568.419738
570.416947
570.691297
571.092214
571.845059
571.953971
572.065423
572.141240
574.321336
574.477558
576.233308
576.522486
576.598712
577.118208
577.791017
578.527724
579.797934
579.804979
579.879240
581.321359
581.332951
585.428623
589.372416
590.547313
590.604575
590.759076
590.972314
597.077033
597.399511
597.679145
597.717238
598.509609
598.516941
598.538813
599.134700
599.369318
599.386685
599.529882
599.731651
604.426445
608.147825
611.362775
613.253857
613.296005
615.634944
616.097956
617.183846
617.211453
618.909696
619.350958
619.515822
620.027535
620.416860
621.262234
625.254851
630.276588
630.888858
632.585134
635.105608
636.388884
636.493332
637.203251
637.226189
637.287588
639.687844
640.370442
640.451871
640.466780
640.476324
640.502292
640.517571
640.527114
640.564183
641.065697
642.361999
643.750666
643.791380
645.220925
646.954353
647.011942
650.127196
654.024499
655.957033
656.133571
658.786427
660.880384
661.962342
664.099676
664.265892
664.290099
664.311030
665.326715
707.998188
708.171080
708.645888
709.233664
709.245583
709.443502
709.653217
709.703844
709.755904
709.895209
710.130319
710.176440
712.272323
712.297923
712.612291
712.777810
712.814592
714.248602
714.311844
714.714481
714.779402
714.975068
715.513242
716.099912
716.855992
716.871967
717.319619
717.405430
717.429678
717.779436
719.057838
720.110305
720.165970
720.178258
720.548291
720.621240
720.645325
720.793313
721.479188
721.542636
722.351309
722.971689
723.024241
724.868997
724.910858
724.925276
726.932562
727.065682
727.096648
727.530414
727.536599
728.173609
728.375828
729.050890
729.122406
729.131991
729.179996
729.671557
729.944269
729.962168
731.295908
731.302257
732.532818
732.581765
732.630876
732.775137
732.797460
732.860580
732.894249
733.000008
733.031383
733.743841
735.140659
735.165604
735.216476
735.834194
736.756572
737.443963
738.300928
738.715525
738.835210
738.918441
739.007037
739.083182
739.580846
739.623690
740.201431
740.337664
741.433467
741.811773
742.396600
742.733701
744.106639
744.817172
745.416049
746.737746
747.792015
747.843092
748.574065
748.850995
748.991078
749.301842
749.542318
749.711278
750.107525
752.241336
752.273039
752.416481
753.323418
753.405051
755.106284
755.253125
755.294085
757.255619
757.730386
758.042993
758.122291
758.128148
758.224937
759.864566
760.275395
760.470897
760.861819
763.172946
764.198543
764.212183
764.855624
765.247160
765.277389
765.340795
765.483622
765.596754
765.721027
765.827523
766.061404
766.106296
766.175846
766.214595
766.228398
768.418775
768.920986
768.949535
769.085071
769.149338
769.258537
769.395794
769.476076
770.445640
770.664899
770.839020
770.866668
771.741368
771.762790
771.776553
771.878502
771.886858
771.896484
771.913114
771.927532
771.955958
771.994624
772.166410
772.698440
773.530337
774.116557
774.600458
774.879683
775.113810
775.346504
775.960248
775.996088
776.155259
776.333967
776.373576
776.491213
776.782316
777.266381
777.277932
777.521889
777.973350
778.010665
780.699566
781.109903
781.129687
781.173596
781.609042
781.724017
781.796106
782.087987
782.184899
782.269932
785.026949
785.044029
785.268613
785.378755
785.433641
785.812111
785.866465
785.876623
785.963213
785.981071
786.008637
786.081669
786.151875
786.402959
787.052175
787.099566
787.720274
787.804324
787.941990
788.373627
788.390052
788.740956
789.037425
789.487002
789.780439
789.807841
790.375055
790.506250
790.519071
791.025091
791.240049
791.520297
791.922729
791.967785
792.076370
792.694620
794.980475
795.601265
796.649431
796.656558
796.684534
797.184819
797.365207
797.520364
798.631936
800.036413
800.085852
801.004954
801.880146
802.027971
802.554020
802.582364
803.786179
803.812434
804.207903
804.605706
806.088499
806.525379
806.547087
806.572933
806.600827
806.626386
806.735421
807.186350
807.598531
807.651164
808.269619
808.852029
809.550234
809.959342
809.965855
810.009723
810.030531
810.041221
810.273792
810.345554
810.446438
810.499523
810.804634
813.162127
813.241876
814.424678
814.470513
815.463014
815.484682
816.806420
816.879084
816.935649
818.055905
818.084004
818.163220
818.462638
818.632417
820.626309
820.982456
821.260288
821.323776
821.349868
821.816484
821.983519
822.090301
822.676931
822.821356
822.832701
823.826719
824.198636
825.126093
825.374679
826.152509
826.437468
826.487153
826.989937
827.056579
827.091354
827.426611
827.758961
827.974861
828.033393
828.081521
828.919644
829.961462
830.060298
830.238269
830.264689
830.518108
830.526833
830.600929
830.928241
830.945976
831.066481
831.120384
831.158477
831.582085
831.913697
831.926682
832.884204
833.737318
834.827428
834.963620
835.481354
835.654451
836.017766
836.346102
836.839506
836.884972
836.902461
836.912456
836.917658
837.007688
837.061304
837.646787
838.514237
838.636872
839.026975
839.457055
839.670784
840.856945
841.408471
842.115564
844.410470
844.421325
844.425994
844.515164
844.525322
844.807823
845.013279
845.225656
845.887652
845.931233
846.109041
847.356355
852.036321
854.366290
855.295672
855.319142
857.316188
858.316595
858.627768
859.040850
859.049738
859.277435
860.916982
861.362749
861.435167
861.882245
861.906452
861.948641
862.407066
866.019082
866.116567
866.948383
866.968617
866.982625
870.400819
871.710310
871.725425
871.778427
872.841216
872.991089
873.006817
873.915515
875.054612
875.312374
875.494728
876.244091
876.386140
877.690225
877.717996
878.537032
882.182963
882.194801
882.347254
882.394808
883.294331
883.422536
883.457147
883.485164
883.506340
884.163092
884.578427
885.280932
885.288264
885.381243
885.521859
885.593375
886.305587
887.065477
887.099802
891.356447
891.407770
892.102533
892.539699
893.865779
894.470799
895.185838
897.414021
900.910244
901.161165
901.340406
902.685737
905.398477
908.534374
908.589548
909.206323
909.297418
909.324083
910.360576
910.779720
910.792786
910.849475
911.228682
911.808594
912.049603
913.681900
915.418399
915.492741
915.572367
915.584164
915.697377
916.206592
916.258529
918.275932
919.768474
919.895409
919.965860
920.572559
922.781041
925.241672
925.253837
926.121984
926.144963
926.384701
926.452367
926.509629
929.224622
929.456415
929.548780
929.669489
929.830052
930.427003
930.572042
930.725028
931.599442
933.676114
934.254019
934.474342
934.650880
938.602701
940.022047
940.049408
940.562022
940.671795
944.331981
945.673298
946.482258
947.396198
947.949896
948.270490
949.311775
950.212895
954.490716
955.125514
957.916037
964.036239
964.102554
966.227640
966.808904
966.959473
967.002767
967.067116
967.932314
968.110694
968.664637
968.972943
969.331999
972.170322
972.597903
972.895969
973.114778
973.125837
973.131817
974.665359
975.165276
976.521912
977.288970
979.262382
979.438633
979.552952
981.231698
981.954150
981.960335
982.930063
985.567232
985.689252
985.885942
986.071450
990.491075
991.984271
992.002458
992.354386
993.587896
996.709130
996.718182
998.000517
998.333850
999.732511
1001.170412
1002.296361
1003.272970
1003.425669
1003.865825
1004.402319
1006.965637
1009.926799
1010.090435
1010.107597
1010.206843
1010.340454
1010.895954
1010.970911
1011.699425
1011.703112
1015.742218
1015.764828
1015.877960
1016.814920
1017.181020
1021.004636
1023.234662
1023.282463
1023.325020
1023.346115
1028.327834
1028.821524
1028.958085
1030.772777
1030.906593
1030.943089
1032.870871
1035.148083
1037.801759
1039.135498
1039.167939
1039.273984
1039.356846
1039.680594
1040.542228
1040.699924
1041.502495
1042.459607
1044.202332
1045.025382
1046.863094
1047.803331
1047.820820
1048.497521
1048.583496
1049.246065
1049.829212
1050.059776
1051.153654
1053.386097
1053.671014
1057.831322
1059.865723
1060.171940
1061.271716
1062.193521
1066.612859
1069.566812
1071.480709
1072.625787
1078.571213
1078.717604
1078.879887
1078.993674
1079.105782
1079.332946
1079.443497
1080.604754
1080.645509
1080.768307
1080.834294
1081.215263
1081.844818
1082.281533
1082.344120
1082.367222
1082.603807
1083.560509
1083.601920
1083.677368
1083.819254
1085.529416
1086.331290
1086.365860
1088.567706
1088.777339
1088.867328
1088.932823
1089.473126
1089.558815
1090.081096
1090.546156
1095.563100
1095.653417
1095.828398
1096.066212
1096.186266
1096.317665
1096.452096
1097.926779
1098.881106
1099.332076
1100.448891
1100.475515
1101.120758
1101.129646
1101.247406
1101.411860
1101.593395
1101.956055
1102.551122
1102.669005
1102.805975
1102.971331
1103.012291
1103.200911
1103.387730
1103.471903
1105.327391
1105.368924
1105.426883
1106.673295
1107.333243
1108.614554
1108.665631
1110.002319
1110.336061
1111.115366
1111.262863
1111.282811
1111.296082
1111.468605
1111.650959
1111.722557
1111.743447
1111.759626
1111.936287
1112.068915
1112.086200
1112.116347
1112.126587
1115.653161
1116.517458
1116.780298
1118.471373
1118.571315
1119.606333
1121.885635
1123.607388
1124.697006
1125.692416
1126.171075
1126.206874
1126.419333
1127.532052
1127.648174
1127.673651
1127.684506
1128.069161
1128.673526
1130.122445
1130.177372
1131.044741
1131.081441
1131.595694
1131.787346
1131.928084
1131.997102
1132.066120
1132.545106
1132.561408
1132.642017
1135.414559
1135.952282
1140.001260
1141.120492
1146.537533
1146.627031
1146.741146
1150.936392
1151.509053
1152.091709
1152.614932
1152.971039
1153.584497
1153.689108
1153.703895
1153.802199
1153.953546
1153.967145
1154.006835
1154.023670
1154.385879
1154.576056
1156.367647
1157.928919
1160.566252
1162.223002
1163.172209
1165.686989
1167.181537
1167.188296
1167.233966
1167.249285
1167.909683
1171.051479
1173.831516
1174.626632
1176.887214
1177.610445
1178.725704
1178.807050
1179.480760
1180.627517
1180.748227
1182.741627
1184.049971
1185.626112
1185.926062
1186.097562
1186.384773
1186.893455
1187.047956
1187.087647
1188.576461
1189.382308
1189.402665
1189.709701
1191.041966
1191.407821
1191.524803
1193.719112
1193.856000
1193.882296
1194.422886
1194.442588
1194.583695
1194.674627
1195.163566
1195.453440
1195.461386
1195.958436
1196.233605
1196.396175
1196.806922
1198.314004
1198.337188
1198.456381
1198.529331
1198.551491
1198.692434
1198.704353
1198.722826
1198.742528
1198.767268
1198.943068
1198.954701
1199.749693
1200.131236
1200.259891
1200.366920
1200.808059
1200.982835
1201.921106
1202.621235
1206.141706
1206.379520
1207.254467
1207.309844
1207.466148
1207.474258
1210.744627
1211.366318
1211.824579
1211.994071
1212.579430
1213.217628
1213.985055
1216.154419
1216.453837
1216.999096
1220.346184
1220.555448
1225.512182
1228.224143
1229.002793
1229.278945
1229.538468
1230.077256
1230.265631
1230.434550
1230.676296
1230.689403
1232.022856
1232.656220
1233.348526
1233.462641
1234.944123
1235.142902
1235.180380
1235.185295
1235.646710
1235.671777
1235.702661
1241.396347
1241.401344
1241.811436
1241.827779
1241.943040
1241.992151
1242.909778
1246.074880
1246.218772
1247.041700
1248.232940
1250.486804
1251.087442
1251.148145
1252.188201
1252.218921
1252.289700
1252.602798
1252.695654
1252.867482
1255.267656
1256.722391
1256.799027
1258.534953
1258.665411
1261.605847
1261.638124
1263.420826
1263.757230
1263.998239
1265.426350
1266.143928
1266.716303
1269.151580
1269.391114
1269.398610
1269.466808
1272.058143
1274.045972
1274.068910
1274.678723
1275.862917
1277.148119
1277.575455
1278.132019
1279.905300
1280.533381
1280.657326
1281.653064
1281.788928
1281.867612
1281.878262
1281.950843
1281.962148
1282.045501
1282.190377
1282.386698
1282.441708
1284.786463
1285.226373
1286.254141
1287.922442
1288.475034
1288.484372
1288.500224
1289.444639
1289.513370
1289.524142
1291.360952
1301.501829
1301.868585
1303.825613
1306.519142
1306.563871
1307.452580
1307.476378
1307.492598
1307.582136
1307.597578
1307.946762
1308.614902
1310.122926
1312.545137
1312.578478
1312.727654
1312.921190
1313.019290
1313.071800
1313.452564
1314.157773
1314.175590
1314.240471
1314.338365
1314.401239
1314.989711
1315.113206
1315.462103
1318.765322
1318.773637
1318.837002
1320.082719
1320.517755
1322.532250
1322.939597
1322.967818
1323.099955
1323.570504
1324.665774
1325.371392
1326.203945
1326.294467
1326.430413
1326.465802
1326.559969
1326.587249
1328.521462
1328.903291
1329.938596
1334.194053
1334.628884
1335.115817
1335.646372
1337.941647
1338.071941
1338.091971
1338.199409
1338.590167
1339.127480
1339.145789
1339.163279
1339.176878
1339.189780
1339.313971
1339.327939
1339.449139
1339.624817
1342.019052
1342.453023
1342.923817
1344.728760
1344.838083
1344.888422
1344.980623
1345.537802
1345.793393
1345.811210
1346.025144
1346.205000
1346.298102
1346.723594
1347.204014
1347.234284
1347.407708
1347.512689
1348.632986
1349.718876
1349.823406
1349.945262
1350.145106
1350.163866
1351.150346
1351.515832
1351.690568
1352.092754
1352.387912
1352.866284
1352.882627
1353.392701
1353.508291
1353.530982
1353.706455
1353.771295
1354.072842
1354.076979
1354.223452
1354.878075
1356.084552
1356.169748
1356.198912
1356.253594
1356.573286
1356.839690
1356.862956
1356.891832
1356.992594
1358.335549
1358.404608
1358.613750
1358.840791
1358.868603
1358.974648
1359.498527
1359.537562
1359.842714
1359.972311
1359.991071
1360.080732
1360.159990
1361.284956
1361.796260
1364.182426
1364.814479
1364.970701
1365.001380
1365.123072
1365.178163
1365.186806
1365.197332
1365.273969
1365.309112
1365.620777
1366.073426
1366.878208
1367.279985
1367.559250
1367.914414
1368.061338
1368.129741
1368.184177
1368.245658
1368.315208
1368.376033
1368.455782
1368.524554
1368.721080
1368.875991
1370.091766
1370.292183
1371.724636
1371.884339
1371.932140
1372.025528
1372.273500
1372.294308
1372.404613
1372.440904
1372.475064
1372.557640
1372.576563
1372.586107
1372.786729
1372.861645
1373.251871
1373.387325
1373.501522
1373.615350
1373.660037
1373.893714
1374.035231
1374.180598
1374.198088
1374.235116
1374.307164
1374.442373
1374.574674
1374.578565
1374.598103
1374.650368
1374.756987
1374.761615
1375.314698
1377.292083
1377.352663
1379.308380
1385.352847
1387.387494
1387.833590
1388.037079
1388.196741
1388.528353
1388.599951
1389.697393
1389.733110
1390.630666
1390.827069
1391.161999
1391.269315
1391.735112
1391.831654
1391.866675
1391.872778
1392.623821
1392.656753
1392.699679
1392.948920
1393.830011
1393.918239
1394.415370
1394.502492
1394.541568
1394.774221
1395.680379
1395.730760
1399.373865
1399.448371
1400.204124
1400.297554
1400.311562
1400.317133
1401.057362
1401.087058
1401.120973
1401.150300
1401.234514
1401.760686
1401.968230
1402.014188
1402.429112
1402.447176
1402.481213
1402.729062
1402.885939
1403.437384
1403.977605
1404.308521
1404.395930
1405.131080
1405.998285
1406.047519
1406.154547
1406.228849
1406.461542
1406.654259
1406.692680
1407.597814
1407.920415
1408.186122
1408.701112
1408.785940
1408.997827
1409.299333
1409.317396
1409.326039
1409.359872
1409.432740
1409.441669
1409.546732
1409.552261
1410.728878
1410.754888
1411.608699
1411.940229
1411.977052
1412.086006
1412.121149
1412.213432
1412.425564
1412.714373
1412.737597
1412.775322
1413.753160
1414.040003
1414.956032
1415.086449
1415.123026
1415.134290
1415.332659
1415.769047
1416.041103
1416.215880
1416.922931
1416.983716
1417.280184
1417.591480
1417.640468
1417.753764
1418.013737
1418.089185
1418.361364
1418.679419
1419.100692
1419.482522
1419.649966
1419.903058
1420.320973
1420.360499
1420.854231
1420.872172
1420.896297
1421.454377
1421.521756
1421.705298
1422.469407
1422.525891
1422.649754
1422.691901
1422.761943
1422.939300
1423.080202
1425.111859
1425.305723
1426.228838
1426.324767
1426.779628
1427.956163
1428.061962
1428.705567
1428.832215
1428.862444
1428.915036
1428.922491
1428.980326
1428.989420
1429.731082
1429.964268
1430.184018
1430.210560
1430.405693
1431.843635
1437.621494
1439.507784
1439.617352
1439.761818
1440.731914
1440.770867
1440.775823
1441.120338
1441.195663
1441.620500
1441.763779
1442.127667
1442.528993
1442.977505
1443.207946
1445.340815
1446.591283
1446.658171
1446.925763
1447.254630
1448.133960
1448.252908
1448.339005
1448.847114
1451.827487
1452.115681
1452.200059
1454.324736
1454.355743
1455.686574
1455.773041
1455.923323
1457.446175
1458.118369
1458.164490
1458.266399
1458.974556
1459.380101
1459.546153
1460.569375
1460.999004
1461.681480
1464.894013
1465.214362
1465.575465
1467.477647
1469.880648
1470.324900
1472.719421
1475.677962
1476.009124
1477.595709
1478.767043
1479.223419
1479.686922
1481.560105
1481.835192
1483.012383
1483.766252
1485.940449
1488.182190
1489.952809
1490.194637
1490.472468
1492.516659
1492.673044
1493.311652
1495.878287
1497.321882
1497.468396
1499.128750
1502.551572
1503.615058
1507.702415
1510.379889
1511.356293
1513.322455
1513.346867
1513.437266
1513.465938
1513.858703
1514.619085
1519.468134
1522.569052
1527.949885
1528.886190
1530.148250
1532.165734
1532.802826
1535.762391
1535.774024
1535.892603
1537.877115
1543.855432
1544.457339
1545.052406
1545.274368
1545.552200
1547.312865
1547.319992
1547.334451
1547.701576
1553.414144
1553.595638
1556.202127
1557.176115
1559.938867
1560.599675
1561.863209
1562.060349
1562.866360
1562.874102
1562.891510
1563.032330
1563.045233
1563.091517
1563.139113
1563.150664
1563.204403
1563.344609
1563.580826
1564.740772
1564.984975
1565.209068
1565.520609
1565.722337
1566.444175
1566.524621
1566.649958
1566.665523
1566.850130
1567.311995
1567.503770
1568.654213
1569.330340
1569.600594
1570.006835
1570.390385
1570.859663
1570.948014
1571.207864
1571.911352
1573.178409
1573.219942
1573.235630
1573.296415
1573.443379
1573.959557
1574.324019
1574.395494
1574.535987
1574.554624
1574.704292
1574.708552
1574.750822
1574.756516
1575.365386
1575.372022
1575.464591
1575.629046
1575.634493
1575.787684
1575.799071
1575.888118
1575.905690
1576.199578
1576.266179
1576.392663
1577.360302
1577.759171
1578.838385
1579.375657
1579.414897
1579.707515
1579.843379
1579.851284
1579.933573
1579.977810
1580.019876
1580.025364
1580.768952
1582.146601
1582.259692
1582.576681
1582.606746
1582.691983
1582.744125
1583.086264
1583.307325
1583.633981
1583.734456
1583.806259
1584.014254
1584.241336
1584.759398
1587.429212
1587.501629
1590.033408
1590.966518
1591.081533
1591.416340
1591.451525
1591.991255
1592.236851
1592.870912
1593.734226
1594.282271
1594.373857
1594.460570
1594.881597
1595.520942
1595.780342
1595.793449
1595.965932
1596.520489
1596.618670
1597.090898
1598.551286
1598.629560
1599.694807
1600.704020
1600.710042
1600.738959
1601.252762
1601.322066
1601.662484
1601.683825
1602.123858
1602.957189
1603.334185
1603.347415
1603.501629
1603.774915
1604.807762
1604.931666
1605.220393
1605.364859
1605.927649
1606.990684
1607.404667
1607.476756
1607.554785
1607.597056
1607.653622
1607.732552
1607.976346
1608.087880
1608.130847
1608.173076
1608.449188
1608.501002
1608.623104
1608.855880
1609.058959
1609.923011
1610.032865
1610.375946
1610.555474
1611.708580
1611.727299
1611.760026
1611.780301
1612.338340
1612.371231
1613.311918
1613.810074
1613.834445
1613.849149
1613.892076
1614.323139
1614.385889
1615.169782
1615.287951
1615.608422
1616.064225
1616.081838
1616.089498
1616.107069
1616.134963
1616.237937
1616.264233
1616.442900
1616.660849
1617.146348
1617.151918
1617.249321
1617.507697
1617.652859
1617.664492
1617.687593
1617.731912
1617.905746
1617.935155
1618.217902
1618.223022
1618.243707
1618.315510
1618.627256
1618.635940
1618.810880
1618.826691
1618.855731
1618.895626
1619.400008
1619.478405
1619.494912
1620.033495
1620.997243
1621.142651
1621.181030
1621.195530
1621.534597
1621.748285
1621.755576
1622.274908
1622.349619
1623.404872
1623.628104
1623.714857
1625.374351
1625.449841
1625.497436
1626.114253
1626.134692
1626.520535
1627.559240
1627.575747
1627.593605
1627.613471
1627.875246
1627.975885
1628.296561
1628.314911
1628.476457
1628.510781
1629.107896
1629.113180
1629.575496
1629.682033
1629.773660
1630.036132
1630.509138
1631.690629
1632.275087
1632.325427
1632.420782
1632.503808
1632.526541
1632.630211
1632.840294
1633.143030
1633.165599
1634.256241
1634.736660
1634.756485
1634.987622
1635.007652
1635.039887
1635.134996
1635.145359
1635.989463
1635.997409
1636.155474
1636.328079
1636.687954
1637.104640
1638.198804
1638.369157
1639.756841
1640.194499
1640.423424
1640.553923
1641.239511
1642.226893
1642.391839
1642.415800
1642.585293
1643.474330
1643.495752
1643.519795
1643.523564
1643.527864
1644.078776
1644.631695
1644.636611
1644.657828
1645.587333
1645.709722
1645.908992
1645.942415
1646.899241
1646.935818
1647.512084
1648.298721
1648.366469
1649.187676
1649.199186
1649.561846
1649.796137
1649.952031
1650.009784
1650.095718
1651.838566
1651.847250
1651.855032
1652.777533
1652.883005
1654.018294
1654.256845
1654.270280
1654.334464
1654.423593
1654.430024
1654.489129
1654.502687
1656.822620
1657.462333
1657.896141
1658.176553
1658.214687
1659.728896
1660.458844
1660.544819
1660.663153
1660.702843
1660.796273
1660.872253
1660.905718
1660.912476
1660.924969
1661.059891
1662.334853
1662.411039
1662.698291
1662.792704
1663.906324
1664.113828
1665.736909
1665.995489
1666.038292
1666.220605
1666.235433
1666.627011
1666.658427
1666.719048
1666.846515
1666.855567
1666.862653
1666.898862
1667.070444
1667.228590
1667.423396
1667.492741
1668.060774
1668.361994
1668.845076
1669.512888
1669.793792
1670.634865
1670.664356
1671.314883
1673.142354
1673.180160
1673.337897
1673.993871
1674.076242
1674.181878
1674.517381
1674.609172
1675.240980
1675.385979
1675.394662
1675.753923
1676.255642
1676.693504
1676.736471
1678.463386
1678.510776
1679.908536
1679.972884
1680.105021
1680.428073
1682.129961
1682.226422
1683.452723
1684.958495
1686.296535
1686.444728
1687.916626
1689.198387
1689.740370
1689.804554
1690.334044
1690.606674
1691.974287
1692.000092
1692.022784
1692.528026
1692.923208
1693.375324
1693.634478
1693.904486
1694.736671
1695.635169
1695.747604
1695.847383
1695.890678
1696.108831
1696.114074
1696.383140
1697.140736
1697.456251
1697.658388
1698.029732
1698.051932
1698.209997
1698.288230
1698.794660
1699.083141
1699.495895
1699.601900
1699.899269
1699.960832
1700.030833
1700.091904
1700.150108
1700.181565
1701.068104
1701.585797
1701.659197
1701.674516
1701.689713
1701.723832
1701.758648
1701.841674
1701.997036
1702.136300
1702.667264
1702.883451
1703.578460
1704.995676
1705.045197
1705.100329
1705.122243
1705.846497
1705.910559
1706.295378
1706.316636
1707.048878
1707.273503
1707.295703
1707.548017
1707.620925
1707.930747
1708.252774
1708.352553
1708.468388
1709.958595
1710.365082
1710.643692
1710.656512
1710.681989
1710.693499
1710.819901
1711.431721
1712.078643
1712.548782
1712.621117
1713.236910
1713.525023
1713.724948
1714.701148
1714.757018
1714.819072
1714.860196
1714.868224
1750.740869
1751.034102
1751.041106
1751.059128
1751.695524
1752.979825
1753.160540
1753.673933
1755.886305
1756.760842
1758.297375
1759.925166
1759.963341
1760.025641
1760.423076
1760.597934
1760.839721
1760.929997
1761.153024
1761.162445
1761.190175
1761.213891
1761.225482
1761.278239
1761.459077
1762.994627
1763.043656
1763.150356
1764.438098
1764.932772
1765.373256
1765.788385
1765.864694
1765.943091
1766.598287
1766.926746
1767.199785
1767.392338
1767.440548
1768.571535
1768.983429
1769.291858
1769.383608
1770.314588
1771.472609
1771.528479
1771.744911
1773.559767
1773.759734
1773.884989
1774.280499
1776.469770
1776.523223
1776.853484
1776.998646
1777.022648
1777.499054
1777.514414
1778.972099
1779.669443
1779.771105
1780.091658
1780.290601
1780.334223
1781.198807
1782.449684
1783.939482
1788.035686
1788.084961
1789.744660
1790.255104
1790.564147
1790.787625
1790.789059
1790.801265
1791.018394
1791.267062
1791.324119
1791.630991
1792.266732
1799.017841
1799.680287
1800.072847
1800.306401
1800.576573
1800.627200
1800.980275
1802.696499
1802.929439
1802.987684
1804.006318
1804.279357
1805.022413
1805.692027
1805.937050
1806.020854
1806.102774
1806.282260
1807.179858
1808.638689
1809.268122
1809.410130
1809.410908
1809.485947
1810.348073
1810.732032
1810.773524
1811.594813
1811.789578
1813.869404
1813.993554
1814.152806
1815.569408
1815.725302
1816.073626
1817.254625
1818.063258
1818.199204
1818.314301
1818.370212
1818.888561
1822.093558
1823.923446
1823.967642
1824.411238
1824.526828
1825.587405
1825.738629
1826.353070
1828.725719
1829.671404
1830.073795
1830.267208
1830.394798
1830.764790
1831.909376
1831.934976
1831.965245
1831.976673
1831.982121
1832.057569
1832.109384
1832.330076
1833.600164
1833.751634
1834.457047
1835.987272
1836.914524
1836.920422
1836.931809
1836.947005
1837.001318
1838.204232
1838.344315
1839.020605
1840.236216
1840.945807
1841.305518
1841.487954
1842.018222
1845.936538
1846.745047
1847.128596
1847.906304
1848.008827
1848.057160
1848.850186
1849.284567
1849.298739
1850.978181
1851.578778
1851.630019
1854.066565
1856.510034
1857.244242
1857.337426
1863.635395
1864.347156
1864.722596
1865.106678
1866.829210
1868.556902
1869.570908
1870.464164
1870.747525
1871.726264
1873.121075
1874.441626
1874.567291
1875.827220
1876.341637
1883.061535
1883.114660
1883.487355
1884.050555
1884.127642
1884.144312
1884.725576
1885.443604
1885.674619
1885.751419
1887.817728
1888.622469
1889.168220
1889.211269
1890.389074
1890.592195
1890.957394
1891.003064
1894.001295
1894.540575
1895.588454
1895.629824
1896.268677
1897.331835
1898.865254
1899.947786
1899.989361
1900.086968
1900.105933
1900.213821
1900.531876
1900.543508
1900.548874
1900.562145
1902.521139
1905.186652
1905.378714
1907.497943
1909.172797
1909.776138
1910.405489
1910.963651
1911.187210
1914.072678
1917.117932
1917.300040
1921.352090
1922.293514
1922.421842
1926.139535
1926.419046
1927.147479
1927.440876
1929.060925
1929.073623
1929.155994
1930.243359
1932.714557
1935.837061
1937.038664
1937.170309
1937.737400
1937.863885
1939.147981
1939.158794
1941.223301
1941.904753
1943.811318
1944.466473
1944.937103
1945.075057
1945.236316
1947.316756
1947.323802
1947.620270
1947.908956
1948.026593
1950.436803
1950.851604
1951.248548
1951.389942
1954.169078
1954.509496
1954.818335
1960.025293
1960.396186
1961.622118
1961.638502
1962.603356
1963.514675
1966.280458
1966.386954
1966.457037
1966.509916
1966.573117
1966.588559
1966.711071
1967.681905
1968.749076
1969.799496
1970.071921
1970.711757
1970.758615
1971.344343
1972.005601
1973.275156
1974.311199
1974.824550
1976.799355
1977.169224
1977.603645
1977.684378
1977.772319
1982.192067
1983.292744
1983.619850
1983.843451
1984.330957
1984.417628
1985.529446
1986.732892
1986.933719
1987.004744
1989.474427
1989.626102
1990.109266
1990.356460
1990.395003
1991.196590
1991.412695
1991.681147
1992.463401
1992.543683
1992.821596
1992.835277
1993.227182
1993.366856
1993.680486
1993.940419
1994.807665
1995.007222
1995.732664
1996.318474
1996.472197
1999.422587
1999.683256
1999.723356
2001.781391
2004.050821
2004.524564
2004.536156
2004.594483
2005.313864
2006.403359
2008.504975
2008.748114
2008.774083
2009.099510
2009.455575
2009.515827
2009.544868
2009.686180
2009.716326
2010.378035
2010.935828
2011.746877
2011.824988
2012.475269
2012.645458
2013.762478
2013.891707
2015.740641
2016.372204
2017.038705
2017.350164
2018.450473
2018.673746
2020.767089
2020.786381
2021.192131
2021.806776
2022.094520
2022.111478
2022.152806
2022.159688
2022.362685
2022.372352
2022.391931
2022.465946
2022.509363
2022.583296
2022.647071
2022.743409
2023.572234
2023.647887
2024.152637
2024.449679
2025.243197
2025.831547
2026.305454
2026.717757
2026.737787
2026.779935
2026.800783
2026.976952
2027.133870
2027.556659
2027.886100
2028.306022
2028.347228
2028.619325
2028.696044
2028.771901
2029.006029
2031.392686
2032.018924
2032.568320
2035.839058
2035.938058
2036.517315
2036.579041
2036.587848
2039.129498
2039.149855
2040.200028
2041.294520
2042.315653
2043.824783
2044.995052
2046.108836
2047.517737
2047.991521
2048.388465
2048.848323
2049.374781
2049.927414
2050.056028
2050.101903
2050.113782
2050.235064
2051.033620
2051.049595
2051.341435
2051.552010
2051.704627
2051.841229
2051.937608
2052.509286
2052.969964
2053.533819
2053.732065
2054.018949
2054.099476
2054.134292
2054.158295
2054.175539
2054.206095
2054.738698
2055.085588
2055.691264
2055.733740
2055.741112
2055.775560
2055.964099
2055.984415
2056.104387
2056.124744
2056.189215
2056.276050
2056.309350
2056.341709
2056.366776
2056.378900
2056.454349
2057.442632
2057.965486
2058.410516
2058.887946
2058.950328
2059.345961
2059.367997
2059.516314
2059.564114
2059.645010
2062.164214
2063.122760
2063.317320
2063.514337
2063.987302
2064.379412
2065.035387
2065.296343
2065.400750
2065.474970
2066.038333
2066.493276
2066.696684
2066.882028
2067.215933
2068.550164
2069.869937
2070.602301
2070.738780
2070.815498
2071.835566
2071.866450
2072.616673
2072.630108
2072.648991
2072.938865
2073.146819
2074.028851
2074.988749
2075.072430
2075.092050
2075.292713
2075.398840
2075.590902
2075.616911
2076.417311
2077.190185
2077.277348
2077.338378
2078.233272
2078.294385
2079.273124
2080.112476
2080.121446
2080.125051
2080.132792
2080.155853
2080.277053
2081.028014
2081.390060
2081.401283
2081.423811
2082.520760
2082.671043
2082.764022
2082.821898
2083.028623
2083.237601
2084.594893
2085.124997
2085.380137
2086.013993
2086.055690
2086.447227
2086.493184
2086.639698
2086.708183
2086.811648
2087.282156
2087.492076
2088.351990
2088.812954
2089.530860
2089.548472
2089.916539
2089.935503
2090.423501
2090.454671
2090.518077
2091.019428
2092.435456
2093.210788
2093.386998
2093.904241
2093.998203
2094.687642
2095.393833
2095.422095
2095.439585
2095.650570
2096.157655
2096.376136
2096.626811
2096.806953
2097.429709
2097.456374
2098.450801
2098.468045
2098.950185
2098.960630
2099.075523
2100.561961
2100.728504
2100.734566
2100.994335
2101.269217
2101.353185
2101.468037
2101.646090
2101.691965
2103.502111
2103.620198
2103.780721
2104.707973
2104.725627
2105.333637
2106.062848
2106.429235
2106.472817
2107.158405
2107.831706
2109.941432
2110.174945
2110.456340
2110.802739
2111.041249
2113.238671
2114.765865
2115.208192
2115.866460
2119.986749
2120.011489
2120.114586
2121.791078
2122.284442
2122.842522
2125.474202
2125.661512
2125.821256
2131.027804
2132.072243
2134.399181
2134.530990
2134.591939
2134.759137
2135.583621
2137.873695
2141.691372
2142.241997
2143.375196
2143.721431
2144.300483
2148.786586
2150.521569
2150.824673
2150.919496
2151.664804
2151.781704
2154.467123
2156.462121
2156.584796
2158.230159
2158.449295
2160.971284
2163.123978
2163.697418
2168.172790
2172.165284
2174.347674
2178.826240
2181.253120
2181.279990
2181.500355
2185.394463
2189.017047
2190.074388
2190.095073
2191.084667
2191.091425
2192.023265
2195.033743
2199.536108
2203.001283
2209.436262
2212.740997
2213.694054
2214.485565
2217.890570
2218.242990
2218.255729
2218.440172
2219.793203
2220.480635
2224.654090
2230.875095
2230.936822
2235.764204
2242.201928
2245.535826
2245.774008
2246.425969
2246.835364
2250.220995
2250.400276
2254.103224
2254.186947
2256.495739
2256.886620
2262.505595
2262.855885
2264.941568
2265.067479
2269.162209
2274.005688
2277.462221
2282.858988
2283.371684
2283.445494
2287.874212
2287.953633
2289.390223
2289.667400
2293.810504
2295.572234
2297.699779
2298.540032
2299.310858
2299.340800
2302.970020
2309.716705
2309.725020
2309.789655
2309.808538
2309.904220
2315.360338
2315.669504
2318.987674
2321.019986
2322.187633
2325.292360
2325.576172
2328.429937
2328.913101
2329.245573
2329.866240
2329.919037
2330.028810
2332.242698
2333.645005
2333.773455
2333.845955
2333.855334
2333.889659
2334.186086
2335.745024
2336.550789
2336.566231
2337.881580
2339.071713
2368.090972
2368.911565
2369.332879
2369.389527
2369.478205
2373.223383
2375.370711
2375.425024
2375.510548
2376.656609
2381.924803
2387.288801
2387.687137
2387.975250
2388.555981
2389.121270
2389.246648
2391.142932
2391.883571
2391.924941
2392.179794
2392.650834
2392.712151
2396.885565
2397.638820
2397.685228
2400.906609
2401.084170
2402.942280
2402.999050
2403.266437
2403.363758
2403.665920
2403.943547
2404.046725
2404.174766
2404.423270
2404.512154
2406.338642
2407.454597
2408.920883
2409.115525
2409.197937
2410.274120
2410.926694
2411.197112
2411.716076
2411.917148
2414.115389
2415.750431
2417.610056
2417.633812
2417.642742
2419.020759
2421.792850
2422.318735
2422.501089
2423.426867
2426.784727
2426.867753
2426.931487
2427.290255
2427.771945
2427.838382
2427.849359
2428.942172
2429.973504
2434.836070
2435.571958
2436.641587
2436.805468
2437.332091
2437.710152
2441.775350
2442.232750
2442.598441
2444.180603
2444.859310
2446.299587
2449.417298
2452.014572
2452.967260
2455.957422
2456.853832
2456.951194
2456.960819
2456.990925
2457.443574
2458.833715
2459.109171
2463.839027
2468.534559
2469.086863
2469.764710
2488.896225
2492.068250
2492.338913
2498.065981
2498.572861
2499.047916
2500.064420
2501.999165
2502.037709
2502.659318
2502.869975
2503.500923
2504.192492
2504.965243
2505.610158
2507.861893
2508.085289
2508.925420
2510.917059
2528.862945
2536.137687
2544.264970
2550.606111
2550.960701
2557.047808
2565.160018
2568.132280
2572.501238
2579.238994
2593.864622
2599.097467
2609.266360
2609.663468
2610.652078
2611.446579
2612.368794
2616.655872
2618.444063
2639.288115
2642.320343
2643.744440
2653.629645
2657.059553
2668.349972
2668.476580
2676.178166
2681.608929
2681.938616
2683.468923
2697.467945
2709.367849
2714.208870
2714.650337
2718.875935
2719.602893
2720.716186
2727.998915
2734.556078
2748.499313
2753.546199
2779.403756
2779.475517
2780.692849
2789.580923
2790.680535
2791.171523
2791.516283
2791.716782
2791.794483
2796.826747
2798.611415
2800.237158
2802.738831
2813.341450
2813.742817
2824.201830
2824.907899
2829.012132
2829.285663
2829.707100
2831.884165
2834.661540
2842.836132
2850.131763
2853.117215
2863.133778
2866.710282
2870.612623
2875.695923
2883.375759
2883.849011
2887.769211
2894.554030
2901.998715
2904.428052
2905.020826
2908.800246
2910.206976
2913.968620
2919.213793
2920.184340
2920.907244
2924.984566
2925.528556
2925.593108
2931.280364
2943.008604
2943.955763
2947.554673
2952.810988
2954.330931
2955.493868
2957.314417
2957.679616
