65.860403
66.094612
68.928430
73.647227
73.703014
73.721692
73.741763
73.834209
74.063217
74.089882
95.860490
96.658801
101.070479
102.159196
102.211953
104.765481
116.625736
121.830810
127.642993
128.118743
131.212861
133.068390
137.897738
137.950044
137.984696
138.336993
138.370744
138.431611
138.963886
140.156273
144.150036
148.334551
162.060124
164.217487
177.036739
181.489500
188.035564
196.994376
202.161562
202.886513
207.149752
234.121216
235.407565
236.436357
242.215158
243.450184
247.026729
254.836449
267.959255
273.142374
281.094390
282.143867
283.454013
286.734418
295.167017
300.455895
316.039045
316.546744
324.146381
330.912891
331.856241
345.491415
346.544415
351.360573
359.733494
360.425513
362.353132
370.308301
394.351493
400.118907
408.228495
411.138949
412.948193
417.931387
449.533706
462.427914
465.479639
465.491313
465.537638
465.557422
465.579213
465.682432
465.863680
468.524564
468.540498
469.218386
469.700280
476.313190
476.322652
477.516472
478.822973
479.041044
479.256617
479.273861
479.280865
479.309414
479.339069
479.738225
479.755592
479.805235
479.816622
480.328458
480.336118
480.394732
480.424960
480.432701
480.470098
480.504627
480.547840
480.771359
481.024737
482.250138
482.711265
483.507077
483.623649
483.740426
483.874570
484.307968
484.647977
484.853105
485.720719
486.264627
486.387876
486.397420
490.425958
495.056732
496.231342
496.280207
496.365732
497.254932
497.364787
497.556890
499.692012
501.213921
503.495967
505.897492
506.419978
507.253678
508.432097
523.471831
530.162975
530.184356
534.575718
540.905882
541.023519
541.773332
542.521836
564.422410
570.782147
584.837161
587.958108
598.912205
599.708140
606.619320
606.628291
606.780703
606.808883
606.924472
606.951752
607.202304
607.762432
607.835136
608.192061
608.409641
612.786012
613.074821
613.165916
621.965640
642.734981
693.175132
694.231491
695.647887
695.736484
696.895898
699.339407
699.350098
699.579679
699.635384
701.261537
701.434143
701.756948
702.821171
703.309251
703.815270
704.145572
704.251290
704.665231
705.366712
706.525143
706.681037
707.546276
708.257300
708.837458
712.329626
713.569567
714.179011
715.163976
715.467489
719.046738
719.546696
720.222863
724.824269
725.167432
732.141937
733.820600
733.919068
735.282135
735.292252
738.547794
738.775450
739.719250
742.725140
743.367680
745.491620
745.941811
748.070994
751.939543
752.089088
752.438313
752.475300
757.143265
762.562191
768.452116
778.134856
782.299668
785.217905
788.048077
795.794514
805.541683
811.226931
813.626122
816.087818
816.610509
816.844063
818.199429
820.528210
822.429204
823.164846
823.363297
826.906747
829.633004
829.703987
830.424392
837.515878
838.488556
838.822216
839.068918
842.536264
855.984824
858.439188
860.067594
860.670689
860.888146
861.934182
862.464410
867.005317
868.202824
872.660091
873.146368
874.618839
875.965604
879.114117
881.804370
899.805102
908.605481
908.958638
909.964124
910.926807
911.157658
911.282954
912.281969
913.082245
913.357414
913.640694
914.776637
916.409508
917.408604
917.440553
917.598904
917.671813
917.936742
918.885622
919.381197
920.553554
921.477161
921.514107
921.531597
921.648210
921.710223
921.883279
922.449879
926.789714
927.685468
932.000563
933.136916
933.531730
934.288466
934.309888
936.336630
937.288827
943.463588
944.366305
946.400993
946.476646
947.709993
948.116234
948.972380
950.711828
951.802429
952.435139
952.692408
953.343304
953.689866
954.704282
957.924106
958.116741
958.190387
958.203822
959.587656
959.727206
960.133571
960.493527
961.759150
962.015969
962.670879
963.126477
963.142656
963.154452
963.193405
963.214049
964.006298
964.081664
965.027799
965.184758
966.014607
966.805053
966.847816
966.981919
968.658780
969.081651
969.496740
969.599672
970.139976
970.823721
971.831296
971.913462
972.417065
972.432466
972.781404
973.028925
973.448438
973.807493
974.466458
974.716682
975.001027
975.198659
975.642051
975.726141
975.825265
975.900508
976.055214
976.066765
976.077332
976.085402
976.104202
976.111206
976.120300
976.128655
976.176988
976.189481
976.199434
976.242934
976.282255
976.289178
976.374252
976.781271
976.881787
977.753620
977.789624
977.805107
978.030756
978.092401
978.574582
978.892104
980.024402
980.089242
980.227236
981.812101
981.904425
981.935309
982.060483
982.801777
982.826639
982.846546
982.969631
983.175496
983.286784
983.634985
983.668449
983.697777
983.794606
983.890739
984.035246
984.221204
984.513987
984.729477
984.753603
984.793825
984.806482
984.829706
985.308529
985.991946
986.186916
986.276782
986.483261
986.630799
986.837975
987.197030
988.361933
988.442296
988.462899
988.767437
989.430456
989.546004
989.915136
991.166587
991.800566
992.986153
994.531000
994.550047
994.592031
994.628854
994.723676
994.733179
994.772705
995.006587
995.052380
995.146752
995.578388
995.659735
995.818824
995.929702
996.112220
996.178248
997.021778
997.076869
997.415158
997.438095
997.461729
997.468611
997.531361
997.549138
998.012232
998.050652
998.555034
998.678405
998.907290
999.085220
999.778345
999.868457
1000.392868
1000.614830
1000.997806
1001.230950
1001.391227
1002.096476
1002.404372
1003.216609
1003.643167
1003.802173
1003.824046
1004.264489
1004.276982
1004.417475
1004.548342
1004.645048
1005.892526
1005.910508
1006.109000
1006.132593
1006.829486
1007.188255
1007.402189
1007.642337
1008.195502
1008.763863
1008.835052
1009.273897
1009.889649
1009.968087
1010.157937
1011.872276
1012.850934
1012.886528
1013.148754
1013.163622
1013.194793
1013.211382
1013.219574
1013.653012
1013.722112
1013.845893
1013.887959
1013.984174
1014.148424
1014.168945
1014.200893
1014.472376
1014.766019
1014.975119
1015.067771
1015.453245
1015.753810
1015.905526
1016.497234
1017.313608
1017.679258
1018.278134
1019.288986
1019.481539
1019.572756
1019.660001
1019.821138
1019.945001
1020.546253
1020.630671
1020.837519
1021.325271
1021.380977
1021.496934
1021.609042
1021.663355
1021.859308
1021.969326
1022.162002
1022.196285
1022.764032
1022.815355
1022.894244
1022.957404
1023.020401
1023.298765
1023.469322
1023.553495
1023.573115
1023.846564
1023.862415
1023.873925
1024.017572
1024.091791
1024.516792
1024.532357
1024.638280
1024.727982
1025.069670
1025.110958
1025.735639
1025.754767
1025.766072
1025.814856
1025.971732
1025.989755
1026.028708
1026.045706
1026.089001
1026.220605
1026.239570
1026.279670
1026.833654
1026.929009
1026.982707
1027.092808
1027.733996
1027.770982
1028.168663
1028.271923
1028.302316
1028.534886
1028.575109
1028.726456
1028.965294
1029.418148
1029.437563
1029.595914
1029.659034
1029.789450
1029.856215
1029.876285
1030.445138
1030.543811
1030.560399
1030.569492
1030.797763
1031.090545
1031.291863
1031.365837
1031.414866
1031.436534
1031.450911
1031.533486
1031.596687
1031.967990
1032.039956
1032.185160
1032.409620
1032.750367
1033.099182
1033.194455
1033.505956
1033.975398
1034.061701
1034.261340
1034.418463
1034.430382
1034.490470
1034.551665
1034.609213
1034.848543
1035.635466
1036.328018
1036.515000
1036.687155
1036.883927
1037.020856
1037.759160
1037.777633
1038.044652
1038.196490
1038.330102
1038.589092
1038.836204
1038.910054
1039.039201
1039.431393
1041.134469
1043.925484
1043.947151
1043.953091
1044.060242
1044.079657
1044.235837
1044.367360
1044.595507
1044.838441
1046.459761
1046.477947
1046.493839
1046.579200
1046.613647
1046.678364
1046.718054
1046.779003
1049.122202
1049.412772
1052.667412
1053.346857
1059.953910
1059.965829
1062.215926
1064.923750
1065.020785
1067.160945
1068.987720
1070.245724
1070.603264
1071.269315
1071.316091
1072.002171
1072.423199
1072.437166
1072.522936
1072.639795
1072.769802
1073.002373
1073.088389
1073.507820
1073.520845
1073.562460
1073.665925
1073.713725
1073.920369
1074.010030
1074.154373
1074.166497
1074.498560
1074.648187
1074.780979
1074.882109
1075.183739
1075.238380
1075.275121
1075.751485
1076.937687
1077.246362
1077.924495
1078.087270
1078.288220
1079.504814
1080.362680
1081.591603
1083.060920
1084.795986
1085.800325
1085.952328
1086.111375
1086.272635
1086.387773
1086.457692
1086.476943
1086.997422
1087.131361
1087.229010
1087.326659
1087.612273
1087.744205
1087.900344
1088.077824
1088.756736
1090.350121
1090.372485
1090.614968
1090.628649
1090.648637
1090.815672
1090.998927
1091.067986
1091.298918
1091.721175
1091.936010
1092.863468
1092.951368
1093.415485
1093.921792
1094.432154
1094.544916
1094.867436
1095.008707
1095.294853
1095.497236
1095.644938
1097.077432
1097.963028
1099.644682
1101.206651
1101.680271
1108.698931
1108.884808
1114.415473
1114.586890
1114.915799
1115.033354
1128.185160
1130.132644
1131.257242
1134.195302
1137.268531
1137.432904
1138.455060
1143.918387
1146.937385
1147.103887
1148.676301
1150.045716
1151.604408
1151.962194
1153.176576
1153.285939
1158.294200
1158.648136
1159.062364
1162.723574
1164.429189
1165.252362
1165.735526
1165.841818
1166.263869
1166.319493
1166.354104
1166.795448
1166.812897
1167.330222
1167.839764
1167.891866
1171.328041
1171.389112
1176.890655
1179.349238
1179.665367
1180.686664
1180.741263
1181.510861
1181.543588
1181.695508
1183.208489
1183.462564
1183.817196
1183.836774
1185.376215
1185.414185
1185.480950
1185.722573
1186.395136
1186.582036
1190.709944
1193.671434
1202.076959
1202.641879
1204.910080
1205.974589
1213.845463
1215.352504
1220.700856
1223.186268
1225.814835
1227.909489
1228.303442
1229.478257
1230.698906
1233.042186
1236.325704
1237.182792
1238.368133
1239.471759
1242.128384
1242.321551
1243.158282
1243.303526
1244.554445
1247.219548
1247.678587
1247.761244
1249.411400
1250.218025
1252.153754
1254.857441
1258.890813
1262.079304
1262.945894
1268.658831
1268.897137
1268.983194
1270.916465
1274.369556
1278.721679
1280.226468
1280.255713
1280.329441
1281.277460
1282.945147
1286.555689
1294.691860
1295.346770
1295.367660
1295.768371
1297.704673
1297.754685
1297.832796
1297.851843
1299.158876
1301.293056
1308.395889
1312.217989
1316.541071
1316.961567
1318.344909
1318.438380
1319.675658
1320.346624
1320.378900
1320.447017
1320.480236
1320.499651
1320.527831
1320.543437
1320.562975
1321.290138
1321.309757
1321.721815
1322.659144
1322.739712
1323.164262
1323.266990
1323.927552
1325.898711
1326.364140
1326.531502
1329.192509
1330.349711
1334.932726
1337.965568
1338.951516
1339.010867
1340.738765
1340.874957
1343.375729
1343.682191
1344.999793
1345.404764
1346.123121
1346.340782
1346.470093
1346.637906
1346.854994
1348.360069
1352.929853
1353.527255
1356.521185
1356.884910
1357.342843
1357.426647
1357.585859
1357.729341
1359.001682
1359.208325
1359.587533
1359.868355
1360.384000
1360.557793
1360.584909
1360.703488
1360.912138
1360.953713
1361.578885
1362.379366
1363.490529
1363.706143
1364.038492
1364.356219
1364.475372
1364.921795
1365.540045
1365.818860
1366.272901
1366.350725
1366.697574
1366.970737
1367.380296
1368.182989
1368.401265
1368.815493
1369.465569
1370.668769
1370.701046
1370.730865
1374.314291
1379.430687
1380.485120
1382.838395
1383.679386
1383.797637
1384.320614
1384.847032
1384.969626
1384.971305
1384.980808
1385.013166
1386.336952
1386.807951
1388.095898
1388.682240
1389.212344
1389.669294
1389.672325
1390.472274
1393.465836
1394.115994
1394.773443
1395.274588
1396.924088
1397.227110
1399.229604
1400.176148
1402.644111
1403.121254
1403.281818
1406.617559
1406.624891
1407.470019
1407.542804
1407.557714
1407.615222
1407.809618
1407.860572
1407.928893
1408.008724
1408.194396
1408.426844
1408.442409
1408.492708
1408.723272
1409.270989
1409.427743
1409.527112
1409.582653
1409.639219
1409.786348
1409.838080
1409.856799
1410.222858
1410.646303
1410.966118
1411.333407
1411.616891
1411.795436
1412.623852
1412.722237
1412.778271
1412.848271
1413.558108
1414.513377
1415.136584
1415.148790
1415.171645
1415.640515
1416.268882
1417.313894
1417.905316
1418.181181
1418.636370
1418.821878
1419.484815
1419.522130
1419.539702
1419.612652
1419.737334
1419.765105
1419.781366
1419.795087
1419.974001
1420.112814
1420.175811
1420.228690
1420.242043
1420.409938
1420.583526
1420.672819
1420.865004
1421.547643
1421.807534
1421.877002
1422.233108
1422.625341
1423.202099
1423.373967
1423.393833
1425.093181
1425.255752
1425.565737
1427.044188
1427.164570
1427.314074
1427.447808
1429.154365
1429.386035
1429.846139
1430.367642
1431.653827
1432.853750
1433.340109
1433.486950
1434.436362
1438.498079
1442.557788
1443.270001
1443.302154
1444.585062
1445.028004
1446.031647
1447.745823
1449.703219
1455.566766
1455.613993
1459.703726
1459.977708
1460.506624
1461.936374
1463.065149
1464.626135
1465.617613
1467.926241
1469.164626
1469.297213
1469.492142
1470.766449
1470.787666
1477.539226
1481.067438
1481.780142
1483.908833
1486.355046
1486.810644
1487.107891
1487.127962
1487.684608
1488.593265
1493.648876
1494.968893
1497.308365
1497.672868
1497.855508
1501.580698
1501.631283
1501.892076
1502.778696
1503.614525
1504.318996
1504.344474
1504.431350
1504.533873
1505.319444
1505.343652
1512.555192
1515.243028
1518.868972
1519.532810
1519.581594
1523.716424
1525.242921
1527.714202
1530.196910
1559.613645
1560.104387
1562.530570
1567.782871
1568.188867
1569.929994
1596.766003
1619.010519
1621.009408
1625.097257
1626.468229
1628.412805
1629.535437
1629.566689
1629.761905
1631.000863
1631.206359
1631.429755
1631.458140
1631.681004
1632.314573
1637.965210
1638.345564
1639.335363
1639.352279
1639.560724
1639.563551
1641.179832
1643.211776
1645.778371
1646.159872
1649.792164
1657.730089
1660.053258
1660.140626
1675.485553
1683.841516
1692.136202
1695.478497
1698.419016
1705.515827
1705.517629
1708.323430
1712.235315
1716.312064
1718.080512
1721.996001
1728.967762
1729.032192
1729.383506
1730.436628
1730.873139
1733.798748
1734.033981
1734.322053
1739.794883
1741.625303
1742.421934
1743.500452
1743.522652
1743.972024
1745.685422
1745.909105
1747.406602
1749.416387
1749.665997
1750.176891
1750.228746
1753.612329
1753.636004
1753.643786
1753.665864
1753.673359
1753.679462
1753.775145
1753.808896
1753.818112
1753.858130
1753.955656
1753.973801
1753.982648
1754.036142
1754.079683
1754.104996
1754.136207
1754.185687
1754.257162
1754.268508
1754.413220
1754.444636
1754.571039
1754.592502
1754.608599
1754.619658
1754.649477
1754.679788
1754.856899
1754.916864
1755.008778
1755.031962
1755.071078
1755.151892
1755.499848
1755.556454
1755.569029
1755.604460
1755.720376
1755.731886
1755.779564
1755.813560
1756.037038
1756.191171
1756.230164
1756.244582
1756.461138
1756.671468
1756.898796
1757.254246
1757.288243
1757.570744
1757.659628
1758.133862
1758.260879
1758.367293
1758.626980
1758.796186
1758.999552
1759.227085
1759.407473
1759.751291
1760.270090
1760.684073
1760.933888
1761.065042
1761.293066
1761.447240
1761.868104
1762.241413
1762.307727
1762.700083
1762.961449
1763.037430
1763.263324
1763.501015
1763.979960
1764.184596
1764.541972
1764.716012
1765.231124
1765.431624
1765.625324
1765.699625
1766.250578
1766.887383
1767.166607
1767.714857
1767.818486
1767.988838
1768.277156
1768.365425
1769.430221
1772.202967
1772.852511
1773.139313
1773.575946
1773.767270
1774.555095
1774.730813
1774.842388
1775.148892
1776.946381
1777.879040
1778.070569
1781.372764
1785.672212
1786.040730
1786.376274
1786.527744
1787.317166
1787.539948
1790.484562
1793.652285
1794.415288
1795.191644
1795.257508
1798.657638
1799.300547
1803.778662
1804.398469
1807.018762
1807.055094
1807.757025
1809.692836
1810.342093
1811.629670
1812.702372
1813.253530
1813.411430
1813.573837
1813.585428
1813.947351
1817.248440
1817.515622
1817.684828
1817.891062
1817.926410
1818.780099
1818.841252
1819.320934
1819.551867
1819.756175
1820.238602
1820.295987
1820.396749
1820.619571
1821.312819
1821.381386
1822.025564
1822.175969
1822.230200
1822.501315
1822.925169
1822.949335
1823.072788
1823.898542
1823.998034
1824.302408
1825.344922
1825.760502
1825.789092
1826.234696
1827.291341
1827.463823
1827.663053
1827.905290
1827.957678
1828.096819
1828.316119
1828.624302
1829.372846
1829.707817
1830.009119
1830.099272
1830.139208
1840.081756
1840.667607
1843.109765
1848.777851
1850.697523
1861.690696
1866.377544
1867.986493
1872.008602
1880.152760
1885.839565
1890.750013
1895.017882
1901.082993
1901.659832
1903.093064
1911.525048
1911.816684
1912.133755
1912.791941
1914.135142
1915.586232
1918.001644
1923.894477
1925.043610
1925.760942
1927.606723
1928.100291
1931.672044
1933.359063
1936.060826
1946.288538
1946.401956
1946.870579
1947.307049
1950.827971
1955.616072
1979.747697
1994.640015
1996.394250
1999.524413
2033.249034
2040.278958
2040.709161
2081.539891
2099.856876
2102.308045
2102.777815
2102.922240
2103.521772
2103.618847
2104.544666
2105.560596
2106.943242
2107.112858
2110.286356
2112.977879
2113.526252
2116.573143
2124.078531
2125.272064
2125.282386
2127.175025
2127.439012
2130.168422
2132.691804
2135.048356
2135.515013
2135.846134
2136.814592
2142.336655
2144.723517
2147.296256
2147.312026
2147.842540
2148.208804
2151.235092
2151.390044
2153.424404
2153.618391
