181.612093
183.063020
183.880581
186.135183
186.153288
186.207601
186.472489
186.480558
186.495754
186.517832
186.585702
186.798981
186.979820
187.057562
187.203871
187.259945
187.683062
187.969618
188.476375
188.599296
188.657541
188.720374
188.765430
189.094461
189.370900
189.463675
189.625016
189.695631
191.056732
191.084585
191.138324
191.343329
191.445279
191.627141
193.050911
193.172726
193.679811
193.899725
194.194227
194.367980
194.386371
194.727895
194.766397
195.088876
195.517972
195.761848
196.711465
196.833116
198.785884
198.962217
199.268147
201.486500
202.011238
202.163323
202.353254
203.253309
204.080660
204.182569
205.426237
205.469000
205.670646
206.075167
206.248387
206.662042
206.934467
209.240556
209.743749
210.732483
210.902508
211.185582
211.592888
211.602964
211.654697
212.136509
212.739154
212.811039
212.990812
213.420933
213.914337
213.990277
214.348308
214.424494
214.657147
214.682829
216.521810
217.194373
217.271337
217.289073
217.728451
217.887744
217.922028
218.497434
219.033887
219.064812
219.106181
219.146609
219.188060
219.262321
219.512095
219.623506
219.805819
219.855217
219.918991
219.973059
220.086518
220.249580
220.519875
220.520899
221.398999
221.873603
221.983498
222.107484
222.480753
222.537155
222.754488
223.380726
223.615345
223.733801
224.125911
224.267960
224.779100
225.003479
225.145938
225.322639
225.454203
225.555374
225.687265
225.772421
225.814364
225.965261
226.014659
226.142044
226.599076
226.638111
226.914836
226.963620
227.678126
227.747676
227.848847
227.950920
228.469268
228.843889
228.882473
228.932116
229.079859
229.220188
229.484216
229.665997
230.449521
231.964508
232.325898
232.351048
232.371323
233.255240
234.562232
234.598441
236.539085
236.556698
237.007299
237.713080
238.546452
238.870118
239.754650
239.778775
240.005161
240.010240
240.191529
240.199639
240.682516
241.418281
242.231665
242.434253
242.721014
243.178332
243.196396
243.407954
243.671491
244.437115
245.315174
246.319759
246.582026
246.724035
246.739886
246.772490
247.747215
247.808901
248.092549
248.383898
248.768307
249.021563
249.160417
249.193103
249.562440
249.725420
250.084147
250.198589
250.366157
250.398720
250.404659
251.296522
252.149146
252.224840
252.363203
253.987963
254.672978
254.812078
255.542108
255.623619
255.669576
255.829238
258.091868
258.623857
259.719823
260.720435
260.781138
260.870513
261.334917
261.514650
261.863055
262.124954
262.877143
263.213261
263.280599
263.813652
263.904051
264.505549
264.607703
264.764662
266.101801
266.928251
267.014472
267.272765
268.514468
268.825068
269.099827
269.108101
271.094866
271.176991
271.192556
271.922831
271.931474
272.095150
273.168343
273.231749
273.597276
274.019738
274.152448
274.526372
274.540667
276.006011
277.210194
277.479506
277.539799
277.739192
277.779374
277.796168
278.306898
278.607708
278.698557
279.054909
279.216660
279.472701
280.805294
280.998789
281.390162
282.471834
282.707272
283.085783
284.757934
284.991775
285.337518
285.914276
286.394040
286.525850
288.481321
288.588964
289.877893
290.120049
290.389197
290.756526
290.866995
291.190129
291.301540
291.459359
292.242514
292.552335
295.034184
295.171645
295.407780
296.220180
296.965775
296.985068
297.303532
297.462743
298.326508
298.753966
299.797996
299.822162
299.887165
299.892818
300.197765
300.273705
300.686664
300.833300
300.890685
300.913091
300.941763
301.880607
302.180188
302.301061
302.363156
302.768579
303.326781
303.429755
305.240310
305.675919
306.465874
307.031450
308.830044
308.896317
309.206303
310.008955
310.460416
310.719816
311.373414
311.619625
313.482486
313.685811
315.018035
315.392614
316.604621
316.719882
317.087662
317.365780
317.420831
317.426237
317.660119
319.523553
321.735352
322.092646
322.110218
322.214584
322.732360
323.167478
323.949814
324.533494
325.423841
326.606152
327.805952
328.585093
329.472246
329.799598
330.706248
330.876027
331.071242
331.179377
332.046828
332.306350
332.373074
332.524626
332.538429
332.541092
333.444055
333.780378
334.929183
335.526830
335.533302
335.648768
336.048988
336.295076
336.494264
336.509174
336.544236
336.592036
336.722657
336.780780
336.877076
336.899113
336.963502
337.025679
337.148764
337.358234
338.048082
338.358190
338.934374
339.520922
339.878543
339.914179
339.965133
340.104397
341.218304
341.381243
341.492572
341.602058
342.205727
342.794609
342.864200
343.176356
344.522056
344.526602
344.569856
344.708792
345.151078
346.359726
346.615890
347.087094
347.230863
348.045189
348.163277
348.206203
349.063741
349.329818
349.669253
349.805527
349.892362
350.610309
350.613955
350.844559
351.109284
351.431762
351.450522
351.676293
352.330916
352.342385
352.551281
353.102316
353.182802
354.229617
354.281800
354.397307
354.812846
355.012608
355.361382
355.947356
356.635525
357.295145
357.757501
359.303168
359.488512
360.102789
360.726938
361.194496
361.217679
361.320366
361.794478
362.324951
362.775101
362.870497
362.983670
363.840758
364.387205
364.990792
365.085778
365.151232
365.301637
365.342597
365.497180
365.939057
366.083891
366.513234
366.582497
367.082496
367.315517
367.991316
368.147005
368.978985
369.655726
369.825219
370.597069
370.710200
371.285770
371.459031
371.667681
372.256850
373.640233
373.766922
373.817262
375.311565
375.573955
375.738941
376.426783
376.460820
377.202074
377.330770
377.648456
377.992888
378.271826
378.570301
378.667090
379.976212
380.453806
380.550554
380.622397
380.694692
380.830679
381.149430
381.200302
381.315645
382.024745
382.103757
382.218609
383.191859
383.456543
383.591014
383.771566
383.776195
383.790531
384.108216
384.591176
385.104978
385.324974
385.821942
386.858148
387.227279
387.738092
388.407419
388.439368
388.735672
390.020137
390.208963
390.288957
390.374769
390.564127
391.777894
392.708219
393.028608
393.364234
393.533030
393.801236
394.499686
394.503086
395.425464
395.927470
396.227502
396.467855
397.086925
397.244826
397.506109
397.906821
398.443028
398.720696
399.730278
400.011551
400.245514
400.606372
401.068933
401.277952
401.478042
401.500938
401.594491
401.877238
402.401853
402.659451
403.884237
404.277494
404.336886
404.716462
405.293056
405.400371
405.807063
405.873664
406.000886
407.136092
407.548027
407.884022
408.197939
408.312218
408.565842
408.797348
408.899912
409.244221
410.954916
411.455693
411.525366
412.777390
412.894249
412.942991
413.125509
413.232865
413.248020
413.251707
413.763789
414.718157
414.934262
415.046574
415.091261
416.572252
416.891085
416.994386
417.434747
417.561149
418.118779
418.555822
418.565038
419.247514
419.345572
419.548160
419.999334
420.607590
420.668867
421.972828
422.858670
423.758848
424.076493
424.710881
424.975155
427.058504
427.403510
427.612692
427.869266
428.577260
428.659220
428.817572
428.942172
429.028966
429.381632
429.570785
430.002381
430.087823
430.347633
430.620140
430.781563
431.518556
432.134103
432.665108
433.051812
433.314980
433.384366
433.844593
433.856594
434.115666
434.150031
435.048489
435.843031
436.500521
436.600914
436.845445
436.979548
438.467215
438.743736
439.115244
439.277814
439.677993
439.805788
440.191468
440.305787
440.868372
440.912527
441.323192
441.638994
442.093036
443.530650
443.643576
444.031017
444.103516
444.314378
445.025034
445.215130
446.281564
446.920991
446.948966
447.096218
447.625175
447.930696
448.035553
448.120545
448.320389
449.071677
449.462313
450.624389
451.239158
451.471852
451.834880
452.684104
454.331269
454.646170
455.084483
455.573545
455.894385
455.945216
456.673935
457.345638
458.144973
458.212147
458.540810
459.218493
459.426488
459.615805
459.949670
460.251628
460.302459
460.818678
461.308068
461.627597
462.928773
463.303885
463.427625
463.467110
464.176128
466.429338
466.506629
466.738995
466.847048
467.235308
467.876127
467.978568
468.077937
468.325253
468.966932
469.333893
469.497733
469.594481
470.942269
471.020134
471.161160
471.358874
471.367148
471.394591
472.220672
472.244593
473.346703
473.367020
473.516524
473.677701
476.237660
476.502385
476.857467
477.363487
477.499351
478.138982
478.415503
478.919229
479.197225
479.441060
479.830835
480.824566
481.077780
481.145283
481.184481
481.380884
481.408205
482.195046
482.297037
482.522604
482.665062
482.676081
483.519693
484.191601
484.677878
485.452923
485.795144
485.860680
486.148997
486.180946
486.247178
487.407903
487.726244
487.744512
487.848878
488.043520
488.407613
489.018860
489.914245
491.358372
492.260844
493.207060
493.251871
493.575905
493.637550
494.737449
494.840218
495.639880
495.819039
496.050135
496.154952
496.369910
496.875971
497.763533
497.887273
499.149251
499.229655
499.374572
499.606651
499.622871
499.652567
499.767583
499.988152
500.286669
500.699095
501.459681
501.645353
502.247219
502.558351
503.680778
504.355717
504.390410
504.669225
505.270723
505.450209
506.353132
506.591683
506.758349
507.771044
508.073165
508.810117
510.233723
511.039775
511.098020
511.524250
511.619400
511.757967
511.772099
512.291389
512.358482
512.627057
513.269268
514.294743
515.193815
515.661169
515.820708
515.882107
516.054671
516.297728
516.369121
517.868134
517.975327
517.979095
518.460539
518.595461
519.374725
519.495434
519.564902
519.628063
519.688806
520.149893
520.715223
520.814879
521.915924
521.961349
522.232340
522.954138
523.235656
523.262157
523.359642
524.047524
524.804096
525.120799
526.033469
526.333133
526.373274
526.430290
527.031050
527.311708
527.507866
528.488161
529.105265
529.506386
529.833411
530.036081
530.870968
531.225969
531.453624
531.934618
532.910653
533.075968
533.493514
534.231695
534.492119
534.589932
535.020257
535.410852
535.904502
536.074854
536.276623
536.397824
536.713871
536.721777
537.168077
538.352886
538.605240
538.689946
538.734510
538.796646
539.624366
540.056535
541.995950
542.029988
542.209966
542.262272
542.723195
542.871634
543.088681
543.195791
543.206564
543.462728
544.218071
544.925901
545.562214
545.712210
546.312438
546.350244
546.614886
546.843853
547.339141
547.748291
548.492165
548.636959
548.860314
549.012931
549.024031
549.103329
549.461975
551.011164
551.032504
551.316603
551.324549
552.033198
552.374436
552.528609
552.898970
553.231524
554.375946
554.549821
554.643661
554.693714
554.775060
555.033354
555.616338
555.666760
555.838874
555.934228
556.368732
556.465275
556.717343
557.017252
557.095035
557.487186
557.539820
557.586924
557.676749
558.054687
558.111662
558.972150
559.261204
559.399485
559.858278
559.895634
561.252762
561.318011
561.607639
562.025431
562.105999
562.214666
562.567127
562.612961
563.786752
563.908608
564.187300
564.493763
565.589893
565.736817
566.009651
566.536233
566.601933
567.171768
567.828275
568.551916
568.983101
569.596477
569.600082
570.069115
570.101064
570.141901
570.217923
570.562970
570.777805
571.033846
571.073331
571.591844
571.598356
571.629404
572.224020
572.304507
572.380897
572.425339
573.050675
573.291602
573.322158
573.330555
573.335224
573.384376
573.578732
573.706199
573.787955
573.791314
573.853860
574.483866
574.983455
575.042068
575.107113
575.347220
575.632876
575.926395
576.003277
576.272835
576.297329
576.489595
576.629105
577.018593
577.120748
577.341481
577.355244
577.770906
578.688942
578.901033
579.484017
579.788595
581.674598
582.715433
583.487775
583.902003
583.924490
583.957422
583.959839
584.008745
584.053514
584.193147
584.303657
584.686838
585.725624
585.736069
586.651075
586.736968
587.930173
588.811796
589.120020
589.138534
590.034985
590.069801
590.214144
590.333133
590.486323
591.604982
592.347628
592.572948
592.636068
592.784507
592.787702
593.163141
593.167565
593.427292
593.833124
594.001265
594.134262
595.184968
595.291750
595.549020
595.868221
595.972956
595.983442
596.152893
596.391731
596.444324
596.607099
596.775977
597.914829
598.051021
598.695117
599.284204
599.430103
599.442432
600.424980
600.443290
600.667259
600.862351
601.078006
601.253192
601.328517
602.218455
602.221445
602.555474
602.740531
602.825359
602.901873
603.084390
603.116913
603.146240
603.301642
603.328922
603.817370
604.094710
604.111012
604.137021
604.254249
604.626575
605.178388
606.497300
606.616125
607.615590
607.690383
607.910011
607.954207
608.070083
609.218478
609.565082
609.575322
609.691525
609.937695
610.025923
610.340127
611.142246
611.156255
611.253576
612.066345
612.249313
612.573184
612.805632
613.079941
613.511045
613.608653
614.380462
614.729605
615.347732
616.609341
616.943780
617.206333
617.743729
618.002596
618.077102
618.513367
618.527375
619.380941
619.508408
620.273254
620.424479
620.635628
620.734833
620.818309
620.864594
620.980388
621.067592
621.354271
621.358121
621.379748
621.664092
622.860616
623.130952
623.208817
624.159457
624.292004
624.703816
625.154253
625.159045
625.371750
626.243666
626.326405
626.713149
626.981356
627.197215
627.235676
627.312312
627.363553
627.806167
628.612383
628.742840
629.248983
630.042829
630.077727
630.385091
631.580959
632.022671
632.141292
632.476713
632.638177
632.665252
633.066701
633.141412
633.508864
633.794191
635.108966
635.631534
636.104049
636.193669
636.512379
638.183424
639.615795
640.156017
640.487014
640.763126
641.567826
641.913979
641.931592
642.254275
642.464317
644.365476
644.433469
644.724941
645.001052
645.503754
645.572731
646.201917
647.222927
647.920886
648.622572
649.394012
649.882747
650.283295
650.396631
650.519511
652.857713
653.142630
653.798973
654.189691
654.207304
654.461338
654.811136
654.901043
655.671706
656.265748
656.404111
656.496722
657.441628
657.704100
659.088507
659.350815
659.375022
659.891077
660.928840
661.167350
661.244109
662.379807
662.600991
662.665134
663.129620
664.295997
664.472986
664.485970
664.628675
664.976957
665.254543
665.360671
665.375908
665.478676
665.483510
665.663857
666.190193
666.920714
667.208131
667.370578
667.461100
667.489894
667.583693
669.472604
669.621166
669.718118
669.996728
671.175229
671.444132
671.627387
671.852913
671.921275
672.441098
673.148559
673.246290
673.292452
673.503805
674.075320
674.765988
674.941829
675.267953
675.702538
676.071875
676.982866
677.058314
677.120655
677.221007
677.442519
678.012477
678.906061
678.921953
679.016407
679.213466
679.224443
679.831511
680.250737
680.607007
681.307423
681.646612
681.985147
682.410148
682.483753
682.655621
682.867835
683.187159
683.468595
683.731886
684.250522
684.384051
684.592947
684.674580
684.758835
684.908380
685.050921
685.449667
685.507789
685.554729
685.802824
685.949297
686.369587
686.598676
687.265792
688.316744
688.799171
689.891860
689.977549
691.938058
694.346588
694.934979
695.061012
695.065313
695.561175
695.702241
695.757824
695.931904
696.214446
696.346747
696.667013
697.388646
698.406871
699.089961
700.362015
701.053542
701.709394
702.580244
702.888755
702.959288
704.199885
705.398333
706.202501
706.287575
707.104645
708.024812
708.029440
708.182876
708.699750
708.734525
708.773356
709.162598
709.190451
710.914294
711.031685
711.502971
712.135393
712.182088
712.734884
712.983962
713.748890
714.285425
714.431119
715.267400
715.675156
716.266209
716.332564
716.417065
716.875694
717.052396
718.731469
718.836900
719.048991
719.070290
719.655035
720.106168
720.539771
721.546732
721.567621
722.500854
725.046600
725.120696
725.795758
726.708511
726.783140
727.286907
727.511163
728.003092
728.205271
728.380129
728.923218
728.966717
729.132851
729.453445
729.580216
730.324582
730.631168
731.508122
731.916042
731.927429
732.160860
732.438569
732.527575
732.611789
732.658033
732.748800
732.957164
734.049403
735.807693
736.433889
737.493647
737.517978
738.720768
738.809078
739.003433
739.085353
740.057457
740.075602
740.314194
740.685414
741.021204
741.826519
742.279086
742.569042
743.429898
743.612539
743.648707
743.786086
744.085463
744.658739
744.837898
745.551913
745.940255
746.025329
746.156401
746.254991
747.265966
747.444756
747.689656
747.731395
747.998167
748.358984
748.566897
748.718080
749.073818
749.561692
749.677240
749.712384
749.731758
750.172652
750.731428
751.444828
751.495905
751.948308
752.016794
752.289341
754.384364
755.610051
755.864945
755.992494
756.415734
756.890829
757.063721
757.434655
758.000108
758.372639
758.441247
758.453944
759.565148
760.252703
760.272241
761.074196
761.091768
761.672950
762.005832
762.055270
763.252654
763.292426
763.354644
763.803812
764.698419
764.769772
765.156352
765.839032
766.981652
767.023514
767.165112
767.289139
767.492383
768.345539
768.531784
769.091912
769.242235
769.363476
770.188902
770.743009
770.911805
771.262218
772.061307
773.044183
774.823444
775.538196
776.653210
776.723784
777.333637
778.914529
779.024835
779.039908
779.277558
779.287757
779.340759
779.489485
779.622892
781.156966
781.286400
781.296927
781.366764
781.451633
781.609411
781.932954
860.837315
861.012951
861.281812
861.412270
861.535560
861.732823
862.022328
863.465759
863.506719
863.519621
863.891415
865.175716
865.504829
865.690911
866.015027
866.115707
866.163835
866.518958
866.604442
867.024814
867.581051
867.686892
868.087931
868.103782
868.179313
868.212982
868.228506
868.464558
868.600136
868.674724
868.740669
868.925112
868.946043
868.963328
869.138145
870.000312
870.213755
870.269583
870.716293
870.774047
870.796001
870.903890
870.961603
870.977126
871.233126
871.993713
872.028856
872.858051
873.057485
873.111716
873.169019
873.210962
873.212518
873.227223
873.282068
873.808118
873.842156
873.897902
874.014228
874.771538
874.857308
875.222589
875.514634
875.521556
875.619860
876.229796
876.324250
876.571034
876.786647
877.254533
877.324902
877.562388
877.599826
877.867868
877.877453
877.887037
877.903503
877.975593
878.309908
878.380524
878.431232
878.581842
878.775296
878.823956
878.843208
878.922424
878.940283
878.993367
879.144550
879.454659
879.738102
879.773409
879.793807
879.828132
880.110305
880.161300
880.171500
880.305480
881.432576
881.608376
881.642988
881.766113
882.098627
882.587894
882.656297
883.108700
883.277783
883.360113
884.081787
885.529764
885.586616
885.814682
886.447104
886.567649
886.646252
887.358177
887.915766
888.116101
888.330732
888.380908
888.601313
888.705516
888.829665
889.116549
890.205266
890.256753
890.378445
890.581975
890.968105
891.136778
891.163812
891.202888
891.359969
891.408056
891.471749
891.489690
891.879465
892.018729
892.582420
893.332685
893.471007
893.549937
895.617802
895.648481
895.687721
895.723438
895.730196
895.810232
895.815762
895.903089
896.059392
896.133161
896.435773
896.447119
896.643564
896.782950
897.017610
897.054310
897.119887
897.283277
897.375560
897.637949
897.776681
897.829970
897.970545
898.360402
898.488525
898.561720
899.880305
899.993272
900.151992
900.244316
900.972462
901.119631
901.342781
901.825249
901.994291
902.009897
902.377021
902.686392
902.743327
902.762209
902.814310
902.946693
903.843594
903.911670
904.084275
904.239063
904.268636
904.335114
904.509563
904.874885
905.078292
905.708503
905.814917
905.894093
906.309960
906.332078
906.418463
906.433331
906.461430
906.508042
906.624573
907.585085
908.853576
908.908872
909.342761
909.354148
909.483663
909.489521
909.541130
910.284308
910.307820
910.393426
910.502298
910.737940
910.783570
911.131771
911.211397
911.336161
911.656182
911.731343
912.227656
912.250634
912.442081
912.449331
912.499958
912.724009
912.759603
912.773612
913.303183
913.813504
914.728346
914.826199
914.920243
915.035955
915.080069
915.108659
915.132908
915.316244
915.667231
915.741164
915.813335
915.848479
915.936133
916.465582
916.666778
916.775322
916.921467
917.307146
917.578097
918.054830
918.114099
919.016325
919.968154
919.994245
920.133796
920.266465
920.728412
920.740454
920.746312
920.885002
921.119171
921.501204
921.965363
922.204078
922.425262
922.594755
922.660250
923.065631
923.722916
923.809341
924.351816
924.410225
924.939837
925.331292
925.437010
925.934223
926.215660
926.378189
926.510858
926.589338
926.842839
926.917100
927.108628
927.994880
928.151716
928.630579
928.681697
928.685548
928.695419
928.815964
929.280082
929.653146
931.242066
931.817062
932.100915
932.284989
932.412621
932.547297
932.744602
932.899512
932.915610
933.291500
933.604557
933.885379
934.298829
934.779249
934.851666
935.513170
936.105861
936.188068
936.360550
936.388731
936.744264
936.762900
936.859853
936.965243
937.508291
937.704940
938.251305
938.262569
938.263757
938.368819
938.504929
938.854359
939.393229
939.571610
939.731845
939.756626
940.017336
940.403098
940.667781
940.777144
940.971704
941.244908
941.380116
941.648282
941.954949
942.297907
942.358323
942.371430
942.817321
943.145861
943.295037
943.329731
943.362089
943.878226
944.100434
945.019044
945.446052
945.488896
945.703772
946.067333
946.863555
946.989875
947.015680
947.193160
947.379118
947.624673
947.740180
948.195860
948.580311
949.236572
949.491999
949.832540
949.888901
949.941002
949.962342
950.120120
950.568837
950.706340
950.864159
951.090831
951.173243
951.571374
951.769702
951.917773
951.944888
952.228864
952.303657
952.339210
952.365548
952.392212
952.422892
952.621629
952.869560
952.925757
952.946975
952.972984
953.060434
953.169510
953.225052
953.477612
953.481748
953.838715
954.355548
954.698670
956.717793
956.745646
956.942582
957.161800
957.271040
957.299548
957.676175
957.740974
958.288568
959.165563
959.209267
959.422464
959.435735
959.580897
959.813059
959.917875
960.067707
960.069591
960.960102
961.516708
961.649992
961.976197
962.080317
962.214789
962.312356
962.730844
963.139420
963.243868
963.328860
963.374858
963.585434
963.786629
963.825336
964.028621
964.115415
964.498063
964.585595
964.731494
964.798669
964.942725
965.427692
966.398566
966.496584
966.789120
967.184794
967.419290
967.742996
968.379433
968.503910
968.608850
968.775229
968.888197
968.892621
968.901304
968.988836
969.192038
969.484575
969.570959
969.640878
969.752003
969.854239
969.889300
970.083779
970.100367
970.104750
970.382541
970.976256
971.225743
972.135137
972.898017
972.996936
973.243924
973.542113
973.992018
974.146232
974.183465
974.581309
974.586962
974.694031
975.041700
975.391007
975.564349
975.640412
975.646269
975.652741
975.730565
976.570819
976.602972
976.626975
976.655442
976.692838
977.143521
977.200251
977.286758
977.363231
977.422541
977.505403
978.365112
978.656788
978.975334
979.000607
979.076874
979.248783
979.262915
979.373752
979.741204
979.860890
980.359823
980.481516
980.599153
980.752916
980.755579
980.799242
980.898079
981.343683
981.370593
981.429617
981.578424
981.927690
982.011576
982.202327
982.643630
982.678897
982.941204
983.149036
983.362068
983.469548
983.562936
983.592428
983.649853
984.175452
984.694333
984.868659
984.964301
985.063629
985.070387
985.476137
985.967657
986.275922
986.686095
987.349770
987.660247
988.321055
988.397527
988.632556
988.639560
989.071155
989.227336
989.288284
989.305610
989.842473
989.993206
990.042972
990.782177
990.832804
990.892810
991.463793
991.557960
991.711764
991.817318
992.128082
992.377283
992.638321
992.712745
992.797450
992.858440
992.939827
993.382154
993.577124
993.892557
995.099443
995.666002
996.140278
996.227441
996.330127
996.683694
996.838318
996.876124
996.904346
997.640602
997.653299
997.683241
998.204539
998.334054
998.372270
998.445711
998.700524
998.878413
999.494328
999.757660
999.968358
1000.655258
1000.716739
1000.825364
1000.926208
1001.236316
1001.460900
1001.735946
1001.844695
1001.954673
1002.091110
1002.167378
1002.172006
1002.442424
1002.481091
1002.483999
1002.539540
1002.638418
1003.008123
1003.028644
1003.113226
1003.282514
1003.293532
1003.450204
1003.729388
1003.836211
1004.016927
1004.060590
1004.303278
1004.624241
1004.633948
1004.675236
1004.687524
1004.745810
1005.736100
1005.914153
1005.937992
1006.339236
1006.476861
1006.563533
1006.839112
1006.873231
1007.607726
1007.871918
1008.034406
1008.280986
1008.385925
1008.781926
1009.040876
1009.469276
1009.492951
1009.729659
1009.897923
1009.943306
1010.020352
1010.266153
1010.302321
1010.608538
1011.210854
1011.287572
1011.444326
1011.521700
1011.683451
1011.998106
1012.210975
1012.489544
1012.526817
1012.530381
1012.631224
1012.709786
1012.753940
1012.773110
1012.908319
1013.649121
1013.810217
1014.866780
1014.945178
1014.970040
1015.023411
1015.098900
1015.312343
1015.773430
1015.868416
1016.067523
1016.502436
1016.702075
1016.732631
1016.843878
1017.064325
1017.302548
1017.590497
1019.046502
1019.086316
1019.630756
1019.801477
1019.961590
1020.147712
1020.174008
1021.008200
1021.438771
1021.444669
1021.505741
1021.663478
1022.341734
1022.400430
1022.872003
1023.006925
1023.605555
1024.060908
1024.075653
1024.245760
1024.854016
1024.918282
1026.180628
1026.205409
1026.553938
1026.805719
1026.956411
1027.214131
1027.267502
1027.293102
1027.446907
1027.479265
1027.683779
1027.813130
1027.862733
1027.866419
1028.093706
1028.451820
1028.471112
1028.475535
1028.668088
1028.683940
1029.243167
1029.323080
1029.470577
1029.660140
1029.784207
1030.044058
1030.116229
1030.131139
1030.198354
1030.662144
1030.896271
1031.179837
1031.445422
1032.213750
1032.419533
1032.550851
1032.726200
1032.975196
1033.063137
1033.329459
1033.513779
1033.550234
1033.575916
1034.153288
1034.317906
1034.353009
1034.381844
1034.485350
1034.540892
1034.585784
1035.076567
1035.084472
1035.441111
1035.515208
1035.525652
1035.957248
1036.117565
1036.233441
1036.892406
1037.520527
1037.616865
1037.666058
1037.777920
1038.650573
1038.827397
1038.930493
1039.097938
1039.515320
1039.940526
1039.968543
1040.326738
1040.408289
1040.915046
1041.136763
1041.195663
1041.424220
1041.574134
1041.879491
1041.923441
1042.001060
1042.502533
1043.103293
1043.427369
1043.780936
1044.047995
1044.155679
1044.170957
1044.209828
1044.367770
1044.605092
1045.181768
1045.277082
1045.449892
1045.802844
1045.976678
1045.995889
1046.133391
1047.355965
1047.732920
1048.078377
1048.741765
1048.947917
1049.047450
1049.769820
1050.927964
1051.270390
1051.386798
1051.696005
1051.817820
1052.089836
1052.805530
1052.959334
1053.126001
1053.166551
1053.287956
1053.644022
1053.781484
1053.789471
1054.271775
1054.325514
1054.457938
1054.721638
1055.108792
1055.630991
1056.502866
1056.759972
1056.995656
1057.417667
1057.972920
1058.353111
1058.652774
1060.524524
1060.606771
1062.117868
1062.480527
1062.548562
1062.628598
1063.506207
1063.870956
1063.945462
1064.256799
1064.333722
1064.423219
1065.107169
1065.541468
1065.907978
1066.186547
1066.493993
1066.587013
1066.679255
1066.762732
1067.155579
1067.163894
1067.375575
1067.478426
1067.506033
1067.548754
1067.917722
1068.119450
1068.153979
1068.178964
1068.302787
1068.305490
1068.662129
1068.828959
1069.259571
1069.589340
1069.740892
1070.212301
1070.967357
1071.292621
1071.810765
1072.483123
1072.659661
1072.758292
1072.984965
1073.387315
1073.611776
1074.705777
1074.784461
1075.016786
1075.641139
1075.959030
1076.258734
1076.431749
1076.793508
1076.829798
1077.283308
1077.633393
1077.841920
1078.557491
1078.950175
1079.210680
1079.574282
1079.636500
1079.681966
1079.708590
1079.745167
1079.874806
1079.913882
1079.985439
1080.054702
1080.392745
1080.720343
1080.835604
1080.869642
1080.904827
1080.922931
1081.066004
1082.094223
1082.654556
1082.677125
1082.941604
1082.977526
1083.072471
1083.885240
1084.046623
1084.049244
1084.198953
1084.275589
1084.720579
1084.948357
1085.141361
1085.207101
1085.485179
1085.591470
1086.165975
1087.428035
1088.128819
1088.192184
1088.559596
1089.229537
1089.566802
1090.196111
1090.435072
1090.591293
1091.204956
1091.244564
1091.521618
1091.783229
1091.883581
1092.197663
1092.304241
1092.382351
1092.547830
1092.855808
1092.925972
1092.933140
1093.000192
1093.324677
1094.112870
1094.229934
1094.326764
1094.621880
1094.837371
1094.878536
1094.912573
1095.301161
1095.445012
1095.667384
1095.691223
1096.095908
1096.333394
1096.388567
1096.554004
1096.783462
1096.892539
1097.006653
1097.522545
1097.688924
1097.844367
1098.585702
1099.261870
1099.632189
1099.853742
1099.967201
1100.623667
1100.656599
1100.916613
1101.335183
1101.411369
1101.459784
1101.713736
1101.819249
1101.954171
1102.030520
1102.269972
1103.477064
1103.486444
1104.163676
1104.464404
1104.983286
1105.418527
1105.854136
1105.896980
1106.218312
1106.318909
1106.515681
1106.634629
1107.270287
1107.427697
1108.079452
1108.406313
1108.421100
1108.518052
1108.819517
1109.041152
1109.381161
1109.434941
1109.512847
1109.584568
1109.592556
1109.624873
1110.017720
1110.102630
1110.776914
1110.873580
1111.641498
1111.722230
1112.992891
1113.065021
1113.535242
1113.592422
1113.815654
1114.167296
1114.642063
1114.885939
1115.051459
1115.246797
1115.281367
1115.392901
1115.454996
1115.459338
1115.515085
1116.255068
1116.347720
1116.422349
1116.853658
1116.901622
1117.233439
1117.610312
1118.131814
1118.153564
1119.097160
1119.143567
1119.220244
1119.851848
1120.172155
1120.350577
1120.719831
1120.919142
1121.214300
1121.311621
1122.085683
1122.519900
1122.778931
1122.900009
1123.866583
1123.933962
1124.507116
1124.958208
1125.300593
1125.810053
1126.060728
1126.170952
1126.334341
1126.619259
1126.733947
1127.574979
1127.829135
1128.023941
1128.304148
1128.508211
1128.512553
1128.821350
1128.993546
1129.182085
1129.210921
1129.373327
1129.446687
1129.473352
1129.939395
1130.757939
1130.809836
1130.813972
1131.094589
1131.163976
1131.255153
1131.721523
1132.200960
1132.287713
1132.609905
1132.671304
1132.870246
1133.415629
1133.525115
1133.549937
1134.137467
1134.185554
1134.195016
1134.231880
1135.120466
1135.426396
1136.691405
1137.374454
1138.237317
1138.480374
1138.704835
1138.971525
1139.133809
1139.254927
1139.267215
1139.372524
1139.373015
1139.387269
1139.467796
1139.584696
1139.751608
1139.790684
1140.287775
1140.358758
1140.567491
1140.673618
1140.813988
1141.349540
1141.443379
1142.305833
1143.048151
1143.332250
1143.655465
1144.046346
1144.368783
1144.376197
1144.562360
1144.575672
1144.738939
1144.914330
1145.544786
1145.639608
1145.649357
1145.655009
1145.724682
1145.820283
1145.906053
1146.136125
1146.162299
1146.294804
1146.358620
1146.699325
1146.997473
1147.223409
1147.929559
1148.104376
1148.110479
1148.873523
1149.413130
1151.027159
1151.292989
1151.438356
1151.463424
1152.101212
1152.141640
1152.157164
1152.742400
1152.797860
1153.121935
1153.182966
1153.250755
1153.395794
1153.642045
1154.032599
1154.039808
1154.515640
1154.636227
1154.676081
1155.207291
1155.290153
1155.439370
1155.538371
1155.637576
1155.730227
1155.865518
1156.325212
1156.485939
1156.577362
1157.214413
1157.737144
1158.398771
1158.403564
1159.092961
1159.098368
1159.280558
1159.289815
1159.519764
1159.669187
1159.917158
1160.064410
1160.137359
1160.476467
1161.543107
1162.070958
1162.259948
1162.581033
1162.784686
1162.918093
1163.158036
1163.370701
1163.733524
1163.874099
1163.915837
1164.075500
1164.133540
1164.235244
1164.705219
1164.776448
1165.235405
1165.284844
1165.439017
1165.994803
1166.003282
1166.144594
1166.566523
1167.654543
1167.782134
1170.660065
1170.927862
1171.187302
1171.202048
1171.204751
1171.207332
1171.222446
1171.251651
1171.582689
1171.827220
1172.020838
1172.174438
1172.289208
1172.658872
1172.684841
1173.510963
1173.730058
1173.826601
1174.375383
1174.781133
1174.806815
1174.975816
1174.995026
1175.111393
1175.467500
1175.728415
1175.906918
1176.248115
1176.346214
1176.701665
1176.746516
1177.054167
1177.107948
1177.434849
1177.472942
1177.478881
1177.586237
1178.083942
1178.568991
1178.733978
1178.822574
1178.842644
1178.855137
1178.898760
1178.959421
1179.041423
1179.419853
1179.696087
1179.757322
1180.380938
1181.197640
1181.760676
1181.953393
1181.968097
1182.193541
1182.376305
1182.384783
1182.595604
1182.600479
1182.841283
1182.956544
1183.456666
1183.476941
1183.792579
1184.042476
1184.653230
1184.760422
1185.216389
1185.433682
1185.652122
1185.676452
1185.690214
1185.697710
1185.975542
1186.062705
1186.138194
1186.525307
1186.566472
1186.589573
1186.727813
1186.879447
1187.167150
1187.172434
1187.488645
1187.625206
1187.745096
1188.037550
1188.184064
1188.280812
1188.419461
1188.757463
1189.532877
1189.680210
1189.930926
1190.057288
1190.275031
1190.428508
1190.721331
1190.946693
1191.253975
1191.961805
1192.394015
1192.815452
1192.841175
1192.971715
1193.144115
1193.454551
1194.351985
1194.624000
1194.809876
1194.829251
1194.844733
1195.225252
1195.487928
1195.572961
1195.603190
1195.619615
1195.795538
1195.966423
1196.885770
1197.055468
1198.027653
1198.118748
1198.621983
1198.667817
1198.987510
1199.338209
1199.472517
1200.772424
1200.807444
1200.869663
1200.888545
1200.902636
1201.629635
1201.746944
1202.385756
1202.447811
1202.546156
1202.595389
1202.678620
1202.692383
1203.100303
1203.217695
1204.362240
1204.743496
1204.764467
1205.037548
1205.219738
1205.458575
1205.506908
1205.946327
1206.419825
1207.149036
1207.206052
1207.332291
1207.582228
1207.665254
1207.878902
1207.927153
1207.932846
1208.074035
1208.388280
1208.930550
1209.099551
1209.299763
1209.741476
1210.417766
1210.582303
1210.712965
1211.143004
1211.368325
1211.451392
1211.699978
1211.767521
1212.315566
1212.996895
1213.212140
1214.417551
1214.447821
1214.513357
1214.528266
1214.550016
1215.331041
1215.433400
1215.568773
1216.088719
1216.423322
1216.900096
1217.380966
1217.803633
1217.868104
1218.121810
1218.385060
1218.894848
1219.254641
1219.366011
1219.511173
1219.548037
1220.766638
1220.840817
1221.283758
1221.543240
1222.515139
1222.743654
1223.560069
1223.648092
1223.674143
1224.125686
1224.343388
1224.486830
1224.662262
1224.944845
1225.446687
1225.610691
1225.919980
1226.033070
1226.144276
1226.360586
1226.654474
1226.856653
1226.903757
1227.668726
1228.820849
1229.791355
1230.470881
1230.642340
1230.749082
1231.098962
1231.296225
1231.933645
1232.396042
1232.499180
1232.670147
1232.865116
1233.037926
1233.683128
1233.861960
1234.028175
1234.183905
1234.470134
1234.745057
1234.847375
1234.868265
1234.950472
1235.195085
1235.810427
1236.230513
1237.153628
1237.331640
1237.356544
1237.537219
1237.540782
1237.770772
1238.027510
1238.379479
1238.450545
1238.487081
1238.701056
1239.145431
1239.239229
1239.487652
1239.766794
1239.896515
1241.142968
1241.187451
1241.332777
1241.877750
1241.929646
1242.048102
1242.106962
1242.281574
1242.421658
1242.473103
1242.771743
1242.818273
1243.055309
1243.202109
1243.263754
1243.490959
1243.509064
1243.807703
1243.821425
1244.040765
1244.057641
1244.239462
1244.287181
1244.389581
1244.889047
1244.942868
1245.414523
1245.446840
1246.072668
1246.128210
1246.466621
1246.520238
1246.871470
1247.266447
1247.516426
1247.672812
1247.904563
1247.952282
1248.151142
1248.497336
1248.671130
1248.739246
1249.203610
1249.501348
1249.674486
1249.810678
1249.849508
1249.930445
1250.081178
1250.254807
1250.287411
1250.780201
1250.874819
1251.158098
1251.416515
1251.512771
1251.589857
1251.635692
1251.915080
1251.941458
1252.199588
1252.234281
1252.367606
1252.443218
1252.532920
1252.583178
1252.617667
1252.628808
1252.986634
1254.237143
1254.611108
1254.646866
1254.694912
1255.462871
1255.812874
1255.871775
1255.880663
1255.907820
1255.953695
1256.457667
1256.565023
1256.781783
1257.272238
1257.352151
1257.570017
1257.688146
1257.825280
1257.872753
1257.992192
1258.534584
1258.537861
1258.544497
1258.911498
1259.425997
1259.650253
1259.701494
1260.025610
1260.032041
1260.054282
1260.187320
1260.209316
1260.658401
1260.710748
1260.823429
1260.882944
1261.147750
1261.362790
1261.612155
1261.641851
1261.850665
1262.289428
1262.453391
1262.459003
1262.884864
1263.073403
1263.108547
1263.190589
1263.668019
1263.822848
1264.170885
1264.370483
1264.372490
1265.162158
1265.565696
1265.577697
1265.696031
1265.731830
1265.907425
1266.783560
1266.793636
1266.933514
1266.945761
1266.946662
1266.962104
1267.332178
1267.404800
1267.722609
1267.931709
1268.708270
1268.738621
1268.867564
1268.979999
1269.344543
1269.553152
1269.669274
1269.729935
1269.803213
1270.000763
1270.036111
1270.086451
1270.490931
1270.525788
1271.180861
1271.773839
1272.048067
1272.168858
1272.311562
1272.403640
1272.617042
1272.625807
1273.476096
1273.487278
1273.666601
1273.704243
1273.945006
1274.201907
1274.605117
1274.619863
1274.918216
1274.923991
1275.163320
1275.188634
1275.474330
1275.899290
1276.241592
1276.732416
1276.825354
1276.862669
1276.909445
1276.984484
1277.811876
1277.862748
1277.881958
1277.966746
1279.503729
1279.535145
1280.108626
1280.557466
1281.108296
1282.114560
1282.257183
1282.359296
1282.719498
1282.956698
1283.214008
1283.450348
1283.623035
1283.650724
1283.661087
1284.293140
1284.508058
1284.551885
1284.674970
1284.746568
1285.185823
1285.582643
1285.609841
1285.941166
1286.028780
1286.337823
1286.389146
1286.517760
1286.910484
1287.315825
1287.818732
1287.899668
1287.958282
1288.318976
1288.978678
1289.077187
1289.150669
1289.616261
1289.662833
1289.842606
1289.938616
1289.952133
1289.960448
1289.974743
1290.572390
1290.646241
1290.798981
1291.183636
1291.476009
1291.632968
1291.871560
1291.887698
1292.029338
1292.310528
1292.702761
1292.943114
1293.356032
1293.482025
1293.680517
1294.286356
1294.420255
1294.502666
1294.872658
1295.521382
1295.680758
1296.096870
1296.130785
1297.740964
1298.154988
1298.202255
1299.207987
1299.510518
1299.661332
1299.897139
1300.175831
1300.374282
1300.560732
1301.348721
1301.757379
1302.205358
1302.353674
1302.397501
1302.759997
1303.108649
1303.533281
1303.580262
1303.761019
1304.048394
1304.397455
1304.771625
1305.035244
1305.044050
1305.349243
1305.448120
1305.713869
1305.731400
1305.869885
1305.936814
1307.143168
1307.259249
1307.730616
1307.775918
1308.278292
1308.326748
1308.551373
1309.630546
1309.832970
1309.920297
1309.956465
1310.115676
1310.584750
1310.652989
1310.653686
1310.828872
1311.103099
1311.813222
1312.188580
1312.523223
1312.919306
1313.863188
1315.156951
1315.189760
1315.260662
1315.365888
1315.431506
1315.506872
1315.624550
1315.691930
1316.117094
1316.289823
1316.319109
1316.926628
1316.943503
1317.063066
1317.209498
1317.258035
1317.593416
1317.800960
1317.806326
1317.812183
1318.267249
1318.535086
1318.676726
1319.072891
1319.376527
1319.533855
1319.602094
1319.615119
1319.767900
1319.900774
1320.484823
1320.827331
1321.163899
1321.232097
1321.435136
1321.661932
1321.980846
1322.010214
1322.049946
1322.697523
1322.759578
1323.043062
1323.256136
1323.317043
1323.391181
1323.463434
1323.562762
1323.704648
1323.823350
1323.961139
1324.325929
1324.351078
1324.690063
1324.892733
1324.994601
1325.148979
1325.502177
1325.529989
1325.654344
1325.793976
1326.054359
1326.230036
1326.298808
1326.558740
1326.901740
1326.921318
1326.928527
1327.038423
1327.159337
1327.378719
1327.498936
1327.670682
1328.197714
1328.350659
1328.486441
1328.669286
1328.847708
1328.882442
1328.930529
1329.064714
1329.316454
1329.358643
1329.619354
1329.660314
1329.671127
1329.801871
1330.088264
1330.575278
1331.021701
1331.912335
1332.482662
1332.597637
1332.879647
1332.884275
1333.322260
1333.582356
1333.651579
1333.724242
1333.813002
1334.247997
1334.274130
1334.622822
1334.648013
1334.977290
1335.001580
1335.011246
1335.215104
1335.271834
1335.317955
1335.547044
1335.566868
1336.193556
1336.228168
1336.322048
1336.637891
1336.742339
1336.815862
1336.891146
1336.925798
1336.987034
1337.360384
1337.860014
1337.884344
1338.933658
1339.086561
1339.200963
1339.767849
1340.010004
1340.283945
1340.459991
1340.520284
1341.180559
1341.191250
1341.252567
1341.657948
1341.851689
1341.856236
1342.360494
1342.884536
1343.196160
1344.100147
1344.104161
1344.728392
1345.221222
1345.762673
1345.890509
1345.896571
1346.322104
1346.356265
1346.542592
1346.633523
1346.667725
1347.032924
1347.206554
1347.478733
1347.887350
1348.386324
1348.685619
1348.893041
1349.318984
1349.798748
1349.906186
1349.926871
1350.122414
1350.177956
1350.481183
1350.529270
1351.055811
1351.280640
1352.035615
1352.042496
1352.053637
1352.154972
1352.186593
1352.394138
1353.421373
1353.461064
1353.641370
1353.738895
1353.807380
1354.122240
1354.590044
1354.716324
1354.809713
1354.864476
1354.958602
1355.589181
1355.621581
1355.643044
1355.718369
1355.840471
1355.908792
1356.014469
1356.423660
1356.534497
1357.193748
1357.280625
1357.332070
1357.534044
1357.671178
1357.775708
1358.244332
1358.395843
1358.491525
1358.641603
1358.651802
1359.439503
1359.474319
1359.583805
1359.939338
1360.281272
1360.658268
1360.675840
1361.057792
1361.157571
1361.513595
1361.585193
1361.680507
1362.311414
1362.484961
1362.652529
1363.079209
1363.163259
1363.208069
1363.423601
1364.311040
1364.549222
1364.620411
1364.624261
1365.767291
1365.787607
1365.955912
1366.236283
1366.278144
1366.325453
1366.424166
1366.466396
1366.557737
1366.564045
1366.596608
1366.618563
1366.631670
1367.310950
1367.708549
1367.717192
1367.786947
1368.218378
1368.664637
1368.950006
1369.135596
1369.217761
1369.260646
1369.795338
1369.953444
1369.961513
1369.973023
1370.041672
1370.065265
1372.227256
1372.514959
1372.602122
1373.246136
1373.352550
1373.389824
1373.592044
1373.647094
1373.766492
1373.987348
1374.540186
1375.158845
1376.373637
1376.674693
1377.318625
1377.363517
1377.405993
1378.979676
1380.444365
1380.451942
1380.476396
1380.628849
1380.682834
1380.765368
1380.940268
1381.491630
1381.783757
1381.810012
1382.267986
1382.360392
1382.883901
1382.924943
1383.271956
1383.496540
1383.574528
1383.978107
1384.143299
1384.235786
1384.242995
1384.342241
1384.807670
1384.904417
1385.161892
1385.693880
1385.903800
1385.956475
1386.212188
1386.347110
1386.457498
1386.471793
1386.939515
1387.172946
1387.204239
1387.432018
1387.496776
1387.712102
1387.832279
1388.016927
1388.163277
1388.231148
1388.510331
1388.776120
1388.809994
1388.904899
1388.996116
1389.230203
1389.383025
1389.445407
1389.466788
1389.489684
1389.633290
1389.837394
1390.064845
1390.083072
1390.136566
1390.334894
1390.343864
1390.516879
1390.539366
1390.785618
1390.907597
1391.314248
1391.454822
1391.495496
1391.628534
1391.677481
1391.747482
1392.544891
1392.606700
1392.825098
1392.901898
1392.984474
1393.321820
1393.408000
1393.663590
1393.667850
1393.710899
1393.924096
1394.117755
1394.255053
1394.286551
1394.377482
1394.402427
1394.466324
1394.512118
1394.530468
1395.064832
1396.029030
1396.079452
1396.092396
1396.296090
1396.803707
1396.895334
1398.239150
1398.388531
1398.747996
1398.822093
1399.008174
1399.020708
1399.918551
1400.476590
1400.549622
1400.927764
1401.080627
1401.148867
1402.273792
1402.634936
1403.173192
1403.785994
1404.065710
1404.453069
1404.700918
1405.121782
1405.538509
1405.696983
1406.165279
1406.465638
1407.196652
1408.002949
1408.179773
1409.129882
1409.215365
1409.324155
1409.474970
1409.899889
1410.020598
1410.174853
1410.352210
1410.839511
1410.881372
1410.935276
1410.990285
1411.689431
1412.352737
1412.362772
1412.395786
1412.477420
1412.501750
1412.583424
1412.665303
1413.044797
1413.216829
1413.814108
1414.105129
1414.316728
1414.349537
1414.387057
1415.123599
1415.226941
1415.681516
1415.787397
1415.832781
1416.079073
1416.144896
1416.270725
1416.356659
1416.875500
1417.357230
1417.712845
1417.912607
1418.010296
1418.046341
1418.843709
1419.100692
1419.763548
1419.950735
1420.011438
1420.899901
1421.283164
1421.404447
1421.435945
1421.547643
1421.692109
1422.001644
1422.064599
1422.592942
1423.229420
1423.540593
1423.772262
1423.796920
1423.812649
1423.947571
1424.364544
1424.377487
1424.615342
1425.010033
1425.376461
1425.417912
1425.820795
1426.347786
1426.376663
1426.636677
1427.007283
1427.287695
1428.136509
1428.360233
1428.781261
1429.407048
1429.447434
1429.587067
1429.613896
1430.766592
1431.062774
1431.535452
1431.592509
1431.773798
1432.118190
1432.183030
1432.499487
1433.010586
1433.804268
1433.988751
1434.040197
1434.317988
1434.503332
1434.894213
1435.083203
1435.509637
1435.515576
1435.552072
1435.731968
1435.908710
1436.093727
1436.399165
1436.436070
1436.569272
1436.597002
1436.602737
1436.699484
1436.847186
1437.194445
1437.546701
1437.894164
1438.788076
1439.008563
1439.026872
1439.116206
1439.235850
1439.926845
1440.000492
1441.070981
1441.367040
1441.403331
1441.488650
1441.649295
1441.684849
1441.925243
1442.045706
1442.239570
1442.632172
1443.179561
1443.490038
1444.171694
1444.698276
1444.909875
1445.640315
1445.953782
1446.029722
1446.353183
1446.423716
1446.685000
1446.741320
1447.271588
1447.601398
1447.704330
1448.071987
1448.097792
1448.724685
1449.590088
1449.648415
1449.652511
1449.819505
1449.897738
1449.989652
1450.016932
1450.198303
1450.518036
1450.667213
1450.782515
1450.889585
1451.278582
1451.614372
1451.699077
1453.179453
1453.603676
1453.715005
1454.250557
1454.262067
1454.322647
1454.343045
1455.038423
1455.592038
1456.169042
1456.370483
1456.993485
1457.073521
1457.196483
1457.334845
1457.483039
1457.737933
1458.341806
1458.760090
1458.873590
1459.159654
1460.574331
1460.771267
1460.858429
1460.913152
1461.229322
1461.479014
1461.592064
1461.643878
1461.758812
1462.121800
1462.223913
1464.236564
1464.558551
1464.916664
1465.134531
1465.273795
1465.479086
1465.556337
1466.105405
1466.822410
1466.993869
1467.086848
1467.234796
1467.246182
1467.363738
1467.640873
1467.982275
1468.084552
1468.125880
1468.159140
1469.044040
1469.208371
1469.304095
1469.611418
1470.686208
1471.022694
1471.464161
1471.667405
1471.813427
1471.837962
1472.247521
1472.609853
1472.902021
1473.309368
1473.386906
1473.499423
1473.847460
1473.955963
1474.039316
1474.197750
1474.326815
1474.616648
1474.689393
1474.705654
1474.785894
1474.899436
1474.958868
1474.963456
1475.543450
1475.947807
1476.079780
1476.121682
1476.173455
1476.329472
1476.928635
1477.138145
1477.185290
1477.562900
1477.872804
1478.075146
1478.350397
1478.853304
1479.490028
1479.657677
1480.168776
1480.549540
1480.785142
1481.412936
1481.713992
1481.905521
1483.373650
1483.663155
1483.695432
1484.033106
1484.135916
1484.139930
1484.183511
1484.853002
1484.963185
1485.265265
1485.441311
1485.640909
1486.229463
1486.339441
1486.816911
1486.924800
1487.105188
1487.921193
1488.377283
1488.958382
1489.445437
1490.062254
1490.434294
1490.574008
1490.707169
1490.976113
1491.148513
1491.387392
1491.568722
1491.615498
1491.622707
1492.029235
1492.686807
1492.947517
1493.380178
1493.524726
1493.681480
1493.702042
1494.090220
1494.721249
1495.194419
1495.356293
1495.427400
1495.586243
1496.027546
1496.586895
1496.909414
1496.991990
1497.562276
1497.760154
1497.963848
1498.766828
1499.531837
1500.110561
1500.144886
1500.431114
1500.488131
1501.087334
1501.725778
1502.155080
1502.917878
1503.725445
1503.844106
1504.019702
1504.168018
1504.580895
1504.967352
1505.336115
1505.359585
1505.557750
1505.974190
1506.163425
1506.267628
1506.359624
1506.852782
1506.922496
1507.503636
1507.575972
1507.677839
1507.726295
1507.853476
1508.237025
1508.274299
1508.537426
1508.807434
1508.833567
1509.241692
1509.419008
1510.131712
1511.252500
1511.708467
1511.890289
1512.500429
1513.532908
1513.702441
1513.728737
1513.748029
1514.493297
1514.794516
1515.197276
1516.523807
1516.770877
1516.958843
1517.477724
1517.910876
1518.541824
1519.459901
1519.922627
1519.963668
1520.415990
1520.440484
1521.108214
1521.723228
1521.859092
1522.207990
1522.918072
1523.044147
1523.379241
1523.856671
1523.897672
1523.919708
1523.956941
1524.176814
1524.319396
1524.485734
1524.504412
1524.884111
1524.904468
1525.018337
1525.560443
1525.603164
1525.662269
1525.905940
1526.134129
1526.644531
1526.769050
1526.876488
1526.905979
1527.482819
1528.137073
1528.298168
1528.315945
1528.342815
1528.387912
1528.735949
1528.868946
1529.045524
1529.178112
1529.623634
1529.813606
1530.028605
1530.312049
1530.358292
1530.431611
1530.712269
1531.634483
1531.807621
1531.890688
1532.018688
1532.455567
1533.191823
1533.335142
1533.501932
1533.543301
1533.718200
1534.051369
1534.184858
1534.390354
1534.541169
1534.838333
1535.458714
1536.215982
1536.444703
1536.473375
1536.492708
1536.512532
1537.076797
1537.084252
1537.448837
1537.551114
1537.817395
1537.848320
1538.085724
1538.103665
1538.200248
1538.525061
1538.585149
1538.735309
1538.767667
1538.957394
1539.168502
1539.468411
1539.810509
1539.894641
1539.941581
1540.122378
1540.233871
1540.343890
1540.476928
1540.638310
1540.912824
1540.968202
1541.576622
1541.880627
1542.695526
1542.705521
1543.202120
1543.351869
1543.358095
1543.364936
1544.376689
1544.430182
1546.145505
1546.652017
1546.812293
1547.411620
1547.750564
1547.777393
1548.129853
1548.563087
1548.698173
1548.795986
1548.957082
1549.192806
1550.096630
1550.275461
1550.934794
1551.087043
1551.837102
1552.172360
1552.240230
1554.092564
1554.867282
1554.904105
1555.048079
1555.154944
1555.394150
1555.478651
1555.590103
1555.627131
1555.956613
1556.092232
1556.296909
1556.566630
1556.577198
1556.596408
1556.714701
1556.860314
1557.235794
1557.557125
1557.871247
1558.196060
1558.648177
1559.508419
1559.564001
1560.533565
1560.647025
1561.697567
1561.798205
1562.076201
1562.331505
1562.580255
1562.798653
1563.139482
1563.212677
1563.433943
1564.270182
1564.317983
1564.334899
1564.454380
1564.840632
1565.058580
1565.272556
1565.514097
1565.544653
1565.939466
1566.694605
1566.754447
1566.903747
1567.029002
1567.132836
1567.476408
1567.636972
1567.781642
1568.021873
1568.348406
1568.621732
1568.791347
1569.636352
1569.843405
1570.256650
1570.301747
1570.306212
1570.506179
1570.574950
1570.728960
1571.216589
1571.393249
1571.678454
1571.817595
1572.151337
1572.546765
1573.149082
1573.249311
1573.783716
1574.026568
1574.069699
1574.278799
1574.603694
1574.707364
1574.844129
1575.540367
1575.817830
1576.539791
1576.591237
1576.916337
1577.599099
1578.286326
1578.458071
1578.828431
1578.963845
1579.064648
1579.069522
1579.261952
1579.325727
1579.467858
1579.478098
1579.636163
1580.426691
1580.718408
1581.551493
1581.850501
1582.209679
1582.334239
1582.511432
1583.047434
1583.089336
1583.166751
1583.317647
1584.043418
1584.197919
1584.868598
1584.965878
1585.400873
1585.424957
1585.495040
1585.499341
1585.709711
1586.585928
1586.675466
1586.747802
1586.922373
1587.750298
1587.780485
1588.062822
1588.447683
1588.812308
1590.127329
1590.283223
1590.373581
1591.102833
1591.597261
1592.166769
1592.296571
1592.673075
1593.030164
1593.153741
1593.850102
1593.952870
1593.983795
1594.048758
1594.366239
1594.739548
1594.873283
1594.930504
1595.378033
1595.477565
1595.737211
1595.757445
1595.842847
1595.923087
1596.055429
1596.407767
1597.096387
1597.593887
1597.818143
1598.046331
1598.391828
1598.877983
1599.286968
1599.298929
1599.817196
1600.446218
1601.260503
1601.379287
1601.724662
1601.955799
1602.034442
1602.748498
1602.808013
1602.985779
1603.068600
1603.196191
1603.300639
1604.124344
1604.466237
1604.657521
1604.872397
1605.524439
1605.912576
1605.967749
1606.011781
1606.150922
1606.478356
1606.555525
1606.607544
1606.775603
1606.821929
1606.890373
1606.912246
1606.915850
1607.480689
1607.793213
1608.105861
1608.662917
1609.024266
1609.260114
1609.301197
1609.413018
1609.660375
1609.845555
1609.889628
1610.488381
1610.902118
1611.032248
1611.596759
1611.978342
1612.172780
1612.476334
1612.701368
1613.088276
1613.245440
1613.455933
1613.756457
1613.957161
1614.776115
1614.875771
1615.075942
1615.205540
1615.347548
1615.411896
1616.015360
1616.126362
1616.225362
1616.286515
1616.491069
1616.537723
1617.210368
1617.516380
1617.529528
1617.822597
1618.326323
1618.655396
1619.647816
1619.680870
1619.847905
1620.128154
1620.323041
1620.446618
1620.678001
1620.681114
1620.699136
1620.763443
1620.998922
1621.066383
1621.205361
1621.275075
1621.278188
1621.289124
1621.290312
1621.576745
1621.635604
1621.641871
1621.976596
1622.041969
1622.575268
1622.610002
1622.729605
1622.738371
1623.209820
1623.328236
1623.991910
1624.068669
1625.240412
1625.317663
1625.399419
1626.226319
1626.885734
1627.373896
1627.469619
1628.189778
1628.242616
1628.559073
1628.744131
1629.857055
1630.027858
1631.010202
1631.378350
1631.737815
1631.903089
1632.103342
1632.862945
1633.550336
1634.433761
1635.181568
1635.313132
1636.183941
1636.224041
1637.996175
1638.557000
1638.975160
1639.020831
1639.066747
1639.070269
1639.093740
1639.122862
1639.758807
1639.941448
1641.323151
1641.458852
1641.518203
1641.623798
1641.642598
1642.044293
1642.139730
1642.644644
1643.047322
1643.116257
1643.354726
1643.661025
1644.570911
1644.794839
1645.171794
1646.090977
1646.180844
1646.683750
1646.891540
1647.059681
1647.115756
1647.215206
1647.882240
1648.029860
1648.391291
1648.841359
1648.900792
1648.937083
1649.003192
1649.587077
1650.488279
1650.968863
1651.214459
1651.501466
1651.687014
1651.801088
1651.901440
1652.475781
1652.756603
1653.175173
1653.602918
1653.877146
1653.926953
1654.130606
1655.362109
1655.421256
1655.876403
1708.967158
1709.398262
1709.620470
1710.132224
1710.621901
1710.775255
1710.927831
1711.614894
1711.868477
1712.583270
1712.979272
1713.093837
1713.150771
1713.328497
1713.391411
1713.684603
1713.831649
1713.924178
1713.990042
1714.069094
1714.116977
1714.444370
1714.704998
1715.239444
1715.248660
1715.518382
1715.705610
1715.867935
1717.294408
1718.075474
1718.163620
1718.829916
1718.892257
1719.199785
1721.228042
1721.376317
1721.382380
1721.561743
1721.711288
1722.393313
1722.902036
1723.741880
1724.004884
1724.261949
1724.886057
1725.116334
1727.298519
1727.519785
1728.501023
1728.682107
1728.755384
1728.765010
1728.860733
1728.911524
1730.061640
1730.131927
1730.334638
1730.634752
1730.929132
1730.942280
1730.955059
1730.978693
1731.024773
1731.112591
1731.119923
1731.123323
1731.172884
1731.187180
1731.498312
1731.565896
1731.577856
1731.588669
1731.593011
1731.660554
1732.040704
1732.222935
1732.365599
1732.608983
1733.510513
1733.873828
1734.064251
1734.173737
1734.194790
1734.199788
1734.584730
1734.634496
1734.660424
1734.815744
1734.830080
1734.919700
1735.027507
1735.054459
1735.195689
1735.244923
1736.052982
1736.825201
1737.225748
1737.476669
1737.607619
1738.118226
1738.215260
1738.645504
1739.019796
1739.056087
1739.167621
1739.337974
1739.514716
1740.352676
1741.056737
1741.072179
1741.072835
1741.126492
1742.175068
1742.427095
1742.783980
1742.817935
1744.007823
1744.167772
1744.414351
1745.052140
1745.296507
1745.644175
1746.156175
1746.242355
1746.453176
1746.545787
1747.219292
1747.280241
1747.347456
1747.877478
1748.392632
1749.048361
1749.434655
1749.635604
1751.801979
1752.526561
1752.796733
1752.919572
1752.934851
1753.031516
1753.144197
1753.160212
1753.367634
1753.430753
1753.697280
1754.088571
1754.202726
1754.807091
1755.107287
1755.587092
1756.367053
1756.864512
1757.451796
1758.144143
1758.266245
1758.473298
1758.518886
1758.678016
1759.135662
1759.191409
1759.522693
1759.693496
1759.837266
1759.985623
1760.681370
1761.145979
1761.378714
1761.489183
1761.957970
1761.994015
1762.935071
1763.088794
1763.395789
1763.566797
1764.279665
1764.424049
1765.730345
1765.808538
1767.693517
1767.754629
1767.861944
1768.428626
1768.435794
1769.437962
1769.926902
1769.930220
1770.294804
1770.412319
1770.614088
1771.006812
1771.255562
1771.315937
1772.297830
1772.358083
1772.566405
1772.674417
1773.103514
1773.226844
1773.525238
1773.956669
1774.455521
1774.523556
1775.434465
1775.654420
1777.109729
1777.989304
1778.047631
1778.091500
1778.098012
1778.159165
1779.032105
1779.908690
1779.943875
1780.793385
1780.810588
1780.937687
1780.981801
1781.173944
1781.232845
1781.238252
1781.383455
1782.349251
1782.486057
1784.003871
1784.032870
1784.465777
1784.585994
1784.653210
1784.664842
1784.783913
1784.988549
1784.994406
1785.538273
1786.213540
1786.324255
1786.359276
1786.448159
1786.497802
1786.708255
1786.953073
1787.028972
1787.154145
1787.347476
1787.356447
1787.629281
1787.667087
1787.670774
1787.816428
1788.286853
1788.515656
1789.124280
1789.290578
1789.729341
1789.802742
1789.827604
1789.920092
1790.041539
1790.065459
1790.930575
1792.398254
1793.042350
1793.228718
1793.468744
1793.716224
1793.734124
1794.017853
1794.292490
1794.342011
1794.706637
1795.555697
1795.614065
1796.154982
1796.466647
1797.298135
1797.407744
1797.452022
1797.628273
1797.644083
1797.712568
1797.934572
1797.979709
1798.097183
1798.378660
1799.665377
1799.721042
1799.951114
1800.955290
1801.128509
1801.381315
1801.765028
1802.868040
1804.089713
1804.137349
1804.322652
1804.806267
1805.070541
1805.390070
1805.736305
1806.012088
1806.376755
1806.673879
1808.151388
1809.093509
1809.155932
1809.676329
1809.837466
1810.381169
1811.789414
1811.882885
1812.252590
1812.296581
1812.682056
1812.970127
1813.882962
1814.087803
1814.460580
1814.587474
1815.429120
1815.517389
1815.727350
1815.951811
1816.191754
1816.224809
1816.404255
1816.513905
1817.874145
1817.970852
1818.489364
1818.686915
1818.894131
1819.305001
1819.412931
1819.700838
1820.103721
1820.391465
1820.937667
1821.083853
1822.010614
1822.659789
1823.977349
1824.957522
1825.155973
1825.923154
1828.579738
1829.728870
1830.781952
1831.163535
1831.234314
1832.564490
1832.748892
1833.148129
1833.320735
1834.447462
1834.818355
1835.346002
1835.665285
1835.897037
1836.173804
1836.389335
1836.748472
1838.838661
1839.115346
1839.364956
1839.732572
1840.101540
1840.481976
1842.513961
1842.881331
1843.174031
1843.250422
1843.282248
1843.399107
1843.469271
1844.748739
1845.210317
1845.296415
1845.979914
1846.031155
1846.253937
1847.136625
1847.268803
1847.288750
1847.303864
1847.306772
1847.806321
1848.845025
1849.123963
1849.186386
1849.807258
1849.998909
1850.240369
1850.279035
1850.897940
1850.941850
1850.999439
1851.250360
1851.489075
1851.731845
1851.824906
1853.157089
1853.197844
1853.404242
1853.694157
1854.344192
1855.177851
1856.026624
1856.118415
1856.505242
1857.573642
1857.846313
1857.934131
1858.097357
1858.889810
1859.886203
1860.651254
1860.673741
1861.159158
1861.361500
1862.309806
1862.829015
1863.299318
1863.973069
1865.172091
1865.465528
1865.722102
1865.903391
1866.105324
1867.284644
1867.371643
1867.875492
1869.800325
1870.078812
1871.083192
1871.134597
1871.271404
1871.765586
1872.017244
1872.521871
1873.182310
1873.460142
1874.738913
1875.958497
1876.070646
1876.513137
1876.889190
1877.524931
1877.620982
1878.426051
1878.638920
1878.830244
1879.230423
1879.239803
1879.955046
1881.012388
1881.087263
1881.629778
1882.618266
1882.884055
1882.951557
1884.327117
1884.356813
1886.801388
1886.989681
1887.356027
1887.442821
1887.453594
1887.551898
1888.693166
1889.535508
1890.949980
1891.131146
1891.592970
1891.956941
1892.080312
1892.306125
1892.771185
1894.600745
1894.886932
1895.164805
1895.340974
1896.667464
1896.721613
1896.862351
1897.678807
1898.474455
1898.549412
1898.590618
1898.593772
1899.461140
1900.786319
1902.286275
1902.311793
1902.321951
1902.335263
1902.989763
1903.944294
1904.003686
1904.067133
1904.112886
1904.254812
1904.588472
1904.747274
1904.840704
1905.159946
1905.425162
1905.430651
1905.437737
1905.497825
1905.860936
1906.116485
1906.260746
1906.339021
1906.359296
1907.077243
1907.105997
1907.957596
1909.417206
1910.152028
1910.198518
1910.259016
1910.857892
1911.014359
1911.508828
1911.769006
1911.848387
1911.942226
1912.470405
1912.788419
1913.341215
1913.368330
1913.538724
1913.681879
1913.790300
1913.803039
1914.008535
1914.074563
1914.136781
1914.195640
1915.279974
1915.618918
1916.067144
1916.249170
1916.720005
1917.930906
1918.066565
1918.119076
1918.125998
1918.679081
1919.210619
1919.311872
1919.607767
1919.614157
1921.074463
1921.483571
1921.612268
1922.529690
1922.970337
1923.644088
1924.013261
1924.561265
1925.308908
1925.403443
1925.456445
1925.538693
1925.551063
1925.611315
1925.617582
1925.652480
1925.742428
1926.475571
1927.052370
1927.109714
1927.357235
1927.371325
1927.406633
1927.573012
1927.727841
1928.742093
1929.348874
1929.535447
1930.244465
1930.333430
1930.628669
1930.636329
1931.507589
1932.016640
1932.799549
1934.369751
1934.837514
1935.019745
1935.077704
1935.102894
1935.537193
1936.116244
1936.756613
1937.120256
1937.427128
1938.461164
1939.643802
1940.188488
1940.393001
1940.652483
1940.832584
1940.929864
1941.409423
1942.147236
1942.528614
1942.868910
1943.045325
1943.463035
1943.561298
1943.679877
1943.714652
1943.843717
1944.441692
1944.747663
1944.986214
1945.528934
1945.542861
1945.552978
1945.621586
1946.604913
1946.680074
1947.235860
1947.760763
1948.236022
1949.897114
1950.409933
1950.420746
1950.569677
1951.330058
1951.484436
1951.495496
1951.863808
1952.241418
1952.437903
1952.493978
1953.024164
1953.146143
1953.202217
1953.421066
1953.723965
1954.656420
1954.966692
1956.093747
1956.479017
1956.550042
1956.724040
1957.068063
1957.248123
1957.548196
1957.688525
1958.688358
1959.060029
1960.060928
1960.109998
1960.171725
1960.189051
1960.411750
1960.441692
1960.460247
1960.475607
1960.562975
1961.403679
1962.176184
1962.300785
1962.801562
1962.851123
1964.338053
1964.354888
1964.496773
1964.577219
1964.627640
1964.794307
1965.225574
1965.333668
1965.387244
1965.486940
1965.546209
1965.684900
1965.924106
1966.043464
1966.148403
1966.353981
1966.609162
1966.676173
1967.325716
1969.019740
1969.622712
1970.798920
1971.470295
1971.515720
1971.541565
1971.586703
1972.173742
1972.733993
1973.058806
1973.522063
1973.841797
1974.170010
1974.532874
1974.666527
1975.012639
1975.237960
1976.728494
1976.752005
1977.089638
1977.129615
1977.188925
1977.223782
1977.240207
1977.250079
1977.292268
1977.841992
1977.874637
1978.703626
1979.817902
1979.998290
1980.003820
1980.250317
1980.322488
1981.701734
1982.055301
1983.507497
1983.709184
1984.712049
1986.029240
1986.401894
1986.525716
1986.869535
1986.921308
1986.997494
1987.698237
1987.773440
1987.774095
1988.313661
1988.368794
1990.051185
1990.146540
1990.358753
1990.534226
1990.552289
1990.788669
1991.495352
1992.267694
1992.463852
1993.156035
1993.703547
1993.754747
1994.027377
1994.135224
1994.153452
1994.231030
1995.336950
1995.381678
1995.718124
1996.827648
1997.517824
1997.637140
1997.762519
1998.167327
1998.192353
1998.919107
1999.551160
2000.202752
2000.589210
2001.170555
2001.409925
2001.790321
2002.275779
2003.050865
2003.302605
2003.837133
2003.918971
2004.670792
2004.865065
2005.085184
2005.100216
2005.582889
2006.258156
2006.798541
2006.893240
2007.859364
2007.925514
2007.929364
2008.173445
2008.424776
2008.788787
2008.938496
2009.213338
2009.812500
2010.773299
2011.348378
2012.227379
2012.647424
2013.362135
2013.452288
2013.635502
2013.740605
2015.116534
2015.251661
2015.510651
2015.733350
2015.773286
2016.347668
2016.781435
2016.891658
2017.023877
2017.365402
2017.499423
2017.636721
2018.081669
2018.395054
2018.497413
2018.545746
2018.878874
2019.005932
2019.097313
2019.497779
2019.819848
2019.836764
2019.839263
2020.735590
2020.871004
2021.576499
2021.791662
2021.801411
2021.942026
2022.368174
2022.576456
2022.736036
2023.409172
2023.670743
2025.745285
2025.757983
2026.752778
2027.109581
2027.262484
2027.487437
2027.922391
2028.075704
2028.191498
2028.297503
2028.340675
2028.409610
2028.534784
2028.798566
2028.878479
2029.692191
2030.459044
2030.470595
2031.996191
2032.245760
2032.283853
2032.376177
2032.491684
2032.593879
2032.636805
2032.838042
2033.014415
2033.089618
2033.207378
2033.500938
2033.584046
2033.965834
2034.340700
2034.752717
2035.077079
2035.592479
2035.613737
2035.692380
2035.787817
2035.829146
2035.892961
2035.988808
2036.205978
2036.227277
2036.481679
2036.557332
2036.572078
2036.658340
2036.797972
2036.892221
2037.154202
2037.177180
2037.408317
2037.731000
2037.768602
2038.154650
2038.186435
2038.989947
2039.191388
2039.421870
2039.471677
2040.175452
2041.413755
2041.694495
2041.892413
2042.080543
2042.866565
2042.999194
2043.226030
2043.387945
2043.816428
2044.524913
2045.623910
2046.149550
2046.267884
2046.832968
2048.150487
2048.867287
2049.807114
2050.385019
2050.464727
2050.831360
2051.466772
2051.472056
2051.656335
2052.190044
2052.729856
2053.106483
2053.247181
2053.334548
2054.094643
2054.248407
2054.305260
2054.865674
2055.233618
2055.950131
2058.667500
2059.591066
2059.792179
2060.236595
2060.436275
2061.025280
2061.159465
2061.350707
2061.477765
2061.987635
2064.344842
2065.946092
2067.475825
2068.141179
2068.281795
2068.289905
2068.292485
2068.459561
2068.481761
2068.536033
2068.768481
2069.224530
2069.313495
2069.847122
2070.171034
2070.230221
2071.308534
2071.674184
2072.023163
2072.567276
2072.603935
2072.961966
2073.362801
2073.554657
2074.099139
2074.721731
2074.979860
2075.238564
2075.467940
2075.490263
2076.334490
2076.533965
2076.787220
2076.888801
2076.973834
2077.018440
2077.221929
2077.381304
2077.643448
2078.282629
2078.599905
2078.627226
2078.825513
2079.042068
2079.127347
2079.259156
2080.166380
2081.260667
2083.190620
2083.247514
2083.369452
2084.075192
2084.093583
2084.839916
2085.022310
2085.198111
2087.371407
2087.718461
2088.013578
2088.022999
2088.510341
2088.596398
2088.645059
2089.353421
2089.804882
2090.032783
2090.882253
2090.985472
2091.307663
2091.448484
2092.232294
2092.389007
2092.593070
2093.179863
2093.356032
2093.395190
2093.412557
2093.541130
2094.270628
2094.514094
2094.616003
2095.187231
2095.233597
2095.527690
2095.552922
2095.721226
2096.528384
2096.762634
2096.862044
2096.931471
2097.162158
2097.163264
2097.194271
2097.405952
2097.566925
2097.913201
2098.025226
2098.493317
2098.562990
2098.601411
2098.894602
2101.435720
2101.878620
2102.119916
2103.138714
2103.468728
2104.128717
2104.755855
2105.393029
2106.134159
2106.454876
2106.540401
2107.204608
2107.225129
2107.302420
2107.370086
2107.722179
2107.847270
2108.091515
2108.344279
2108.627190
2109.300982
2109.363855
2109.541007
2109.945446
2110.004879
2110.195302
2110.543995
2110.724219
2110.797414
2111.120343
2112.168509
2112.718807
2113.376338
2114.014044
2114.126397
2114.237850
2114.561761
2114.921472
2116.354990
2116.498432
2117.060854
2117.178081
2117.249352
2117.280686
2117.508506
2117.655183
2118.601032
2119.332905
2119.534141
2119.753482
2119.948616
2120.201626
2121.274450
2121.702564
2121.857925
2122.163937
2122.576200
2122.576978
2122.719805
2123.180687
2123.534090
2123.727053
2124.018483
2124.494930
2124.656026
2124.840100
2124.915220
2125.024010
2125.106504
2125.155410
2125.160243
2125.186785
2125.351444
2125.417636
2125.573857
2125.683630
2126.166548
2126.331085
2126.395474
2126.547108
2127.117189
2127.188460
2128.024371
2128.128901
2128.200868
2128.694723
2129.425449
2130.805105
2131.367404
2131.630653
2132.217160
2132.394516
2132.647813
2132.679844
2132.687299
2133.114429
2133.265244
2133.285601
2133.795103
2133.823078
2134.364856
2134.807060
2135.299523
2135.891558
2136.195113
2136.471634
2136.549376
2136.634573
2136.653046
2136.684134
2136.783421
2137.098650
2137.171968
2137.238077
2137.751429
2137.854321
2138.048307
2138.106511
2139.007631
2139.727749
2139.816796
2139.989770
2140.061778
2140.197110
2140.454789
2140.991242
2141.126861
2141.304668
2142.118052
2142.135501
2142.222172
2142.628413
2142.929920
2143.153766
2143.274353
2144.116941
2144.192635
2144.351969
2144.433930
2144.716227
2145.016381
2145.871380
2146.477793
2146.861752
2147.435602
2147.443671
2147.797647
2148.329554
2150.455255
2150.527508
2150.884516
2150.922609
2151.070147
2151.152640
2151.168000
2151.178445
2151.221535
2151.438868
2151.761920
2151.848182
2152.293622
2152.452055
2152.901345
2153.546629
2153.639158
2153.655624
2154.290708
2154.378936
2154.679706
2155.457946
2157.079388
2157.438403
2157.595034
2157.895762
2157.956874
2158.065050
2158.303846
2158.346445
2158.698455
2159.013519
2159.522816
2159.650365
2159.668961
2159.713444
2159.943803
2160.023429
2160.052961
2160.056320
2160.064184
2160.167649
2160.191652
2160.212419
2160.435978
2160.466493
2160.568402
2160.811336
2160.871629
2160.906977
2160.958341
2161.655316
2161.668219
2163.023872
2163.075891
2163.221873
2163.591332
2164.177551
2164.731494
2165.047296
2165.118321
2165.220352
2165.298094
2165.941617
2166.068183
2166.387302
2166.634004
2166.832783
2167.382508
2168.875500
2170.517135
2170.837893
2171.620475
2172.489441
2172.788285
2172.835553
2172.882412
2172.989440
2173.036298
2173.055713
2173.368689
2173.441679
2173.869343
2174.188667
2174.360330
2174.494228
2174.622147
2174.733558
2175.051899
2175.123784
2175.271608
2175.419269
2175.427789
2175.610962
2175.813878
2176.479150
2176.523633
2176.687309
2177.503273
2177.699308
2177.779220
2178.969354
2179.255009
2179.278725
2179.284664
2179.597763
2179.611812
2179.770245
2179.843154
2179.889521
2180.042752
2180.107674
2180.183040
2180.220109
2180.396892
2181.216502
2181.927485
2182.034063
2182.047252
2182.968279
2183.647805
2183.891476
2184.099144
2184.402207
2184.937882
2185.003909
2185.125274
2185.171067
2185.265398
2187.357184
2187.763261
2187.920343
2188.887491
2189.043466
2189.309911
2189.606339
2189.735363
2189.954130
2190.144512
2190.530560
2190.846484
2191.399404
2191.722660
2191.766774
2192.694436
2193.105183
2193.318502
2193.550131
2193.816289
2193.989509
2194.136719
2194.144788
2194.586747
2194.604073
2194.946990
2195.295232
2195.575071
2195.920691
2197.237350
2197.256806
2197.651087
2197.949194
2198.444605
2198.526116
2198.773023
2198.836961
2198.871982
2198.993265
2199.207526
2199.248855
2199.254548
2199.460536
2199.739474
2199.782359
2199.957586
2200.012063
2200.078336
2200.238244
2200.335688
2200.446689
2201.115484
2202.929029
2203.603968
2203.772641
2203.818680
2204.363244
2204.383109
2205.312901
2206.169334
2206.471127
2206.756823
2207.483822
2207.538012
2208.089047
2208.797245
2209.210819
2209.861263
2210.025718
2210.075197
2210.100224
2210.787205
2210.810798
2211.247104
2212.257874
2212.920975
2213.782077
2214.158459
2214.215639
2214.587761
2214.906593
2215.535206
2215.678525
2216.006328
2216.127160
2216.477532
2216.517386
2216.610284
2216.815493
2217.295995
2217.954918
2217.964093
2217.976873
2218.094920
2218.173932
2218.394214
2218.445169
2218.548060
2218.650788
2219.230904
2219.413873
2219.517460
2219.798036
2220.221235
2220.602163
2220.704236
2220.894618
2221.509427
2222.100890
2222.443766
2222.450729
2223.208161
2223.308104
2223.875523
2224.171704
2224.243917
2224.593551
2225.784381
2225.853932
2225.986068
2226.425037
2227.382067
2227.484385
2228.347412
2228.823859
2228.935352
2229.352161
2229.357363
2229.534802
2230.005678
2230.973645
2231.562404
2231.678362
2232.761426
2233.277358
2234.065101
2234.085130
2234.311557
2235.368571
2235.501937
2235.620844
2235.864556
2236.062188
2236.270674
2236.892856
2236.983173
2237.190062
2237.313516
2237.565788
2238.169088
2238.737572
2238.831616
2238.945731
2239.599821
2239.973376
2240.384860
2240.408945
2240.436511
2240.490906
2240.631030
2242.956124
2244.124180
2244.414751
2245.438300
2245.488067
2245.875384
2246.395003
2246.891725
2247.056916
2247.281459
2247.504650
2247.942431
2248.406385
2248.845148
2249.566372
2249.647104
2249.756795
2249.968435
2249.979044
2250.100367
2250.361242
2251.390812
2252.743885
2253.348250
2254.034780
2254.621000
2255.083971
2256.624148
2257.126851
2257.402102
2257.536082
2257.822433
2257.843077
2258.187674
2259.883090
2259.938877
2260.837417
2261.155430
2261.237760
2261.394555
2261.457756
2262.619873
2262.717194
2262.750986
2262.869688
2262.905405
2263.729971
2264.152351
2264.425759
2265.361203
2265.720914
2265.892045
2266.365051
2266.494362
2266.508370
2266.692567
2268.070994
2268.471501
2268.693094
2270.050181
2270.398054
2271.242035
2271.798927
2271.933727
2272.204595
2272.453591
2272.511672
2272.699965
2272.927785
2273.150607
2275.391119
2275.508552
2276.540129
2277.038121
2277.846221
2277.856256
2278.747505
2278.899507
2279.049585
2279.517798
2279.838474
2279.920189
2280.736891
2281.938166
2282.472776
2282.657014
2283.147592
2283.373404
2285.310239
2285.924803
2286.416609
2287.096668
2287.269806
2287.533056
2287.946875
2288.018309
2288.035799
2288.252641
2288.544236
2288.843776
2289.964646
2290.109317
2290.173993
2290.269839
2290.531205
2290.834678
2290.974597
2291.022356
2291.094651
2291.510968
2291.995689
2292.443054
2293.893571
2293.976719
2293.991260
2294.177260
2294.443459
2295.047004
2295.150715
2295.612211
2295.949926
2296.018862
2296.324833
