65.492255
66.629222
67.615908
70.545326
71.095542
72.005059
73.632891
73.640755
75.459338
76.313600
76.742902
76.867543
76.952740
77.153976
77.328466
77.556695
77.719675
77.726638
77.765550
77.814538
77.988864
78.462894
81.233469
81.544069
82.494587
84.944200
85.149286
85.383455
86.122947
86.143877
87.669064
88.626504
88.804721
90.394747
92.708045
92.776899
92.896215
93.865165
94.339850
94.846689
95.071273
95.130542
95.314248
95.330468
96.395346
96.599122
98.426757
98.466284
98.903736
98.952315
101.214167
102.168084
102.422036
102.486467
104.974213
105.679831
107.105608
107.184292
108.100239
110.035927
110.551081
110.603469
110.972723
111.141069
111.195996
113.477509
114.340618
114.611323
114.699100
118.753116
119.435960
119.521362
123.624243
125.228564
125.298401
125.483254
125.512172
125.837722
125.937132
126.187397
126.211564
126.256169
126.268252
126.481777
128.812564
128.839803
129.592197
129.759027
131.871171
133.094728
133.324882
133.537669
135.359078
135.456317
135.863910
137.074688
137.825362
137.842442
138.364559
138.375987
138.533724
144.165437
144.889979
145.849098
151.173980
155.924070
156.713370
156.725084
159.898788
169.080463
169.826673
169.997271
171.087585
173.465313
174.246420
175.222866
176.304169
176.912138
178.624020
178.975990
179.124470
179.710362
184.563507
186.781778
192.587776
193.522033
193.622139
199.755899
200.199987
200.223375
203.053998
217.826714
224.007578
225.837998
229.704663
229.938708
230.692905
231.762616
233.646121
234.229924
237.434348
237.466952
237.625385
238.021140
238.928282
242.215485
245.081375
245.496422
247.187005
248.859566
248.878367
249.182126
249.439314
258.119311
259.028214
261.392712
261.533983
262.448415
264.112087
265.016975
265.355878
266.602332
267.972321
271.053046
271.089377
271.525478
274.219786
274.272420
283.450737
284.180193
284.296724
284.765102
284.822036
287.009792
287.179530
290.823455
292.597514
297.735455
297.757491
297.785917
299.609293
299.715502
299.765842
300.787589
300.798730
303.295324
303.440486
304.036782
304.609403
308.943094
313.957294
315.848540
316.559770
316.596593
316.624404
317.786767
320.568525
321.689682
327.988388
329.678479
329.686385
329.693430
330.261627
330.675814
333.316547
334.581309
336.973128
339.473285
344.400404
345.954345
346.012959
349.718610
350.199644
351.461417
357.775974
358.314312
359.055360
359.747052
360.543396
361.600655
361.674998
362.147226
362.363822
362.806927
363.062518
363.090534
363.848909
365.479240
365.871923
371.555000
375.644037
379.413627
379.707310
379.779359
382.696940
386.731295
388.198769
391.306117
393.177006
396.014469
404.057129
406.015631
408.482775
409.726116
409.781330
417.475256
417.858642
417.947197
426.268631
431.725117
432.920658
435.134751
435.332833
441.695805
447.657861
461.640581
462.597243
462.809129
464.700088
464.895918
466.205123
467.638927
469.919867
471.241032
472.019886
472.343470
473.337692
473.689743
473.864315
473.989775
474.010583
474.344366
474.648044
474.652344
474.988012
476.303852
477.406618
478.105068
479.038218
479.151186
479.589908
479.595520
479.607767
479.678874
480.399155
480.447775
480.751002
481.043579
481.221550
481.526415
482.283561
483.518710
483.547423
483.566920
483.591455
484.344832
484.355113
485.074739
486.369321
486.420603
488.922071
490.114990
490.736722
491.289723
491.536753
493.666509
496.209469
496.870687
496.892846
497.230766
498.451620
498.499297
499.561062
505.067479
505.082470
505.155420
506.479903
510.809293
511.165235
511.244984
513.470095
513.484800
513.589166
515.682877
539.873157
540.253962
540.601262
542.475715
542.481449
544.456745
544.508969
561.136517
561.162854
561.229824
568.047084
570.773381
598.023741
598.293135
598.490726
602.099958
602.140877
606.159667
606.791066
608.495862
608.970260
610.066719
611.241370
611.255050
612.452844
612.460626
612.475945
612.694753
612.989174
616.357847
616.389222
616.429486
617.320120
621.921526
622.196285
623.243182
623.615713
625.367982
627.736986
633.995510
636.612649
638.491525
638.559642
640.959078
693.233951
697.978020
700.166226
700.270305
700.742738
701.176545
702.369219
702.661181
703.414600
703.884329
704.329605
704.335421
704.714670
704.810803
704.839762
705.609810
707.189678
708.328038
709.273313
710.403359
711.244390
712.041718
712.107581
713.879265
725.581947
725.651825
725.653709
725.849047
728.772403
733.727621
734.022451
734.076723
734.667407
735.316009
740.097597
742.663700
742.805627
742.935593
747.390525
749.630751
750.086226
750.095974
750.167777
756.262707
756.682506
757.224079
757.235507
760.728125
761.771704
761.800827
761.907487
761.923953
762.294190
762.682860
762.748723
765.988905
766.006641
766.321500
768.417915
770.198241
770.257551
770.542428
770.647409
770.655805
771.816817
771.967918
772.050371
772.222157
772.355809
772.909957
774.333972
774.641213
774.750208
776.176968
787.563971
790.348800
790.604923
790.978150
793.300214
793.357148
795.757158
796.300288
799.162122
800.704102
803.318170
805.740298
809.225953
817.218478
819.897508
820.607590
825.519555
826.972733
827.449836
829.317612
829.851156
829.905920
829.967892
830.436229
830.467154
831.946875
832.129966
832.512082
837.566300
837.802516
838.011372
839.227761
839.358710
839.442842
840.014316
842.638418
843.440620
843.633500
853.839872
858.339656
859.370906
860.260557
860.932628
861.291643
861.387121
861.704561
861.937910
863.076721
863.362540
863.380439
863.837471
864.540590
865.300972
866.210857
867.634217
867.740959
867.784663
874.064159
874.385039
874.744381
875.817165
875.884093
876.118794
876.131164
877.346652
877.539287
877.650493
877.719880
877.894205
878.168924
878.322811
878.405509
878.426153
878.659256
881.501635
882.627461
882.650644
884.529930
891.103109
891.953848
894.128579
896.873185
897.859256
899.403981
899.495649
900.448870
901.042217
901.316485
906.600284
906.650296
906.767073
907.217347
908.227092
908.238971
908.584305
909.275423
909.288694
910.644511
911.651635
912.000778
912.338780
912.342876
912.809329
912.911032
913.341563
913.346028
915.172680
916.310548
916.319928
916.777247
917.064049
917.103657
918.960906
919.202243
919.250575
920.429855
920.531354
920.637235
920.940790
921.193103
921.286492
921.411748
922.444227
922.529792
922.691748
923.144315
923.615846
923.677655
924.495299
924.673475
925.153608
925.171630
925.238067
925.370122
926.258094
926.377861
926.450565
927.618540
929.178051
930.463089
931.442606
933.294899
934.132900
934.178652
935.732142
935.941816
936.022016
936.126382
937.364931
938.215997
941.217833
941.505700
942.692475
942.920212
943.418860
943.477146
943.969075
944.402678
944.451625
944.576553
946.408817
947.666166
948.136960
952.617697
955.543224
958.214513
960.577085
960.737116
963.918766
964.967834
966.276956
971.700920
975.010365
980.281057
981.252710
982.812877
985.277399
986.012344
986.071204
990.352753
990.403379
991.791718
992.754360
993.517036
994.569912
994.576835
994.659041
994.712781
995.377439
995.399680
1007.196856
1007.237530
1010.393784
1011.592561
1014.262129
1014.890414
1017.382216
1020.463882
1025.049477
1025.749893
1027.114271
1029.561631
1032.458813
1035.776287
1035.802911
1039.740355
1039.935652
1040.471859
1049.777316
1052.559114
1054.271488
1054.278410
1055.656796
1065.452503
1070.126408
1074.986476
1078.840320
1080.573501
1081.864192
1081.928458
1086.861599
1087.170355
1090.367447
1106.609070
1107.356385
1113.204900
1116.242493
1116.636283
1116.957614
1117.050102
1123.207086
1127.810867
1128.152924
1128.166605
1128.249590
1130.719764
1130.927514
1131.292549
1132.621947
1133.311017
1133.471949
1133.564396
1134.798438
1137.732649
1138.048451
1138.492785
1138.642780
1138.748006
1138.825175
1138.911764
1139.322307
1139.440476
1139.553731
1141.893612
1142.433260
1143.968522
1146.917724
1146.926244
1149.434634
1150.296924
1150.751457
1151.062589
1152.028918
1152.139592
1152.380027
1152.888627
1152.904970
1152.913326
1152.966124
1153.492787
1154.758861
1158.199337
1158.931005
1159.923712
1162.258473
1163.168973
1164.426895
1164.842803
1165.273006
1165.659505
1165.809664
1166.204109
1166.394491
1166.722212
1166.742405
1166.878351
1167.158313
1168.515850
1170.154742
1170.320548
1170.442732
1171.368182
1172.470743
1172.598620
1173.996749
1174.173819
1174.701588
1174.966108
1174.995599
1175.022879
1175.140229
1175.162552
1175.303045
1177.781207
1179.035935
1180.880323
1181.186335
1181.869548
1182.585242
1184.156426
1184.163553
1184.407183
1184.412713
1184.686858
1187.275940
1187.629957
1190.634127
1195.559936
1195.655578
1198.290207
1199.148892
1199.578440
1199.586755
1199.945155
1200.644014
1200.737075
1202.072822
1204.651172
1206.428385
1211.643904
1216.562422
1217.168425
1217.279590
1224.342733
1224.416870
1224.461353
1224.517796
1225.831956
1226.084721
1226.208870
1226.227384
1226.511196
1226.547241
1226.785792
1227.766292
1229.147709
1229.165240
1229.538918
1230.093599
1230.344643
1230.666834
1232.147784
1234.204590
1234.854871
1237.060239
1238.884598
1238.931087
1239.086490
1239.132160
1239.134454
1239.176561
1239.426785
1240.694579
1241.821348
1242.022502
1242.072105
1242.395034
1242.471752
1242.511073
1244.119695
1244.162621
1244.421816
1244.589015
1244.740772
1244.798607
1244.962652
1245.521224
1245.573243
1246.916035
1247.801139
1248.063980
1248.831365
1250.301338
1251.810140
1252.136428
1252.288471
1252.940718
1253.133844
1254.077030
1254.150881
1254.229565
1254.523658
1255.214367
1255.774003
1255.873208
1256.372879
1256.415314
1256.423670
1256.631296
1258.302505
1258.558751
1258.878894
1259.520901
1260.125839
1261.744333
1264.819323
1264.857907
1265.655398
1265.788436
1265.896694
1267.418972
1269.065646
1271.822459
1271.941571
1272.577925
1276.341248
1277.699277
1278.577664
1278.921851
1279.086387
1280.700948
1280.720036
1281.029571
1281.045668
1281.481892
1283.906232
1284.124590
1284.632658
1284.710195
1285.065605
1285.491507
1285.523825
1288.652104
1291.126784
1291.618550
1291.886346
1293.025690
1294.053540
1294.968218
1295.157166
1296.598671
1296.748216
1296.817275
1297.826652
1298.392269
1298.533745
1298.583020
1298.661417
1298.724291
1299.150520
1299.656376
1299.723428
1300.848312
1301.482578
1303.350477
1304.253399
1307.734712
1307.892654
1308.329943
1310.527529
1311.716721
1313.388093
1316.026573
1316.123894
1316.291379
1316.604928
1316.715725
1318.273925
1319.736812
1319.794647
1319.901553
1320.034304
1321.526927
1322.845553
1322.902774
1324.062351
1325.515325
1325.772636
1326.030561
1326.773821
1327.704637
1328.900751
1329.083884
1329.128899
1329.334354
1330.723185
1331.171205
1331.929866
1332.076667
1332.486799
1333.380997
1333.455626
1336.462746
1337.976996
1338.076692
1339.959214
1340.050309
1341.082624
1342.716969
1343.535473
1344.307200
1344.421970
1344.881254
1345.660518
1345.778278
1346.022441
1346.419548
1346.771804
1347.598868
1348.427858
1348.480082
1348.493353
1348.602921
1350.309888
1350.564782
1350.919291
1350.978560
1351.496868
1352.514478
1353.519800
1353.534341
1354.081935
1354.111590
1355.264164
1357.117604
1357.441925
1358.737777
1358.857544
1358.874337
1358.894817
1362.017034
1362.046484
1362.362573
1366.288876
1367.551304
1367.638958
1367.905731
1368.501494
1369.009971
1369.024676
1369.183887
1369.985147
1370.307133
1370.804306
1370.821304
1371.885240
1375.663636
1377.343037
1378.563154
1379.460792
1379.482255
1379.903242
1381.057044
1381.124506
1381.131592
1381.475983
1381.615698
1383.221535
1385.105490
1385.361736
1385.531064
1386.747167
1387.101635
1387.497964
1388.066775
1388.378399
1389.049405
1389.227950
1389.848371
1391.316337
1391.984927
1393.820795
1394.101985
1399.704535
1400.705106
1401.251348
1401.381233
1402.698056
1402.819420
1402.880901
1403.015496
1403.286364
1404.398141
1410.065408
1410.241987
1410.349670
1410.815427
1410.907955
1418.687734
1419.293123
1419.523727
1421.060669
1421.367255
1421.656801
1421.666386
1422.352056
1424.099451
1424.685425
1426.810921
1426.867651
1426.937856
1427.718881
1428.211261
1428.251935
1428.448297
1428.547584
1428.885709
1429.435146
1438.757233
1438.833377
1441.893868
1442.913935
1443.686646
1444.737638
1444.954808
1445.646295
1446.111150
1446.926746
1447.426007
1447.647314
1447.723459
1448.195973
1448.240128
1448.633754
1448.827208
1449.960202
1450.042286
1450.393108
1450.465935
1451.175813
1453.140746
1453.203702
1453.486817
1453.497303
1454.025687
1454.041293
1455.551324
1455.591137
1456.463503
1457.907139
1458.053571
1458.543780
1458.969969
1458.987786
1460.991795
1461.001339
1461.792154
1462.152274
1462.773187
1463.041761
1463.492198
1463.597793
1464.354939
1464.732140
1464.781906
1465.389998
1466.498253
1466.566083
1467.906458
1467.954340
1468.610683
1469.141688
1469.177897
1469.432013
1469.561733
1470.306140
1470.337188
1470.375567
1470.636851
1470.761615
1472.651469
1472.670802
1473.289503
1473.344676
1473.416356
1473.437286
1474.045379
1474.135491
1474.582610
1474.594611
1475.154043
1475.375309
1475.587277
1475.914301
1477.851136
1477.915525
1478.457057
1478.499820
1480.202691
1481.128387
1481.708216
1481.786900
1482.932961
1483.236884
1484.562104
1484.589384
1484.755599
1484.798239
1488.078356
1488.588145
1489.977590
1495.009690
1496.131174
1496.207483
1497.254175
1497.313567
1498.107208
1498.289848
1498.316431
1498.643210
1504.296632
1504.655606
1504.828252
1504.896000
1505.304781
1505.451295
1508.639498
1510.700646
1511.667507
1511.752049
1512.065393
1514.010870
1515.016602
1515.130757
1516.087992
1516.742902
1516.783862
1516.797256
1516.953395
1517.597450
1517.621740
1517.862912
1518.497587
1518.898094
1519.041208
1519.491645
1519.807447
1522.174525
1524.070359
1524.082074
1524.207329
1527.491625
1527.579730
1528.454963
1529.899336
1529.922068
1529.962783
1530.367181
1532.461548
1560.306729
1562.582221
1562.865746
1563.207066
1566.407066
1567.638692
1568.546161
1570.532475
1576.033362
1602.277130
1619.755745
1620.157194
1625.343672
1631.802204
1642.956431
1646.157660
1649.066394
1655.650058
1663.289303
1663.320392
1670.889964
1674.524959
1679.788605
1684.368630
1684.449894
1686.686024
1701.758034
1704.415519
1706.527621
1710.243676
1722.348052
1723.230863
1723.713126
1728.120300
1735.165174
1736.492851
1742.960108
1743.933030
1745.429668
1746.283397
1748.153508
1752.521277
1753.763594
1758.206484
1758.317036
1758.425825
1771.192484
1779.289006
1779.438551
1782.349087
1786.680566
1788.110316
1789.624934
1796.219576
1799.819100
1808.509747
1808.650895
1813.689467
1818.394665
1819.935457
1821.003653
1821.704561
1822.159421
1823.215288
1826.711429
1831.915930
1832.062771
1834.015457
1834.347315
1834.375291
1836.823470
1839.083889
1841.598710
1841.836605
1842.079826
1845.285970
1849.043845
1851.036959
1852.352389
1853.798851
1857.311457
1867.295744
1870.343660
1871.095603
1871.362253
1872.528876
1875.744440
1880.155382
1885.140828
1885.153935
1885.576929
1886.509998
1892.596122
1892.620165
1893.251686
1897.130680
1899.768668
1899.896996
1903.589130
1904.617431
1907.085394
1919.697592
1922.579784
1923.118653
1929.549660
1933.537403
1937.550459
1937.614111
1939.812065
1943.560069
1947.015414
1952.847995
1958.523945
1960.857354
1965.452206
1969.744077
1978.868777
1979.189535
1984.761364
1993.808036
1996.639764
2000.878838
2004.781957
2005.612503
2005.641585
2008.516280
2013.519217
2014.346977
2014.963139
2020.571423
2029.710787
2030.594007
2032.634675
2033.637458
2039.828398
2041.194209
2042.329047
2060.955402
2061.259366
2081.781719
2082.287411
2087.099965
2089.050563
2089.250161
2095.378883
2108.245320
2108.269896
2109.965312
2109.979976
2110.296842
2110.416445
2110.693335
2112.000041
2113.542390
2113.704141
2113.870316
2114.041487
2114.842542
2114.903040
2114.992128
2115.214787
2115.375677
2115.840164
2117.993390
2119.326228
2119.591895
2119.788462
2119.860593
2123.334984
2124.540969
2124.618834
2125.571564
2125.842883
2125.913498
2126.657618
2126.780375
2127.587205
2127.633900
2128.361267
2128.478126
2128.505815
2128.642089
2129.567498
2130.080440
2130.289869
2131.812925
2132.131267
2133.443133
2133.962220
2135.042621
2135.169720
2137.003827
2137.489326
2137.973801
2138.564977
2138.585375
2146.005361
2146.673664
2148.564419
