186.148168
186.382090
186.511401
186.774200
187.053752
187.670159
189.173187
189.698458
190.010941
190.808719
190.810604
191.519089
191.519990
192.210289
192.444867
193.702953
193.871135
194.091991
194.468618
194.626068
195.844465
196.167148
196.751688
196.914504
197.549302
197.603574
198.484746
199.439811
199.556383
199.796081
199.800218
201.292759
201.302139
201.305334
202.180157
202.206781
202.329620
202.350551
203.328553
203.459174
204.220498
204.236104
205.263626
205.786440
205.940654
207.048090
208.482755
209.519780
213.315748
213.322875
213.373665
213.567283
213.762376
214.811402
216.038236
217.310044
218.002227
218.226115
219.506893
219.707310
219.761254
220.218409
220.416860
220.654756
220.730941
221.122478
221.428081
223.624847
225.926799
225.929585
226.149540
226.621071
226.743419
227.395666
227.408527
227.730104
229.192131
231.084319
231.671357
233.959301
234.099917
234.884301
235.139154
235.536998
236.492349
236.838830
237.696041
238.567547
239.089787
239.172608
239.490662
239.973622
240.817644
241.387110
241.542472
245.291704
247.643668
248.857313
249.152840
251.010744
251.867464
252.813722
255.189361
255.592612
256.081469
256.330383
256.551363
256.709755
257.077740
257.188454
258.704220
258.798387
258.898657
258.929418
259.107881
259.710771
260.225761
261.826601
262.144614
262.643917
262.780191
263.470162
264.303043
264.902533
265.133466
265.220465
267.392614
268.500664
269.615391
270.056735
271.060951
271.889408
272.219873
272.555049
272.565412
272.990290
274.062787
274.828370
275.445309
275.995443
276.431299
278.151700
278.970245
280.245002
282.193879
282.500465
282.506527
282.510459
282.513285
284.014879
285.876470
287.894938
290.624348
291.576750
292.897669
292.931871
294.504407
295.298048
297.495921
298.052567
298.352845
298.939228
299.136778
300.365128
300.628296
305.503928
306.328986
306.753864
306.798961
306.829025
306.844467
307.131638
307.452600
308.075069
308.958577
309.677998
312.935834
321.494385
322.374656
324.404920
325.379850
326.019072
327.636992
328.510259
329.427149
329.790874
331.166024
331.222344
332.033229
332.119982
332.547604
332.662047
332.875981
335.057428
335.547761
335.621571
335.901164
336.881500
337.935565
338.166661
339.716342
340.074209
340.101939
340.303995
341.088543
341.641585
343.873946
344.045855
344.080916
344.341012
344.367636
344.763228
346.366648
348.691456
348.695388
348.698010
348.862915
349.722788
351.556362
352.276808
353.551811
354.254725
357.017600
357.199421
358.150062
358.502113
359.439974
359.551345
359.795876
359.926989
367.792824
369.197015
370.041405
370.586542
370.954568
371.690332
372.542218
374.596485
374.601318
375.520297
375.546593
377.075180
377.573048
377.578947
377.583657
377.586811
377.768305
378.980844
379.202109
385.818501
387.570893
387.897672
387.913114
387.961364
388.317512
388.479672
388.888494
390.738944
393.600778
394.013286
402.223677
402.542879
402.782740
402.785976
402.789868
402.934252
405.059994
405.064991
405.067940
405.591572
405.595464
405.730181
408.562606
408.730870
412.440207
414.835180
414.852628
416.170189
416.383468
417.356390
417.741619
421.927076
422.020792
422.326804
422.399140
423.371653
424.556093
425.269166
425.309798
425.486787
427.021885
427.763343
429.758710
430.140989
431.096381
432.466944
432.917668
434.060943
439.635640
440.541184
441.207685
441.888317
442.783171
444.979241
445.816586
446.101545
451.270124
451.730104
452.182671
452.565156
457.448243
458.035159
461.563863
462.197473
462.244741
462.379418
463.383306
464.049725
464.535634
464.860365
465.230193
466.514084
467.939492
468.073718
469.133599
469.601198
470.343639
470.377144
471.793623
472.771461
473.075876
473.974006
474.099343
474.189128
474.810245
475.264410
475.399496
479.107318
479.606006
480.428892
480.713359
481.480745
481.810842
481.951908
482.037924
483.760620
483.771392
483.776635
483.779297
483.811492
484.496589
486.013870
486.901760
488.133591
488.197857
488.492974
488.834171
489.607905
490.834862
491.197112
492.217426
492.326994
493.091471
495.496151
497.690624
497.777500
499.714130
500.422410
500.655227
501.243904
501.291090
501.340897
501.507072
501.736694
502.405980
502.612746
502.959555
503.205274
503.799521
504.234803
505.006326
505.220383
505.460654
505.682371
505.787965
505.915433
506.935173
507.126374
507.800248
509.543506
509.695345
512.360038
512.422216
512.681656
513.043497
513.071104
513.085768
513.233019
519.998833
521.161441
521.219072
521.490801
521.494651
521.632522
521.636536
521.640059
521.642762
522.170655
522.199941
522.366116
522.431324
523.773788
523.779031
523.782676
532.908073
534.855188
537.504440
538.442916
538.899128
540.629197
543.806423
546.775818
548.216218
550.520463
550.629048
550.709903
552.294031
554.982318
555.787428
556.276122
556.388925
557.658112
559.507128
562.333368
562.751488
562.925158
566.117089
567.264707
570.514022
570.968064
571.118797
571.447132
571.501527
572.255355
574.604698
575.428936
575.659500
577.098998
579.338486
581.222687
581.232230
581.256806
583.842202
585.308037
586.008945
586.690642
587.811144
587.863859
592.019743
595.167437
598.312059
599.129252
600.715428
601.553388
601.716285
601.852232
602.344243
608.325304
608.361349
611.053568
611.383337
611.859292
620.220498
624.313876
625.941094
627.657851
629.138063
631.026606
632.688640
635.062395
635.282801
635.597005
635.922514
636.797460
637.314703
637.436846
640.453100
642.494587
642.651587
642.698813
644.011745
644.043407
647.428833
647.933215
649.626378
649.716531
650.606060
650.645176
651.369677
653.198172
653.539041
653.578895
654.010778
654.090117
654.799258
655.029453
655.496643
656.092201
657.253089
659.316818
659.699958
660.127048
660.905206
662.226698
662.379315
663.524884
664.069038
666.332692
666.474824
666.526065
667.150377
667.233935
667.674993
668.252815
668.356198
668.365292
668.844564
668.928655
669.489521
670.041252
670.632428
670.640046
673.318871
675.787817
676.354662
677.294449
679.205315
680.304353
680.353219
682.327081
684.183142
686.418862
687.498772
687.721595
688.318956
688.326124
688.329769
688.332554
688.591217
688.949699
688.982753
689.438147
689.451909
690.499256
690.602271
690.724495
690.804613
691.513672
692.173292
692.275651
692.384604
692.390461
692.917699
693.772902
694.963323
695.034716
695.081779
696.017060
696.137155
697.390080
698.446766
699.433820
705.466327
705.628774
705.633362
705.635738
705.638359
705.642168
706.466284
707.003433
707.297853
707.460628
707.939492
708.230103
708.784824
709.818655
713.246843
713.397330
714.415227
718.437007
718.588887
718.764974
718.904320
718.950646
719.686820
719.792251
719.858401
721.346478
728.967332
730.200105
730.767442
732.995338
734.252810
734.761411
735.246868
735.341404
735.346688
735.350088
735.352955
735.596421
735.916401
740.620452
743.167508
745.223373
751.122801
752.865485
760.064860
760.474993
761.293210
761.306317
761.473843
767.786148
768.064635
770.872361
773.966397
774.936207
774.984049
775.720591
776.095867
777.267610
779.660329
780.638126
780.711854
837.068718
837.074616
837.139948
837.151007
837.157642
837.199380
837.385789
837.406310
837.419172
837.429699
837.434737
837.441700
837.556961
837.726208
837.756232
837.853348
838.000026
838.076293
838.263398
838.323487
838.371738
838.510264
838.661284
839.013253
839.066870
839.199826
839.248404
839.315907
839.406346
839.504486
839.527055
839.621837
839.650755
839.699456
839.721001
839.905772
840.000266
840.042209
840.074363
840.325898
840.859607
841.032786
841.042248
841.049661
841.052324
841.330770
841.413427
841.528566
841.817498
842.207887
842.312540
842.557235
842.638090
842.688143
842.704896
842.721362
842.787267
842.793779
843.046216
843.109417
843.131290
843.239424
843.455898
843.640218
843.645706
843.651359
843.901993
843.941069
844.024013
844.043387
844.151276
844.421161
844.762849
844.775424
844.785582
844.788449
844.792463
844.798648
844.804465
844.974408
845.081068
845.171261
845.290742
845.474775
845.594501
845.646807
845.694034
845.803684
845.833830
845.932298
846.174413
846.267105
846.447165
846.455644
846.585364
846.762926
846.902845
847.134433
847.268577
847.325430
847.476695
847.492792
847.602196
847.722865
847.765627
847.779840
847.918858
848.075448
848.264806
848.329155
848.446710
848.551936
848.770744
848.916808
848.951460
848.957972
849.100513
849.446380
849.521254
849.671373
849.800110
850.081137
850.086298
850.090803
850.093875
850.498642
850.698936
850.759352
850.852864
850.941829
851.157975
851.282944
851.435438
851.600138
851.613819
851.624468
851.632497
851.636756
852.038984
852.061143
852.121723
852.187873
852.456571
852.654080
852.890788
852.907581
853.108531
853.258322
853.370552
853.599068
853.963080
854.032753
854.087598
854.099968
854.247219
854.345073
854.442721
854.603284
855.002112
855.123722
855.214858
855.450378
855.455334
855.634698
855.891681
856.134943
856.201298
856.246231
856.523284
856.532992
856.536719
856.541553
857.047409
857.130394
857.225953
857.467412
857.582428
857.602171
857.710797
857.730007
857.740247
857.746309
857.749750
857.869844
858.062684
858.084229
858.244506
858.310451
858.402529
858.528236
858.550641
858.589553
858.595983
858.654679
858.680156
858.881597
859.097498
859.455406
859.657011
859.730412
860.175565
860.339528
860.622561
860.812739
860.998533
861.377864
861.636362
861.733519
861.743514
861.806920
861.901906
861.949338
861.991281
862.165074
862.170644
862.175642
862.182932
862.595154
862.612931
862.823997
863.312937
863.619686
863.651512
863.654420
863.661548
863.807570
863.952200
863.979397
864.045261
864.154214
864.219300
864.318341
864.442900
864.480666
864.605553
864.701440
864.716718
864.749158
864.758743
864.762225
864.914104
865.063485
865.222984
865.233715
865.427988
865.478738
865.574953
865.728799
865.780081
865.841684
865.898906
866.052628
866.086298
866.100388
866.104730
866.437284
866.576548
866.718597
866.830500
866.878464
866.912256
866.936095
867.075645
867.161416
867.415040
867.515556
867.637903
867.731661
868.157645
868.352573
868.477256
868.626268
868.765368
868.884152
869.371085
869.382717
869.593907
869.624996
869.748777
869.930230
870.347366
870.417859
870.516408
870.541722
870.643139
870.745129
870.936986
871.106028
871.116964
871.123436
871.127613
871.288177
871.371530
871.446569
871.705641
871.886643
871.895081
871.901839
871.906509
872.068465
872.241275
872.890040
872.958484
873.109217
873.263268
873.386680
873.438249
873.661604
873.978552
874.133135
874.290012
874.352599
874.446889
874.694001
874.996367
875.173929
875.197030
875.281490
875.637965
875.725005
875.771290
875.900314
876.045517
876.148736
876.260639
876.410388
876.486779
876.858655
877.163438
877.642301
877.747978
877.879460
878.054441
878.301430
878.323261
878.446469
878.567956
878.594662
878.796186
878.824571
878.851236
879.265833
879.526093
879.541780
879.546696
879.864832
879.991194
880.297001
880.403620
880.706929
880.791962
880.929341
881.459077
881.703854
881.863025
881.901322
881.990738
882.080481
882.194719
882.242232
882.315387
882.437161
882.455265
883.011461
883.134996
883.227771
883.338568
883.521004
883.736617
883.748782
883.882107
883.950141
884.067492
884.113203
884.204052
884.372275
884.473733
884.482540
884.485202
885.863547
885.927895
885.949768
886.081495
886.084936
886.090629
886.096118
886.174679
886.243738
886.276751
886.279537
886.348636
886.383288
886.397747
886.413763
886.487368
886.502564
886.505636
886.560072
886.583296
886.600376
886.634742
886.656655
886.690570
886.762127
887.035208
887.123436
887.189955
887.286579
887.349658
887.482900
887.684137
887.753441
887.851459
887.876813
887.935549
888.023654
888.110653
888.167956
888.182252
888.279286
888.353014
888.418140
888.497603
888.501699
888.506982
888.515215
888.687247
888.789852
888.919777
889.025126
889.059942
889.141371
889.205555
889.432678
889.658122
889.803039
889.809388
889.960694
889.978429
889.989161
889.992233
890.390405
890.399621
890.404864
890.407977
890.494403
890.726892
890.877010
890.984079
891.090166
891.264164
891.462779
891.672904
891.682365
891.993989
892.020367
892.106670
892.157952
892.288819
892.349194
892.433736
892.592824
892.692111
892.756541
892.925379
893.007421
893.112279
893.223281
893.282099
893.405389
893.648814
894.239212
894.474895
894.611128
894.748672
894.850007
894.929469
894.937580
894.942167
895.044731
895.154258
895.278285
895.521833
895.643116
895.854510
895.977964
896.061317
896.196280
896.236544
896.323256
896.530637
896.781312
896.830956
896.858726
896.940605
897.155727
897.219584
897.324646
897.409229
897.559101
897.722900
897.803182
897.815183
897.991393
898.283643
898.308628
898.374205
898.553815
898.663793
898.728714
898.816492
898.967347
899.259679
899.446252
899.488072
899.604603
899.707822
900.072858
900.116111
900.226212
900.270121
900.283392
900.410655
900.479795
900.497162
900.572365
901.096612
901.144494
901.607875
901.930803
901.966725
902.044140
902.085550
902.514156
902.597632
902.646907
902.775030
902.947922
903.223296
903.267738
903.366124
903.382958
903.386276
903.518863
903.713628
903.934034
904.126956
904.232182
904.320041
904.481915
904.918712
905.016402
905.028895
905.032704
905.209774
905.578660
905.760768
905.907610
906.084844
906.319749
906.465075
906.539991
906.623222
906.665165
906.867589
906.897777
907.015823
907.043144
907.299676
907.452948
907.492966
907.505459
907.508531
907.515494
907.520205
907.918541
908.104745
908.218286
908.226150
908.230574
908.374057
908.537651
908.639396
908.751626
908.765020
908.798894
908.819825
908.971254
909.460234
909.468754
909.692314
909.733478
909.746872
910.003159
910.106706
910.177894
910.339604
910.598390
910.750065
910.755103
910.760100
910.942618
911.481528
911.738757
911.814083
911.939461
912.097280
912.194970
912.244285
912.648028
912.657695
912.766894
913.210696
913.229251
913.411154
913.554842
913.715159
913.993769
914.105221
914.167398
914.264556
914.314772
914.550170
914.837094
914.962637
915.194921
915.294618
915.309486
915.363471
915.440435
915.494011
915.608003
915.682836
916.394926
916.464517
916.480451
916.497777
916.500972
916.892836
917.197783
917.255455
917.595546
917.837742
918.290186
918.395003
918.540616
918.687416
918.864609
919.172342
919.237140
919.367148
919.430513
919.466762
919.598326
919.701627
920.074240
920.178811
920.242995
920.397988
920.455291
920.529428
920.664678
920.712643
920.747909
921.028977
921.135145
921.337610
921.458401
921.510298
921.534382
921.708134
921.770639
921.844531
921.955779
921.995059
922.003005
922.020823
922.408878
922.902774
922.950246
923.039007
923.048468
923.053588
923.058053
923.277804
923.605934
923.686339
923.839611
924.058460
924.112404
924.207759
924.282266
924.424151
924.552643
924.780872
924.909527
925.002916
925.019382
925.025444
925.031055
925.035110
925.269524
925.418250
925.584998
925.724590
926.062469
926.155203
926.415913
926.518927
927.021015
927.078236
927.189361
927.234703
927.251005
927.256617
927.885926
928.002662
928.127590
928.215081
928.229949
928.235315
928.647168
928.966779
929.008640
929.088553
929.956209
930.458542
930.856346
930.866627
930.870600
931.765903
931.794371
931.950838
932.086456
933.098865
934.824796
936.212234
939.249951
940.166062
940.448645
942.900675
943.168266
944.007864
947.855155
948.093870
948.353761
948.477665
949.064950
949.175706
949.291213
949.301248
949.308293
949.360927
949.398856
949.403976
949.408604
949.412372
949.418230
949.423432
949.428511
949.444526
949.450875
949.526364
949.554381
949.585838
949.684183
949.693768
949.767209
949.875548
949.926625
950.262620
950.268723
950.332621
950.392504
950.542336
950.697206
950.834627
950.942106
951.023124
951.093166
951.140598
951.209943
951.278756
951.337984
951.374848
951.721574
951.731405
951.734108
951.741768
951.752950
951.925637
951.992320
952.044052
952.269455
952.421745
952.478433
952.569774
952.642150
952.730173
952.762163
952.889917
952.904212
952.981914
952.998953
953.119662
953.195233
953.256550
953.299599
953.381274
953.454633
953.469051
953.757409
954.163773
954.214318
954.394870
954.438124
954.444636
954.448036
954.526638
954.574234
954.590740
954.633257
954.668524
954.735698
954.802217
954.834412
954.866237
954.892534
954.942833
955.071652
955.147592
955.152957
955.156398
955.326833
955.446927
955.517501
955.550106
955.617567
955.721523
955.763016
955.810406
955.877253
955.968348
956.306555
956.352553
956.420956
956.467323
956.530524
956.559032
956.651069
956.837233
956.917391
957.052109
957.078856
957.167944
957.437215
957.545472
957.552108
957.656801
957.755146
957.818307
958.170604
958.179533
958.185718
958.206812
958.352835
958.481695
958.686863
958.777139
958.863155
958.918205
959.044649
959.114486
959.130337
959.139103
959.141847
959.230075
959.234458
959.240684
959.246213
959.347057
959.636398
960.187146
960.444908
960.514703
960.563773
960.576635
960.809206
961.036534
961.063035
961.084826
961.254932
961.541366
961.890632
961.980621
962.104607
962.233590
962.397962
962.470830
962.536858
962.626970
962.758369
963.073229
963.075564
963.309322
963.372155
963.478364
963.904020
964.014449
964.087316
964.098580
964.103946
964.107387
964.542915
964.695204
964.725187
964.738007
965.021409
965.081743
965.183242
965.233623
965.304402
965.577605
965.815419
965.909176
966.228296
966.377103
966.473728
966.579487
966.663332
966.735708
966.790062
966.803702
966.950380
966.976430
967.262003
967.663329
967.702569
967.732019
967.801487
967.838761
967.842529
967.851622
967.858381
968.383406
968.451072
968.741560
968.822211
968.911217
969.093120
969.182372
969.270436
969.402081
969.506652
969.603072
969.640837
969.655009
969.731400
969.826140
969.838264
969.857352
969.862676
970.068705
970.107208
970.396221
970.775101
971.255439
971.722015
972.009267
972.056084
972.098970
972.191662
972.380406
972.397117
972.499313
972.547768
972.670034
972.909036
972.967035
972.989358
973.153690
973.595279
973.869507
974.000292
974.187110
974.223278
974.286316
974.306017
974.431928
974.511186
974.585856
974.615347
974.818959
975.074632
975.158641
975.240028
975.319777
975.506145
975.583560
976.135864
976.275251
976.380600
976.460841
976.538665
976.599736
976.662897
976.956129
977.266156
977.371505
977.489674
977.539768
977.693082
977.709384
977.788928
977.845740
977.897800
977.974641
979.265290
979.447194
979.455672
979.458662
979.464151
979.470623
979.475579
979.658465
979.910042
980.326769
980.600340
980.703683
980.862525
981.070602
981.275238
981.363261
981.493842
982.177997
982.543565
983.138836
983.229317
983.279043
983.520420
983.650304
983.742095
983.870751
983.955169
983.994163
984.079442
984.095949
984.174551
984.201830
984.240251
984.603156
985.185362
985.461842
985.733652
985.846989
985.855222
986.046218
986.119905
986.150584
986.240778
986.662339
986.668851
986.720256
986.723574
986.730988
986.887741
986.956554
987.050639
987.309179
987.498824
987.634811
987.724268
988.005171
988.246221
988.317327
988.763832
988.793979
988.994601
989.204849
989.329203
989.337231
989.345710
989.349560
989.921976
990.067958
990.172365
990.221967
990.301962
990.460518
990.817157
990.860780
990.919844
991.018189
991.032893
991.194931
991.254979
991.369134
991.393423
991.404687
991.415747
991.631811
991.750062
991.785492
991.853650
991.937249
992.093594
992.223232
992.315679
992.393462
992.487629
992.511590
992.682803
992.829563
992.842383
992.848937
992.852460
992.996024
993.032110
993.084662
993.206518
993.214341
993.217085
993.373102
993.397719
993.551974
993.669693
993.899356
993.902592
993.987666
994.061189
994.078188
994.180547
994.536325
994.742272
994.975252
995.091579
995.356099
995.449774
995.514286
995.593503
995.610010
995.617464
995.624100
995.942810
996.057784
996.139827
996.195860
996.350730
996.423066
996.540785
996.632658
996.911268
996.986716
997.066752
997.083095
997.139579
997.215355
997.264548
997.326561
997.408563
997.432812
997.453947
997.535908
997.605745
997.617418
997.641830
997.647524
997.765366
997.816402
998.158500
998.843064
998.869033
998.938501
999.076987
999.207772
999.549952
999.605699
999.893770
1000.265032
1000.734065
1000.987730
1001.055887
1001.150013
1001.292308
1001.521029
1001.549783
1001.663775
1002.024223
1002.140099
1002.149601
1002.644972
1002.734428
1002.953114
1003.185357
1003.330683
1003.432346
1003.522908
1003.592335
1003.634483
1003.697111
1004.054692
1004.412887
1004.503368
1004.509512
1004.617564
1004.675850
1004.730163
1004.766863
1004.803154
1004.875325
1004.943933
1004.990915
1005.071237
1005.232374
1005.244580
1005.248389
1005.253509
1005.375898
1005.379625
1005.382369
1005.488456
1005.991895
1006.034084
1006.119772
1006.198579
1006.307615
1006.320558
1006.326292
1006.331003
1006.578115
1006.708490
1006.800978
1006.821868
1007.170191
1007.242609
1007.610511
1007.820800
1007.826739
1007.969239
1008.173875
1008.395674
1008.759972
1008.867287
1009.015194
1009.042473
1009.116406
1009.305068
1009.345004
1009.380024
1009.402839
1009.422213
1009.432453
1009.449779
1009.453466
1009.461043
1009.468744
1009.594655
1009.701151
1009.735434
1009.813053
1009.904026
1010.564178
1010.643313
1010.666660
1010.787451
1010.874081
1010.896855
1011.248087
1011.392225
1011.472916
1011.838730
1011.904553
1012.038328
1012.042916
1012.166697
1012.187464
1012.198359
1012.203807
1012.208517
1012.219822
1012.226785
1012.534927
1012.684718
1012.800348
1012.931052
1013.313413
1013.438874
1013.527429
1013.558354
1013.605540
1013.630976
1013.636014
1013.648302
1013.831885
1013.908193
1013.924823
1013.998019
1014.250332
1014.283960
1014.539633
1014.581084
1014.620979
1014.674596
1014.751355
1014.870753
1014.876774
1014.977085
1015.082271
1015.281869
1015.293092
1015.369359
1015.396270
1015.451279
1015.499858
1015.566500
1015.621468
1015.654031
1015.742833
1015.760773
1015.848509
1016.540611
1016.602010
1016.684790
1017.064571
1017.300050
1017.393603
1017.431409
1017.632891
1018.105324
1018.187899
1018.287227
1018.469130
1018.605650
1018.613719
1018.760151
1019.101921
1019.178435
1019.373732
1019.557519
1019.684987
1019.800330
1019.932058
1020.132639
1020.350013
1020.503572
1020.557066
1020.611092
1020.675564
1020.725453
1020.805980
1020.831252
1020.915466
1021.287711
1021.433364
1021.605724
1021.753754
1021.802660
1021.874340
1021.919355
1022.055670
1022.120755
1022.201201
1022.228644
1022.543749
1022.723195
1022.785372
1022.887322
1022.993326
1023.154340
1023.399977
1023.503688
1023.564472
1023.636644
1023.822111
1023.937331
1024.018268
1024.042639
1024.137667
1024.455721
1024.581796
1024.634716
1024.742932
1024.751411
1024.939295
1024.983204
1025.253171
1025.335132
1025.413775
1025.516298
1025.554350
1025.571185
1025.574748
1025.578066
1025.661665
1025.755709
1026.069627
1026.400461
1026.489303
1026.627174
1026.991104
1027.134505
1027.323003
1027.560284
1027.745300
1028.157727
1028.261437
1028.345487
1028.529766
1028.650598
1028.725678
1028.845814
1029.000479
1029.168497
1029.314560
1029.346591
1029.715190
1029.723668
1029.728707
1029.975941
1030.606930
1030.756229
1031.292477
1031.296819
1031.300751
1031.445217
1031.525335
1031.621100
1031.685980
1031.739269
1031.779533
1031.795220
1031.809761
1031.813284
1032.561091
1033.481626
1033.549414
1033.649562
1033.712517
1033.836872
1034.008166
1034.031350
1034.269778
1034.344366
1034.399089
1034.514432
1034.701210
1034.780099
1034.975560
1035.159060
1035.203092
1035.290624
1035.422802
1035.510497
1035.588567
1035.606016
1035.620024
1035.627766
1035.638620
1035.645420
1035.999683
1036.065423
1036.133663
1038.088602
1038.192026
1039.485174
1039.591752
1039.689482
1040.090071
1040.938230
1040.970506
1041.779753
1041.863598
1042.610053
1043.264512
1043.498066
1043.816735
1043.974922
1043.983196
1043.992740
1043.998761
1044.078592
1044.126433
1044.198769
1044.286792
1044.319068
1044.370022
1044.425810
1044.591043
1045.164360
1045.390008
1045.390868
1045.500027
1045.553480
1045.561549
1045.565604
1045.570519
1045.690573
1045.745746
1045.759836
1045.763277
1045.768520
1045.827420
1045.840978
1045.846180
1045.850849
1045.858468
1045.880545
1045.886525
1045.893775
1045.898895
1045.906022
1045.915279
1046.102344
1046.417367
1046.507233
1046.555279
1046.565478
1046.569656
1046.573588
1046.713508
1046.734111
1046.754140
1046.859612
1046.938829
1046.999368
1047.066173
1047.080878
1047.085056
1047.089029
1047.170785
1047.267369
1047.342940
1047.369728
1047.673651
1047.715840
1047.790060
1047.912489
1048.056627
1048.105820
1048.155382
1048.210391
1048.253809
1048.323686
1048.340316
1048.374436
1048.390410
1048.395776
1048.608686
1048.640307
1048.734351
1048.772280
1048.833352
1048.842486
1048.851866
1048.953938
1049.030820
1049.076490
1049.123758
1049.193349
1049.233900
1049.305457
1049.338757
1049.434644
1049.454019
1049.545073
1049.602703
1049.662423
1049.709117
1049.723986
1049.793085
1050.014515
1050.073743
1050.130227
1050.209116
1050.280673
1050.351084
1050.395566
1050.547036
1050.582508
1050.645463
1050.687160
1050.761544
1050.870620
1050.885571
1050.893476
1051.015414
1051.084022
1051.096515
1051.102167
1051.106263
1051.139768
1051.194081
1051.208417
1051.237868
1051.290911
1051.326341
1051.383521
1051.504804
1051.580580
1051.672248
1051.956879
1052.186214
1052.687688
1052.941271
1053.014630
1053.378355
1053.439140
1053.755392
1053.759939
1053.892731
1053.962322
1054.025277
1054.049321
1054.064435
1054.067548
1054.071521
1054.081516
1054.092493
1054.174740
1054.227866
1054.264525
1054.310113
1054.398710
1054.622024
1054.647992
1054.741873
1054.794424
1054.920049
1055.092326
1055.175475
1055.264727
1055.334687
1055.421481
1055.425249
1055.460639
1055.474074
1055.477637
1055.630336
1055.688008
1055.750636
1055.886049
1056.008069
1056.082616
1056.130990
1056.243876
1056.289464
1056.329196
1056.351683
1056.590971
1056.696607
1056.758907
1056.787128
1056.796590
1056.799539
1056.804372
1056.812728
1056.817684
1056.824033
1057.051935
1057.181655
1057.401651
1057.436795
1057.469399
1057.537966
1057.552015
1057.558159
1057.677967
1057.720852
1057.762918
1057.993155
1058.058732
1058.074788
1058.083144
1058.085888
1058.269962
1058.343117
1058.388787
1058.653471
1058.692219
1058.767053
1059.321283
1059.646464
1059.765780
1059.847946
1059.882394
1059.910779
1059.923804
1059.927695
1059.932529
1060.102103
1060.185620
1060.231905
1060.361708
1060.464435
1060.629750
1060.676690
1060.710195
1060.755046
1060.941496
1061.054956
1061.159977
1061.225267
1061.287199
1061.429576
1061.538775
1061.633065
1061.677056
1061.754266
1061.840323
1061.858714
1061.904957
1061.930353
1061.982249
1061.992858
1061.998469
1062.005514
1062.012600
1062.432522
1062.441124
1062.444974
1062.449807
1062.455337
1062.875136
1063.069409
1063.263191
1063.419331
1063.563387
1063.634452
1063.719854
1063.833395
1064.010916
1064.101437
1064.270070
1064.321106
1064.411628
1064.482365
1064.604058
1064.649933
1064.657920
1064.661524
1064.664801
1065.206702
1065.267118
1065.273713
1065.303818
1065.335030
1065.455452
1065.492234
1065.553019
1065.566822
1065.571041
1065.576120
1065.581158
1065.672827
1065.815859
1065.849692
1065.876193
1065.960980
1065.979658
1066.164552
1066.191299
1066.275758
1066.375414
1066.437018
1066.464256
1066.863739
1066.945085
1067.023483
1067.032453
1067.127808
1067.206574
1067.396301
1067.493130
1067.584102
1067.646812
1067.722752
1067.777188
1067.877990
1067.957740
1068.037038
1068.113838
1068.140708
1068.232622
1068.242780
1068.296151
1068.432916
1068.762522
1068.868772
1068.899164
1068.962447
1069.040067
1069.126984
1069.233562
1069.321789
1069.354148
1069.358449
1069.367992
1069.374177
1070.359880
1071.180063
1071.191040
1071.194849
1071.258829
1071.291023
1071.326290
1071.331041
1071.337554
1071.348367
1071.357583
1071.369462
1071.498977
1071.637135
1071.724380
1071.757107
1071.871017
1072.038216
1072.219996
1072.292741
1072.429138
1072.556810
1072.682926
1072.762634
1072.812810
1072.868516
1072.875356
1072.879165
1072.998605
1073.231340
1073.242808
1073.326408
1073.354629
1073.429791
1073.485373
1073.523302
1073.596867
1073.720443
1073.730970
1073.736827
1073.966531
1073.994301
1074.081833
1074.110505
1074.167480
1074.219909
1074.273362
1074.311823
1074.338570
1074.386575
1074.435400
1074.579333
1074.585108
1074.765537
1074.882273
1074.909553
1074.966036
1074.979471
1074.984100
1075.062907
1075.101614
1075.139338
1075.190579
1075.201556
1075.236741
1075.272868
1075.439002
1076.480041
1076.526981
1076.593418
1076.722483
1076.822139
1076.952883
1077.082440
1077.128274
1077.235261
1077.738578
1078.246072
1078.281871
1078.442394
1078.471352
1078.668411
1078.718915
1078.725919
1078.822298
1078.858793
1078.903562
1078.968320
1079.044997
1079.096279
1079.180329
1079.270605
1079.324344
1079.393116
1079.407411
1079.437967
1079.502725
1079.620485
1079.871939
1079.967949
1079.993631
1080.001782
1080.006205
1080.065434
1080.153211
1080.272527
1080.294072
1080.315453
1080.429691
1080.610284
1080.790303
1081.536881
1081.623880
1081.785917
1081.884795
1082.008822
1082.394132
1082.649641
1082.993336
1083.098849
1083.304305
1083.665408
1083.682406
1083.815936
1084.026511
1084.070011
1084.112855
1084.136612
1084.217098
1084.256625
1084.410061
1084.542444
1084.830556
1085.024174
1085.120676
1085.250806
1085.408707
1085.414728
1085.425050
1085.431235
1085.436518
1085.912760
1086.016184
1086.071316
1086.141317
1086.163067
1086.211031
1086.241997
1086.301143
1086.311997
1087.079465
1087.156797
1087.164908
1087.168471
1087.171789
1087.177073
1087.540470
1087.617802
1087.729336
1087.756493
1087.797043
1087.822725
1088.123290
1088.214180
1088.334848
1088.396984
1088.489759
1088.703816
1088.940810
1089.047552
1089.143808
1089.330586
1089.475461
1089.521828
1089.579418
1089.641636
1089.708524
1089.731215
1089.805271
1089.871626
1089.965097
1090.018304
1090.036531
1091.112796
1091.167232
1091.378463
1091.528131
1091.664200
1091.804692
1091.972219
1091.977544
1091.999171
1092.180541
1092.556513
1092.663419
1092.673249
1092.681400
1092.689142
1092.693688
1093.039473
1093.187707
1093.291909
1093.434737
1093.674557
1093.685535
1093.706875
1093.729690
1093.754102
1093.797028
1093.824020
1093.849170
1093.867028
1093.867479
1093.895291
1095.306936
1095.794483
1096.409457
1096.756265
1096.842363
1096.882463
1097.002516
1097.163899
1097.203630
1097.222267
1097.229271
1097.297142
1097.319055
1097.339781
1097.389916
1097.451807
1097.460449
1097.465037
1097.470403
1097.476465
1097.482772
1097.690481
1097.838019
1097.935626
1098.107576
1098.255278
1098.358088
1098.463642
1098.489405
1098.554941
1098.578289
1098.653532
1098.667581
1098.710794
1098.721567
1098.727670
1098.733036
1098.742047
1098.860626
1098.922189
1099.588035
1099.883356
1099.912643
1099.929272
1099.934966
1099.938038
1100.178637
1100.237742
1100.452168
1100.570132
1100.580741
1100.584018
1100.601917
1100.679086
1100.770591
1100.983951
1101.111214
1101.350543
1101.476209
1101.689938
1101.758013
1101.877862
1101.946593
1102.003405
1102.136893
1102.188667
1102.274806
1102.301512
1102.376714
1102.492140
1102.622843
1102.786765
1102.860780
1102.971658
1103.087247
1103.164416
1103.215043
1103.283528
1103.383020
1103.428772
1103.457485
1103.478374
1103.522488
1103.562793
1103.603835
1103.628370
1103.655404
1103.722906
1104.236134
1104.558326
1104.887030
1104.994632
1105.063977
1105.071432
1105.107763
1105.159332
1105.175060
1105.327800
1105.441546
1106.155233
1106.231419
1106.336195
1106.485207
1106.569667
1106.707988
1106.853151
1106.978529
1107.070935
1107.102884
1107.241370
1107.300475
1107.356303
1107.413320
1107.569787
1107.608986
1107.615539
1107.620577
1107.895951
1108.003062
1108.057006
1108.156498
1108.199014
1108.231127
1108.305797
1108.492534
1108.504207
1108.508467
1108.514202
1108.788347
1108.831232
1108.840530
1108.847616
1109.122867
1109.212529
1109.297562
1109.391524
1109.551923
1109.652439
1109.762580
1109.910692
1110.084157
1110.151619
1110.316810
1110.449644
1110.622249
1110.643261
1110.845481
1110.891643
1110.926090
1110.942925
1111.004979
1111.037624
1111.171850
1111.241032
1112.249713
1112.360428
1112.431084
1112.909906
1113.132196
1113.379553
1113.621340
1113.839698
1114.019348
1114.094715
1114.110280
1114.114867
1114.121421
1114.124739
1114.131825
1114.546790
1114.654802
1114.724229
1114.737746
1114.741842
1115.174625
1115.556332
1115.608760
1115.755233
1116.160778
1116.293366
1116.379054
1116.486984
1116.695716
1116.755517
1116.805530
1116.929802
1117.174784
1117.304463
1117.388186
1117.459374
1117.558170
1117.565665
1117.599089
1117.616169
1117.625467
1117.628908
1117.793976
1117.875528
1117.943112
1117.983293
1118.052680
1118.380073
1119.284756
1119.968993
1120.193249
1120.217825
1120.223764
1120.297697
1120.384983
1120.457728
1120.541286
1120.712786
1120.905830
1120.918159
1120.923607
1120.927334
1121.110385
1121.273405
1121.280696
1121.285775
1121.288643
1121.449206
1121.803018
1121.861591
1121.911562
1121.946542
1121.975460
1122.065900
1122.140324
1122.197545
1122.205491
1122.209464
1122.381701
1122.473820
1122.488033
1122.501100
1122.587402
1122.744238
1122.778808
1122.851062
1122.964316
1123.019366
1123.081544
1123.133317
1123.244728
1123.285115
1123.376742
1123.433103
1123.650601
1123.773071
1123.867484
1123.997573
1124.148593
1124.170056
1124.213350
1124.290888
1124.305101
1124.372890
1124.523827
1124.609065
1124.644168
1124.704584
1124.735877
1124.847698
1124.933878
1124.969103
1125.074043
1125.091164
1125.180826
1125.380465
1125.438710
1125.461524
1125.537055
1125.700813
1125.713551
1125.815337
1125.929820
1125.949522
1126.003917
1126.038651
1126.042993
1126.138061
1126.222643
1126.344049
1126.377554
1126.443172
1126.522634
1126.582067
1126.701138
1126.750536
1126.814474
1126.921953
1126.968607
1127.082516
1127.116718
1127.217439
1127.239107
1127.267860
1127.373906
1127.384801
1127.388979
1127.394345
1127.770522
1127.804109
1127.902249
1128.135844
1128.201953
1128.211538
1128.217395
1128.223212
1128.419697
1128.512512
1128.679465
1128.763105
1128.789688
1128.917811
1128.986870
1129.069158
1129.143583
1129.429934
1129.468436
1129.521070
1129.537741
1129.557074
1129.602253
1129.703834
1130.127483
1130.446848
1130.718904
1130.774938
1130.857923
1130.957292
1131.022213
1131.099832
1131.103232
1131.108884
1131.113062
1131.328061
1131.525161
1131.556495
1131.566367
1131.571896
1131.715994
1132.021760
1132.043305
1132.144353
1132.276244
1132.367462
1132.414730
1132.472566
1132.541952
1132.680970
1132.783329
1132.815729
1132.898345
1133.010289
1133.019505
1133.323223
1133.664420
1133.744947
1133.794468
1133.872128
1133.949870
1134.169457
1134.210826
1134.298112
1134.413824
1134.498980
1134.721966
1135.099781
1135.246172
1135.334113
1135.343493
1135.701074
1135.829975
1135.892480
1135.992259
1136.348652
1136.604938
1136.702054
1136.822108
1136.860037
1136.918118
1136.975708
1137.016177
1137.025147
1137.027768
1137.039155
1137.046405
1137.995858
1138.069914
1138.083594
1138.137580
1138.174484
1138.813379
1139.012076
1139.360686
1139.683041
1139.815711
1139.919708
1140.076954
1140.091494
1140.450263
1140.516086
1140.573676
1140.824064
1140.869325
1140.928184
1141.135811
1141.143757
1141.288837
1141.333606
1141.551063
1141.667430
1141.737841
1142.036029
1142.133187
1142.171034
1142.296494
1142.467174
1142.683320
1142.986875
1143.128146
1143.210885
1143.283999
1143.434240
1143.666156
1143.682335
1143.854653
1143.921172
1144.015258
1144.110039
1144.159642
1144.163000
1144.166892
1144.296366
1144.330322
1144.347197
1144.351375
1144.480973
1144.503050
1144.540078
1144.852849
1145.204654
1145.417687
1145.472041
1145.601720
1145.659474
1145.791283
1145.829007
1146.027008
1146.035692
1146.276045
1146.343342
1146.446275
1146.540278
1146.555269
1146.997105
1147.013243
1147.232461
1147.525448
1147.639890
1147.691581
1147.720090
1147.790991
1147.887165
1147.911209
1148.100813
1148.152791
1148.257362
1148.265718
1148.375327
1148.804383
1148.901253
1149.037650
1149.063741
1149.081436
1149.167862
1149.370450
1149.804708
1149.864878
1150.061158
1150.182646
1150.340792
1150.376591
1150.430208
1150.477722
1150.579507
1150.645166
1150.745559
1150.859305
1150.923407
1151.631524
1151.870648
1152.162734
1152.311378
1152.379945
1152.530063
1152.902636
1153.042268
1153.109443
1153.327964
1153.521582
1153.532027
1153.538662
1153.541816
1153.727365
1153.906319
1154.017772
1154.158305
1154.187960
1154.249933
1154.304819
1154.365686
1154.382316
1154.645729
1154.715730
1154.752266
1154.806948
1154.882724
1155.006095
1155.141919
1155.260170
1155.412214
1155.587113
1155.622789
1155.775488
1155.872973
1155.930767
1155.938263
1155.955220
1155.974922
1156.108861
1156.202127
1156.259799
1156.337910
1156.446495
1156.592845
1156.602225
1157.038244
1157.090058
1157.186929
1157.237023
1157.353554
1157.496586
1157.522022
1157.589402
1157.624627
1157.639537
1157.642977
1157.718303
1157.781873
1157.798175
1157.804278
1157.921464
1158.047498
1158.071501
1158.109307
1158.124667
1158.377759
1158.498509
1158.530744
1159.042908
1159.056916
1159.182623
1159.288300
1159.392297
1159.480033
1159.557816
1159.727145
1159.756349
1159.938335
1159.943946
1159.947592
1160.272691
1160.281498
1160.366326
1160.456069
1160.560927
1160.715715
1160.749629
1160.876524
1161.012224
1161.163366
1161.174917
1161.184010
1161.313198
1161.445130
1162.140590
1162.274898
1162.291282
1162.318725
1162.448118
1162.540483
1162.681016
1162.703913
1162.806067
1162.829373
1162.877829
1163.052114
1163.134280
1163.413545
1163.546214
1163.731395
1164.241142
1164.346655
1164.451594
1164.498985
1164.562842
1164.624200
1164.838953
1164.847473
1165.049938
1165.176709
1165.242040
1165.378437
1165.428982
1165.769359
1165.851566
1165.927260
1165.967196
1165.995663
1166.047969
1166.125548
1166.169498
1166.224876
1166.274478
1166.290452
1166.313759
1166.367212
1166.420419
1166.438441
1166.502461
1167.324692
1167.478907
1167.513477
1167.600026
1167.727780
1167.810314
1167.892316
1168.165028
1168.185344
1168.190751
1168.193659
1168.202793
1168.208773
1168.213565
1168.622920
1168.630948
1168.639099
1168.644874
1168.812769
1168.866058
1169.231667
1169.410867
1169.838080
1169.944576
1170.156134
1170.233999
1170.364785
1170.467144
1170.584945
1170.698486
1170.986189
1171.061924
1171.261112
1171.408118
1171.416310
1171.420160
1171.574252
1171.754312
1171.786670
1171.844096
1171.867361
1171.883459
1171.902792
1171.912909
1171.923599
1172.056719
1172.132209
1172.151419
1172.216463
1172.328735
1172.340777
1172.398653
1172.705034
1172.709007
1172.714291
1172.766351
1173.420483
1173.557985
1173.771715
1173.995766
1174.448660
1174.542623
1174.818816
1175.014973
1175.161610
1175.414415
1175.520993
1175.598080
1175.638180
1175.705928
1175.758643
1175.833928
1175.876485
1175.973519
1176.183603
1176.286536
1176.558100
1176.682455
1176.791736
1177.172296
1177.215058
1177.234637
1177.286861
1177.292104
1177.297183
1177.301975
1177.436570
1177.461350
1177.560596
1177.711698
1177.819382
1177.895526
1178.063421
1178.079846
1178.200146
1178.288087
1178.434683
1178.493010
1178.571776
1178.630717
1178.840474
1178.909614
1179.004641
1179.074929
1179.208090
1179.241964
1179.322327
1179.426079
1179.621581
1179.720581
1180.077466
1180.146811
1180.247818
1180.281651
1180.815483
1180.977521
1181.011968
1181.164257
1181.277880
1181.369262
1181.441556
1181.578650
1181.893550
1181.913620
1181.994680
1182.100890
1182.166630
1182.428283
1182.532403
1182.997873
1183.177892
1183.587533
1183.595151
1183.928361
1183.979889
1184.360161
1184.470589
1184.541450
1184.632996
1184.768696
1184.896451
1185.055048
1185.114767
1185.318011
1185.534935
1185.552466
1185.562378
1185.564836
1185.678377
1185.777132
1185.902592
1185.955963
1186.251899
1186.271642
1186.389770
1186.477711
1186.523054
1186.572288
1186.701353
1186.956616
1187.095675
1187.292570
1187.515105
1187.571999
1187.632005
1187.898982
1188.373873
1188.557251
1188.695695
1188.829594
1189.013996
1189.061919
1189.098578
1189.156577
1189.393203
1191.082148
1191.095665
1191.109796
1191.291372
1191.378739
1191.785308
1194.535035
1194.820444
1194.883973
1194.888970
1194.892575
1195.071078
1195.087380
1195.116790
1195.167744
1195.175281
1195.180483
1195.186258
1195.193139
1195.193795
1195.198792
1195.269038
1195.338506
1195.404984
1195.422966
1195.618427
1195.624202
1195.629691
1195.638456
1195.642061
1195.661230
1195.661804
1195.665121
1195.722547
1195.781202
1195.828675
1195.846697
1195.868774
1195.888640
1195.901460
1195.940168
1196.231148
1196.353167
1196.475597
1196.528108
1196.742042
1196.773294
1196.785254
1196.788081
1196.796027
1196.808438
1197.057147
1197.192970
1197.279683
1197.374874
1197.469450
1197.545882
1197.563453
1197.659505
1197.725942
1197.772882
1197.909484
1197.962936
1198.009672
1198.059602
1198.109327
1198.160773
1198.211359
1198.266573
1198.298358
1198.345134
1198.361805
1198.378721
1198.462444
1198.584054
1199.858442
1199.990047
1200.089334
1200.128819
1200.159375
1200.207299
1200.266813
1200.292413
1200.346276
1200.437002
1200.577659
1200.643645
1200.734618
1200.798065
1200.857006
1201.305764
1201.390346
1201.998438
1202.163630
1202.371215
1202.427044
1202.528338
1202.813420
1202.861834
1203.055043
1203.112714
1203.227279
1203.460547
1203.556803
1203.612631
1203.644785
1203.742638
1203.858842
1204.029972
1204.173169
1204.313375
1204.440924
1204.543037
1204.611154
1205.042749
1205.117583
1205.446451
1205.525996
1205.594317
1205.766758
1205.932892
1205.982700
1206.027141
1206.076989
1206.157885
1206.201754
1206.756966
1207.281132
1207.526400
1207.910031
1207.921377
1207.925924
1207.930143
1208.111514
1208.135598
1208.176394
1208.253112
1208.314388
1208.416420
1208.438661
1208.733942
1208.802304
1209.029304
1209.038234
1209.492890
1209.552159
1209.786737
1209.858130
1210.038723
1210.162872
1210.168443
1210.172416
1210.176061
1210.661929
1210.748436
1210.819707
1211.242496
1211.364024
1211.486986
1211.665981
1211.751711
1211.885855
1211.944591
1211.960115
1212.030075
1212.058296
1212.235817
1212.359885
1212.513935
1212.550308
1212.616827
1212.662129
1212.773335
1212.829614
1212.896870
1212.963348
1213.085696
1213.105070
1213.111337
1213.175276
1213.230531
1214.364877
1214.495580
1214.590280
1214.626488
1214.881300
1214.896251
1214.987141
1215.033344
1215.118008
1215.208120
1215.272018
1215.606989
1215.852052
1216.228475
1216.321495
1216.332022
1216.342671
1216.354836
1216.555295
1216.838451
1216.866427
1216.963625
1217.010196
1217.122263
1217.431183
1217.571308
1217.732854
1217.906156
1217.936712
1218.008965
1218.054103
1218.126848
1218.136596
1218.198323
1218.242888
1218.335785
1218.406236
1218.475581
1218.616115
1218.700657
1218.820424
1218.990367
1219.190333
1219.258409
1219.342131
1219.459154
1219.590103
1219.617137
1219.808174
1219.818824
1219.878707
1219.949117
1219.964559
1220.134871
1220.159406
1220.166738
1220.260823
1220.349174
1220.460954
1220.498350
1220.594852
1220.679352
1220.755210
1220.820787
1220.866949
1220.981391
1220.992246
1221.127864
1221.185004
1221.245870
1221.334917
1221.450875
1221.495480
1221.694546
1221.740298
1221.814477
1221.882552
1221.898650
1222.016614
1222.085386
1222.148792
1222.159401
1222.162473
1222.169764
1222.174392
1222.294282
1223.205069
1223.343104
1223.391969
1223.398318
1223.469097
1223.488881
1223.507231
1223.759626
1223.777812
1223.909089
1223.935181
1224.363418
1224.609341
1225.034834
1225.141207
1225.151283
1225.501696
1225.681920
1226.041590
1226.322330
1226.331177
1226.684416
1226.997064
1227.529216
1227.731026
1227.826094
1227.908383
1228.009800
1228.100198
1228.106056
1228.162253
1228.252365
1228.258304
1228.274647
1228.378644
1228.491121
1229.726925
1229.909238
1229.921731
1229.986161
1230.056858
1230.131159
1230.387773
1230.539735
1230.629069
1230.756946
1230.860452
1230.988206
1231.079055
1231.213281
1231.423324
1231.560581
1231.727493
1231.867331
1232.220774
1232.313262
1232.337838
1232.345047
1232.350536
1232.466739
1232.647619
1232.771932
1232.814080
1232.827924
1232.896082
1232.909967
1232.963789
1232.989061
1233.025638
1233.045709
1233.109606
1233.150198
1233.218068
1233.227366
1233.245225
1233.342505
1233.464115
1233.602273
1233.682678
1233.810063
1233.921393
1234.019779
1234.230313
1234.238628
1234.613125
1234.672108
1234.732319
1234.817311
1234.848563
1234.893947
1234.929541
1234.935972
1234.960507
1234.983035
1235.396608
1236.184269
1236.446986
1236.579533
1236.680663
1236.858470
1236.885463
1237.268562
1237.288878
1237.316035
1237.331968
1237.508997
1237.554831
1237.627986
1237.710807
1237.719368
1237.723382
1237.728133
1237.935964
1238.019768
1238.098002
1238.253814
1238.354698
1238.430720
1238.517473
1238.733251
1238.763766
1238.783754
1238.917489
1238.955295
1239.020503
1239.029596
1239.033119
1239.041065
1239.377838
1239.458939
1239.529841
1239.613440
1239.665787
1239.696712
1239.853957
1239.938662
1239.998218
1240.065761
1240.092262
1240.107909
1240.122614
1240.125358
1240.280924
1240.472617
1240.541798
1240.612618
1240.708669
1240.713462
1240.724726
1240.729723
1240.735785
1240.736358
1240.906670
1241.002557
1241.106268
1241.163530
1241.238897
1241.327821
1241.341706
1241.412895
1241.479127
1241.671516
1241.718047
1241.824993
1241.905275
1241.918792
1241.927311
1241.931817
1241.936896
1242.165494
1242.217636
1242.272072
1242.585948
1242.661110
1242.738606
1242.833265
1242.858373
1242.920018
1242.963436
1243.149681
1243.234591
1243.273544
1243.357389
1243.402977
1243.523072
1243.609416
1243.695677
1243.762033
1243.805491
1243.921859
1244.043223
1244.143616
1244.164547
1244.280586
1244.327363
1244.378235
1244.514386
1244.618752
1244.761907
1244.863406
1245.040845
1245.106872
1245.274726
1245.337600
1245.417718
1245.490668
1245.530153
1245.691494
1245.805896
1245.921935
1245.971128
1246.294630
1246.501437
1246.540268
1246.650122
1246.748754
1246.842716
1246.917304
1247.110308
1247.280579
1247.347098
1247.443026
1247.462810
1247.471370
1247.478702
1247.776031
1247.807324
1248.028672
1248.159867
1248.268534
1248.384287
1248.525025
1248.686940
1248.824156
1248.893420
1248.904888
1248.911565
1248.916972
1248.923156
1249.187185
1249.359749
1249.477673
1249.617756
1249.918116
1250.042757
1250.222285
1250.309243
1250.442854
1250.527437
1250.591007
1250.610258
1250.689638
1250.791424
1250.875556
1251.058115
1251.153715
1251.237274
1251.393208
1251.484631
1251.634258
1251.693281
1251.891364
1252.049388
1252.120576
1252.210770
1252.251648
1252.264673
1252.268646
1252.276142
1252.483523
1252.514079
1252.747919
1252.803215
1252.854866
1252.876493
1252.894802
1252.898120
1252.911145
1253.334303
1253.987942
1254.071624
1254.083912
1254.088131
1254.093373
1254.300426
1254.309151
1254.312428
1254.416589
1254.501417
1254.543483
1254.548808
1254.557041
1254.570066
1254.697452
1254.852280
1255.125484
1255.265608
1255.373046
1255.586980
1255.745823
1255.804641
1255.832740
1256.100495
1256.105492
1256.111145
1256.423301
1256.592876
1256.676311
1256.792269
1256.885903
1257.006039
1257.041961
1257.059738
1257.122324
1257.165906
1257.195233
1257.221284
1257.227919
1257.237627
1257.244918
1257.847235
1257.922847
1257.950044
1257.957212
1258.017505
1258.050314
1258.072883
1258.142556
1258.188308
1258.196460
1259.282022
1259.346780
1259.475149
1259.665326
1259.739587
1259.832361
1259.945452
1259.977114
1260.080742
1260.368937
1260.521595
1260.585411
1260.671345
1260.783985
1260.852511
1261.093765
1261.134971
1261.265551
1261.379174
1261.476168
1261.551657
1261.701161
1261.815194
1261.878231
1261.889249
1261.893632
1261.899448
1262.123991
1262.271652
1262.436475
1262.577172
1263.015444
1263.164047
1263.237284
1263.277793
1263.397028
1263.576474
1263.604613
1263.631278
1263.722496
1263.773368
1263.872369
1263.881380
1263.885681
1264.120627
1264.138158
1264.204677
1264.242606
1264.356270
1264.408371
1264.765297
1264.835912
1264.959365
1265.014211
1265.281966
1265.310024
1265.887314
1265.947894
1266.054799
1266.090353
1266.124923
1266.133443
1266.139341
1266.146099
1266.690376
1266.896773
1266.957681
1267.058483
1267.132170
1267.203441
1267.354419
1267.716874
1267.733832
1267.796746
1267.847291
1268.150354
1268.210156
1268.305838
1268.447928
1268.619756
1268.645765
1268.711014
1268.751892
1268.761600
1268.776305
1268.780810
1268.786299
1268.933100
1269.061222
1269.099561
1269.167636
1269.239276
1269.382349
1269.493637
1269.606236
1269.752955
1269.804769
1269.904384
1270.062899
1270.171566
1270.323855
1270.403359
1270.444974
1270.540411
1270.668165
1270.871532
1270.998508
1271.078625
1271.205683
1271.306158
1271.357563
1271.398892
1271.443128
1271.520256
1271.596728
1271.705027
1271.829381
1271.931208
1271.952835
1272.071905
1272.192287
1272.378614
1272.468111
1272.550932
1272.700928
1272.729395
1272.733819
1272.826020
1272.908554
1272.959713
1273.082880
1273.229025
1273.342157
1273.410314
1273.547940
1273.617080
1273.782764
1273.839206
1273.914409
1273.940255
1274.164101
1274.340557
1274.378691
1274.399990
1274.572554
1274.709565
1274.822943
1274.834330
1274.838180
1274.841334
1275.023892
1275.153736
1275.334861
1275.402322
1275.461427
1275.473920
1275.480842
1275.485430
1275.488707
1275.639972
1275.795988
1275.897201
1275.978957
1276.067594
1276.180316
1276.184740
1276.188385
1276.192932
1276.257444
1276.331663
1276.400722
1276.420792
1276.464210
1276.511437
1276.561777
1276.635750
1276.655575
1276.775793
1276.891013
1276.913992
1277.096591
1277.237043
1277.360906
1277.448110
1277.539246
1277.998449
1278.017044
1278.106051
1278.281196
1278.390518
1278.481408
1278.760264
1278.932910
1279.097938
1279.155487
1279.307080
1279.789957
1279.857541
1280.029737
1280.236216
1280.480133
1280.578519
1280.780698
1280.966820
1281.083515
1281.190625
1281.233838
1281.546199
1281.871831
1281.891656
1282.121073
1282.215567
1282.289172
1282.347868
1282.684518
1282.966241
1283.067494
1283.343688
1283.442565
1283.645481
1283.715932
1283.839017
1283.849871
1283.895460
1284.036035
1284.078182
1284.100383
1284.117258
1284.488069
1284.756808
1285.299692
1285.305303
1285.403976
1285.455421
1285.688074
1285.853102
1285.972296
1286.040699
1286.184346
1286.209454
1286.557368
1286.739517
1286.909297
1286.952509
1287.039549
1287.178117
1287.312589
1287.403930
1287.423345
1287.427482
1287.432110
1287.439278
1287.447511
1288.107786
1288.175452
1288.290017
1288.551793
1288.621138
1288.721039
1288.879882
1288.968315
1289.377505
1289.530040
1289.567642
1289.642312
1290.059203
1290.111631
1290.189701
1290.276045
1290.287759
1290.397819
1290.485432
1290.519675
1290.595164
1291.483587
1291.537613
1291.576730
1291.756298
1291.946557
1292.239790
1292.284109
1292.304835
1292.428370
1292.536750
1292.628091
1292.896215
1292.988785
1293.281075
1293.357384
1293.543834
1293.699441
1293.815398
1294.003323
1294.304707
1294.335304
1294.550262
1294.668472
1294.907515
1295.014994
1295.286108
1295.296102
1295.302574
1295.629148
1295.769354
1295.805522
1295.898173
1295.928975
1295.978332
1296.050831
1296.086999
1296.234537
1296.352993
1296.487506
1297.172275
1297.258086
1297.726423
1297.854996
1297.864991
1298.653102
1299.248128
1299.793756
1300.233298
1301.152645
1301.179802
1301.210153
1301.617336
1302.973891
1303.829217
1303.832084
1304.949064
1304.967414
1305.008783
1305.169265
1305.293783
1306.113556
1306.159227
1306.316145
1306.767278
1306.888561
1306.948280
1306.997146
1307.904164
1308.203008
1308.349809
1309.186867
1309.294920
1309.539533
1309.592248
1309.663478
1309.703209
1309.745684
1309.796639
1309.812613
1309.861888
1309.883351
1309.915095
1309.919314
1309.922796
1309.954171
1309.989806
1310.004101
1310.061199
1310.093025
1310.126121
1310.161797
1310.237696
1310.316585
1310.386831
1310.446469
1310.503076
1310.627103
1310.850007
1310.933197
1311.002092
1311.079096
1311.245312
1311.283610
1311.335997
1311.349965
1311.355904
1311.360000
1311.367086
1311.375565
1311.537889
1311.756370
1311.782584
1311.893094
1311.934259
1311.996273
1312.050954
1312.130621
1312.277422
1312.468296
1312.532562
1312.643154
1312.693289
1312.862781
1312.977633
1313.145897
1313.262756
1313.277460
1313.288274
1313.413079
1313.509908
1313.523139
1313.597358
1313.631273
1313.693901
1313.796588
1314.252390
1314.848072
1314.861384
1314.965340
1315.109110
1315.150356
1315.197379
1315.265823
1315.286712
1315.343360
1315.404145
1315.512197
1315.540910
1315.691192
1315.769590
1315.860070
1315.941294
1316.402872
1316.483564
1316.583793
1316.598784
1316.603453
1316.606362
1316.968653
1317.090632
1317.398446
1317.492244
1317.738455
1317.850481
1317.946941
1318.273188
1318.393324
1318.397338
1318.484460
1318.617334
1318.791823
1318.977618
1318.989824
1318.996173
1319.007314
1319.012557
1319.112540
1319.141376
1319.345357
1319.396680
1319.462380
1319.522181
1319.595213
1319.657226
1319.690117
1319.702036
1319.822377
1319.870710
1319.923712
1319.935304
1319.949148
1319.955292
1320.253768
1321.006572
1321.159885
1321.169388
1321.333432
1321.345761
1321.351332
1321.355141
1321.363292
1321.561784
1321.661809
1321.780511
1321.823601
1321.948979
1322.001162
1322.138214
1322.229555
1322.324378
1322.385326
1322.461061
1322.615357
1322.736394
1322.797834
1322.888970
1322.964869
1322.994319
1323.112899
1323.148861
1323.223613
1323.261542
1323.416453
1323.538473
1323.659305
1323.715543
1323.943076
1324.078776
1324.195676
1324.256379
1324.386632
1324.578529
1324.647178
1324.820439
1324.868280
1324.882575
1324.889948
1324.894904
1325.012050
1325.038060
1326.343127
1326.464000
1326.551654
1326.570742
1326.616412
1326.826373
1326.891581
1326.991811
1327.081472
1327.167529
1327.304417
1327.442534
1327.612068
1327.721800
1327.861146
1328.129966
1328.143811
1328.279839
1328.407306
1328.511222
1328.570368
1328.681042
1328.803308
1328.843407
1328.936223
1328.942367
1328.949043
1329.118904
1329.507123
1329.585480
1329.678664
1329.887642
1330.135982
1330.385797
1330.577367
1330.630001
1330.814321
1330.827428
1330.839593
1330.843771
1330.847130
1330.982216
1331.139953
1331.248783
1331.264799
1331.321569
1331.353436
1331.407667
1331.423519
1331.428721
1331.496100
1332.737843
1332.749763
1332.832092
1332.908401
1332.944282
1332.972995
1333.124588
1333.220270
1333.269627
1333.358264
1333.400494
1333.743002
1333.904548
1333.927076
1334.016287
1334.097551
1334.586941
1334.665994
1334.737715
1334.786990
1334.877635
1334.962872
1335.080428
1335.250575
1335.311892
1335.350968
1335.405363
1335.435018
1335.858053
1336.057364
1336.191918
1336.262738
1336.371200
1336.465326
1336.529797
1336.633139
1336.764252
1336.780800
1336.840561
1336.893604
1336.966963
1336.987607
1336.993137
1337.045770
1337.056133
1337.109299
1337.361121
1337.909207
1338.019389
1338.444431
1338.637844
1338.990551
1339.318600
1339.356242
1339.367260
1339.428905
1339.434762
1339.441971
1339.449303
1339.551089
1339.589263
1339.596964
1339.639644
1339.651031
1339.738767
1339.766170
1339.803116
1339.843011
1339.880079
1340.664013
1340.673597
1340.679373
1340.690883
1340.793201
1340.852756
1340.913869
1340.933775
1340.974203
1341.001318
1341.176504
1341.452984
1341.630259
1342.487552
1342.599496
1342.876262
1342.906368
1343.051653
1343.120425
1343.181742
1343.294915
1343.413084
1343.616246
1343.719383
1343.794995
1343.888630
1343.995249
1344.397681
1344.471286
1344.577085
1344.620134
1344.726712
1344.790446
1344.908902
1345.004667
1345.097687
1345.200742
1345.403412
1345.418854
1345.422459
1345.433723
1345.437696
1345.761321
1345.826202
1345.945518
1345.991025
1346.004419
1346.007818
1346.011136
1346.103050
1346.123899
1346.197381
1346.217861
1346.300396
1346.369905
1347.439124
1347.443057
1347.447603
1347.563438
1347.678536
1347.906355
1348.103455
1348.294984
1348.811817
1349.023580
1349.152031
1349.616067
1349.717893
1349.728133
1349.734769
1349.739561
1349.745213
1349.748695
1349.910774
1350.090588
1350.359286
1350.449275
1350.756106
1351.054090
1351.112991
1351.189381
1351.198474
1351.203021
1351.606313
1351.648625
1351.704986
1351.735501
1351.768105
1351.780884
1351.841792
1351.904215
1351.938908
1351.962952
1352.099144
1352.221000
1352.238735
1352.393318
1352.407859
1352.450867
1352.589763
1352.654316
1352.729436
1352.819343
1353.040773
1353.129861
1353.203548
1353.271706
1353.372590
1353.405481
1353.479291
1353.954427
1354.070467
1354.147308
1354.250732
1354.311803
1354.435133
1354.451845
1354.630513
1354.675896
1354.762732
1354.851820
1354.928783
1355.143291
1355.347968
1355.362632
1355.366932
1355.370332
1355.527455
1355.594875
1355.652833
1355.787756
1355.866030
1355.942584
1356.067471
1356.276122
1356.419236
1356.561940
1356.612772
1356.652667
1356.772311
1356.868198
1358.116659
1358.368031
1358.594171
1358.619812
1358.666670
1358.727537
1358.757765
1358.799503
1358.824694
1358.850949
1358.874665
1358.917919
1359.044690
1359.262925
1359.654953
1359.731016
1359.749489
1359.931884
1360.016507
1360.105431
1360.210534
1360.237732
1360.438149
1360.458138
1360.572498
1360.638034
1360.733880
1360.941015
1361.059512
1361.225196
1361.425326
1361.480417
1361.614275
1361.893253
1362.067661
1362.119475
1362.222162
1362.331689
1362.356552
1362.504745
1362.514780
1362.644296
1362.679767
1362.725724
1362.910167
1362.929828
1362.956206
1363.057828
1363.065405
1363.076260
1363.080888
1363.161375
1363.199263
1363.241779
1364.248781
1364.349051
1364.516332
1364.615619
1364.672922
1364.731822
1364.767826
1364.797522
1364.808868
1364.870021
1364.966851
1365.071299
1365.093212
1365.370839
1365.443584
1365.812060
1365.961032
1366.033080
1366.068183
1366.173983
1366.329631
1366.451569
1366.470943
1366.574244
1366.659686
1366.747300
1366.820413
1367.056671
1367.069737
1367.073669
1367.076987
1367.180861
1367.529800
1367.720755
1368.168038
1368.417976
1368.676966
1368.718746
1368.891228
1368.988836
1369.247662
1369.295340
1369.590374
1369.742909
1369.918669
1369.981297
1369.988669
1370.056909
1370.069524
1370.111468
1370.155745
1371.563745
1371.727954
1371.813683
1371.977769
1372.167823
1372.320236
1372.570460
1372.731597
1372.823265
1372.853371
1372.918907
1372.955771
1373.033021
1373.325517
1373.374710
1373.397606
1373.404365
1373.502874
1373.733478
1373.950853
1373.989519
1374.098227
1374.123500
1374.401741
1374.516183
1374.531256
1374.564844
1374.756045
1375.043379
1375.262228
1375.339356
1375.661097
1375.749079
1375.759114
1375.764111
1375.769641
1376.085320
1376.106906
1376.180183
1376.238223
1376.265830
1376.417792
1376.495288
1376.579052
1376.624845
1376.720200
1376.930406
1377.027154
1377.120051
1377.319485
1377.684275
1377.740472
1377.795564
1377.878589
1377.937572
1377.949245
1377.990615
1378.123694
1378.174771
1378.180301
1378.184520
1378.190664
1378.194924
1378.200125
1378.207130
1379.056927
1379.092070
1379.130327
1379.181363
1379.290153
1379.567534
1379.635814
1379.714990
1379.825254
1379.969393
1380.073472
1380.180255
1380.243415
1380.259922
1380.323164
1380.435231
1380.554670
1380.592599
1380.749476
1381.106565
1381.175419
1381.189427
1381.306163
1381.352940
1381.581251
1381.689508
1381.730304
1381.769994
1381.889270
1382.426092
1382.597222
1382.682870
1382.912901
1383.009034
1383.255572
1383.346135
1383.522181
1383.607706
1383.681106
1383.770563
1384.113725
1384.164352
1384.213135
1384.305459
1384.478024
1384.618435
1384.800911
1384.940708
1385.000878
1385.240044
1385.292308
1385.322578
1385.397780
1385.598239
1385.654313
1385.758966
1385.811681
1386.057523
1386.164552
1386.334003
1386.517258
1386.583204
1386.845798
1386.932429
1387.251589
1387.343749
1387.360215
1387.367629
1387.517788
1387.684577
1387.757281
1388.077588
1388.197437
1388.419400
1388.461056
1388.699034
1388.746670
1388.765143
1388.857016
1388.918866
1389.040763
1389.194486
1389.265428
1389.374423
1389.522616
1389.702103
1389.921690
1390.015652
1390.406492
1390.510285
1390.685757
1390.792745
1390.923325
1390.984602
1391.030518
1391.056650
1391.169864
1391.181169
1391.257068
1391.303680
1391.433236
1392.152453
1392.422134
1392.494961
1392.586056
1392.697139
1392.799662
1393.142292
1393.198817
1393.253704
1393.340539
1393.475912
1393.750548
1393.898168
1393.966858
1394.458542
1394.592604
1394.673705
1394.849628
1395.075400
1395.180298
1395.242066
1395.414999
1395.439329
1395.575153
1395.654410
1395.742147
1398.656123
1399.039713
1399.043686
1399.048724
1399.084933
1399.220470
1399.297761
1399.319511
1399.333970
1399.338598
1399.344497
1399.351951
1399.359488
1399.365509
1399.377633
1399.414538
1399.465820
1399.509074
1399.534674
1399.551795
1399.594189
1399.611515
1399.633797
1399.644201
1399.700726
1399.719485
1399.732920
1399.822623
1399.906959
1399.922360
1399.929037
1399.939523
1399.949066
1399.959634
1400.124047
1400.149238
1400.237670
1400.346993
1400.449475
1400.528691
1400.585544
1400.681308
1400.691671
1400.700232
1400.704287
1400.710595
1400.851866
1400.938004
1401.001697
1401.035981
1401.129329
1401.192243
1401.199739
1401.288663
1401.303245
1401.306194
1401.355223
1401.418138
1401.531638
1401.625436
1401.675776
1401.709486
1401.734799
1401.781944
1401.799393
1401.883607
1401.931776
1401.942835
1402.075546
1402.123305
1402.153001
1402.198016
1402.258883
1402.346660
1402.390938
1402.404577
1402.409001
1402.412564
1402.523976
1402.529219
1402.581934
1402.601677
1402.680443
1402.760970
1402.907484
1402.988585
1403.070628
1403.150377
1403.168604
1403.706122
1403.997225
1404.329370
1405.140296
1405.176668
1405.186417
1405.224141
1405.252485
1405.262766
1405.296271
1405.303685
1405.309870
1405.355336
1405.384499
1405.463306
1405.546004
1405.573816
1405.658030
1405.757235
1405.832028
1405.882122
1406.105723
1406.218076
1406.301184
1406.323753
1406.329037
1406.522491
1406.561649
1406.743757
1406.908703
1406.918615
1406.997791
1407.055995
1407.062467
1407.093023
1407.166628
1407.174697
1407.312609
1407.458714
1407.607767
1407.643853
1407.651348
1407.762432
1407.768699
1407.874253
1408.001188
1408.214303
1408.321700
1408.449782
1408.574546
1408.945521
1409.011507
1409.028260
1409.060741
1409.082409
1409.115054
1409.161216
1409.169285
1409.190543
1409.194107
1409.214013
1409.263493
1409.282826
1409.294623
1409.307075
1409.315389
1409.320837
1409.409516
1409.468006
1409.490657
1409.541734
1409.556111
1409.563034
1409.570857
1409.580605
1409.585070
1409.806131
1409.855652
1410.133729
1410.167644
1410.753823
1411.281551
1411.431588
1411.859784
1412.364001
1412.488274
1412.634255
1412.724285
1412.758528
1412.835000
1412.846879
1412.875796
1412.894925
1412.902584
1412.932076
1413.048648
1413.228667
1413.264097
1413.348680
1413.478031
1413.508874
1413.582930
1413.782569
1413.953454
1414.061056
1414.173245
1414.274048
1414.302106
1414.337454
1414.366290
1414.453535
1414.471721
1414.749676
1414.777569
1414.890742
1414.932357
1415.043523
1415.067361
1415.073505
1415.080755
1415.085998
1415.210885
1415.411220
1415.432151
1415.536599
1415.623885
1415.776502
1415.962296
1416.041349
1416.295506
1416.316764
1416.496251
1416.543683
1416.607212
1416.663532
1416.738161
1416.870011
1416.923628
1416.990228
1417.103770
1417.196503
1417.284895
1417.294356
1417.484739
1417.583534
1417.764372
1417.926042
1417.997312
1418.008699
1418.015621
1418.020495
1418.256056
1418.644562
1418.656113
1418.660741
1418.664346
1418.797629
1418.859930
1418.959094
1419.059159
1419.135468
1419.345715
1419.416904
1419.825684
1419.943690
1419.979244
1419.992269
1419.997553
1420.002836
1420.087296
1420.168602
1420.207104
1420.290089
1420.345139
1420.492390
1420.496200
1420.502508
1420.507587
1420.513853
1420.596511
1420.623380
1420.751380
1420.919562
1420.958843
1420.974449
1421.000663
1421.121208
1421.133824
1421.155983
1421.159383
1421.162619
1421.237125
1421.281976
1421.620552
1421.786685
1422.004920
1422.991524
1423.335260
1423.399649
1423.433974
1424.034488
1424.120300
1424.200458
1424.328049
1424.374006
1424.391578
1424.435732
1424.456458
1424.469402
1424.533791
1424.569508
1424.617349
1424.685343
1424.700088
1424.717783
1424.759357
1424.837345
1424.853852
1424.881746
1424.911278
1425.042964
1425.163960
1425.246454
1425.308221
1425.369743
1425.462436
1425.486029
1425.589576
1425.713644
1425.741087
1425.818542
1425.880965
1425.898988
1426.034565
1426.066391
1426.094285
1426.119516
1426.156585
1426.167808
1426.265375
1426.458173
1426.634342
1426.666865
1426.684641
1426.692588
1426.697462
1427.002040
1427.113738
1427.209789
1427.380388
1427.471811
1427.510968
1427.669402
1427.739402
1427.761111
1427.846676
1427.947274
1428.023869
1428.065321
1428.189880
1428.244316
1428.304282
1428.342661
1428.361585
1428.364206
1428.366295
1428.374774
1428.427530
1428.449444
1428.475904
1428.489462
1428.504084
1428.607386
1428.622295
1428.744847
1429.050040
1429.866291
1429.973934
1430.256804
1430.330982
1430.337618
1430.343434
1430.348186
1430.432850
1430.450749
1430.493553
1430.526935
1430.545408
1430.685532
1430.927360
1430.956974
1431.047946
1431.243325
1431.409459
1431.571743
1431.673446
1431.681843
1431.688970
1431.693722
1431.708303
1431.713096
1431.719076
1432.222679
1432.281743
1432.375624
1432.405647
1432.501576
1432.531763
1432.641536
1432.992358
1433.212764
1433.327452
1433.550070
1433.733571
1433.826386
1433.917030
1434.142474
1434.226196
1434.262610
1434.295583
1434.400891
1434.501284
1434.734510
1434.802135
1434.892861
1434.954424
1434.990305
1435.000750
1435.005952
1435.040973
1435.114537
1435.237908
1435.278459
1435.330642
1435.343421
1435.352924
1435.356938
1435.458806
1435.491041
1435.495916
1435.552522
1436.396421
1436.541133
1436.575949
1436.815237
1436.827771
1436.833628
1436.876882
1436.964332
1437.022167
1437.127516
1437.266371
1437.360579
1437.436232
1437.566362
1437.758710
1437.810606
1437.940941
1438.001316
1438.273085
1438.344684
1438.390682
1438.442168
1438.479073
1438.611374
1438.856233
1438.910710
1438.934508
1438.987346
1439.057183
1439.075082
1439.121981
1439.234417
1439.241298
1439.370076
1439.455273
1439.476367
1439.575204
1439.635210
1439.666586
1439.797002
1439.904031
1439.936758
1440.009175
1440.101622
1440.252355
1440.412713
1440.713974
1440.793682
1440.961126
1440.998277
1441.060250
1441.107763
1441.129882
1441.136148
1441.183375
1441.216922
1441.277624
1441.280819
1441.335132
1441.382236
1442.477998
1442.563072
1442.579579
1442.584740
1442.589532
1442.741084
1442.748006
1442.752348
1442.895790
1442.923848
1443.033825
1443.060244
1443.111567
1443.138273
1443.205284
1443.293471
1443.536364
1443.622011
1443.747799
1443.824312
1443.916759
1444.205445
1444.262871
1444.443832
1444.598374
1444.686848
1444.771430
1444.836229
1444.890829
1444.931379
1444.945961
1444.950057
1445.092803
1445.209661
1445.264056
1445.400330
1445.428716
1445.467750
1445.482906
1445.606318
1445.635031
1445.735137
1445.782815
1445.844582
1445.930394
1445.999370
1446.058025
1446.135194
1446.357484
1446.404710
1446.429409
1446.491136
1446.540943
1446.598902
1446.645309
1446.668411
1446.687498
1446.874276
1446.900777
1447.029473
1447.072358
1447.103283
1447.106068
1447.197942
1447.244063
1447.314268
1447.398892
1447.494902
1447.547781
1447.631708
1447.641334
1447.657923
1447.662510
1447.683195
1447.814513
1447.992320
1448.157061
1448.234803
1448.298209
1448.343347
1448.395448
1448.436367
1448.457789
1448.536392
1448.560476
1448.566170
1448.571167
1448.575877
1448.729887
1448.799109
1448.829215
1448.835154
1448.839414
1448.846254
1448.986173
1449.121710
1449.347973
1449.414042
1449.519555
1449.588040
1449.623142
1449.656975
1449.741107
1449.772524
1449.806234
1449.871196
1449.913385
1449.959629
1449.982484
1449.998418
1450.003251
1450.013696
1450.836623
1450.847519
1450.850877
1450.928538
1451.037204
1451.111383
1451.219476
1451.255644
1451.356979
1451.580211
1451.694776
1451.814380
1451.848950
1451.900232
1451.925545
1451.971338
1452.068577
1452.177695
1452.197274
1452.204360
1452.386058
1452.539453
1452.660040
1452.727992
1452.819005
1452.871311
1452.966502
1453.020692
1453.071319
1453.129892
1453.283942
1453.329818
1453.348577
1453.403587
1453.439590
1453.453517
1453.459661
1453.465518
1454.707139
1454.870979
1455.015199
1455.247606
1455.361229
1455.460844
1455.647662
1455.724708
1455.774228
1456.149914
1456.280617
1456.352911
1456.417137
1456.573768
1456.579789
1456.583639
1456.779428
1456.875110
1457.014170
1457.311621
1457.476239
1457.511383
1457.550418
1457.786102
1457.806131
1458.238915
1458.280530
1458.326036
1458.377359
1458.451087
1458.455675
1458.459894
1458.466939
1458.471158
1458.638152
1458.785649
1458.851348
1458.919096
1458.988933
1459.062989
1459.179930
1459.206472
1459.327918
1459.413279
1459.547300
1459.588956
1459.614351
1459.698975
1459.742802
1459.757548
1459.802931
1459.823165
1459.827139
1459.832832
1459.836969
1460.602962
1460.788429
1461.291213
1461.323817
1461.457551
1461.516984
1461.525791
1461.529600
1461.589156
1461.673452
1461.802189
1461.805548
1461.810504
1461.967503
1462.087967
1462.277816
1462.407700
1462.474220
1462.780887
1462.864691
1463.063880
1463.207854
1463.320699
1463.376282
1463.469711
1463.784202
1463.860961
1463.966106
1463.974257
1463.987651
1464.100577
1464.400364
1464.502477
1464.520417
1464.600494
1464.676762
1464.844657
1464.926536
1465.008374
1465.090007
1465.133466
1465.143992
1465.159025
1465.162260
1465.170821
1465.176474
1465.539215
1465.604588
1465.657795
1465.713992
1465.860588
1465.951478
1466.073088
1466.130227
1466.194207
1466.297590
1466.319872
1466.392904
1466.397409
1466.474332
1466.539459
1466.559775
1466.673152
1466.694001
1466.755400
1466.838385
1466.860298
1466.947420
1468.434268
1468.506604
1468.692070
1468.727009
1468.774810
1468.847677
1468.958392
1468.996321
1469.024788
1469.177364
1469.203784
1469.360579
1469.616415
1469.811958
1469.829980
1469.855089
1470.246625
1470.351237
1470.539489
1470.832927
1470.991237
1471.018680
1471.225283
1471.711601
1471.842959
1472.198656
1472.217047
1472.379453
1472.553861
1472.682025
1473.016627
1473.195459
1473.515315
1473.596416
1473.700413
1473.737318
1474.069586
1474.419794
1474.622956
1474.655519
1474.821652
1474.940969
1475.010970
1475.032801
1475.125944
1475.156705
1475.211223
1475.324314
1475.328328
1475.915325
1475.920486
1475.924541
1476.396728
1476.473733
1476.491264
1476.601446
1476.709581
1476.931789
1477.075927
1477.160878
1477.373460
1477.542216
1477.685903
1477.769093
1477.864694
1477.931459
1477.993062
1478.456893
1478.557123
1478.568141
1478.632079
1478.737961
1478.773678
1478.840975
1479.152435
1479.297925
1479.437148
1479.467049
1479.476634
1479.486013
1479.489987
1479.494369
1479.768596
1479.884390
1480.010998
1480.097546
1480.190648
1480.312054
1480.382874
1480.498299
1480.572969
1480.610570
1480.631214
1480.737055
1480.804106
1480.947876
1481.456517
1481.624003
1481.667584
1481.977692
1482.010337
1482.078945
1482.084393
1482.135634
1482.294395
1482.515497
1482.521231
1482.570506
1483.338424
1483.380654
1483.627889
1483.781898
1483.911537
1484.060672
1484.067717
1484.071444
1484.075049
1484.285338
1484.352225
1484.492636
1484.582584
1484.687688
1484.839731
1485.056164
1485.631119
1485.708616
1486.556529
1486.615921
1486.709596
1486.753300
1486.776975
1486.784307
1486.788198
1487.336817
1487.351972
1487.407063
1487.635784
1487.916319
1488.003932
1488.065331
1488.104653
1488.112476
1488.116941
1488.124764
1488.128164
1488.133284
1488.250634
1488.326943
1488.436101
1488.513352
1488.555213
1488.630907
1489.200660
1489.229947
1489.262428
1489.270170
1489.273364
1489.278321
1489.387889
1489.439416
1489.481605
1489.520886
1489.669939
1489.768038
1489.835500
1489.839063
1489.845371
1489.851105
1489.861550
1489.887109
1489.892475
1489.900872
1489.913774
1489.921475
1489.927373
1489.936261
1489.943388
1489.953423
1489.966490
1490.136596
1490.212987
1490.286305
1490.317189
1490.637701
1490.709832
1490.854502
1490.874245
1491.176612
1491.565650
1491.599319
1491.613983
1491.623895
1491.627459
1491.721667
1491.765371
1491.788718
1491.810140
1491.900621
1492.059505
1492.185293
1492.236739
1492.443382
1492.697211
1493.066629
1493.079941
1493.166981
1493.413888
1493.502894
1493.541765
1493.590139
1493.678162
1493.805875
1495.608320
1495.782441
1495.951811
1496.645018
1496.781292
1496.990761
1497.794642
1497.897206
1498.247987
1498.831503
1499.380163
1500.029460
1500.328100
1500.611256
1501.343867
1501.716972
1501.785580
1501.843087
1502.135665
1502.206607
1502.889083
1502.937293
1503.102116
1503.245312
1503.451382
1503.482266
1503.687107
1504.028508
1504.065249
1504.232530
1504.843407
1504.863437
1504.906363
1504.929260
1505.007944
1505.925693
1506.278318
1506.329477
1506.906317
1507.049226
1507.092890
1507.332055
1507.459113
1508.496425
1508.630323
1508.944241
1509.618975
1510.031114
1510.045983
1510.058394
1510.141420
1510.165381
1510.315540
1510.582682
1510.685778
1510.747709
1510.783099
1510.827295
1510.841303
1510.844989
1510.850396
1510.870630
1510.878208
1510.883901
1510.889103
1510.902784
1510.921708
1510.932726
1510.945341
1510.953083
1511.375258
1511.404708
1511.855022
1511.936655
1511.991296
1512.043725
1512.066499
1512.145347
1512.158208
1512.201216
1512.216207
1512.232223
1512.238817
1512.244224
1512.258273
1512.265605
1512.278016
1512.283791
1512.291000
1512.298045
1512.298578
1512.304148
1512.310784
1512.333066
1512.368210
1512.422851
1512.570184
1512.627405
1512.775516
1512.816476
1512.911217
1513.004032
1513.073091
1513.140101
1513.227018
1513.339126
1513.418547
1513.431204
1513.437921
1513.444106
1513.449144
1513.551135
1513.641370
1513.668854
1513.711944
1513.759293
1513.804554
1513.826796
1513.859400
1513.881764
1513.909371
1513.940009
1513.954796
1513.968968
1514.044580
1514.439557
1514.495631
1514.581074
1514.597253
1514.690560
1514.821263
1514.848133
1514.923745
1514.980106
1515.036058
1515.120558
1515.139809
1515.222548
1515.675116
1515.743273
1515.828101
1515.858452
1515.911127
1515.957535
1516.001157
1516.045312
1516.066284
1516.080742
1516.086723
1516.089754
1516.094751
1516.233851
1516.242452
1516.246876
1516.250890
1516.985876
1517.525033
1517.545964
1517.626900
1517.689692
1517.768827
1518.842675
1519.293481
1519.563899
1519.570084
1520.297574
1521.422746
1521.438679
1521.647411
1521.723146
1521.979843
1522.155643
1523.398124
1523.971809
1525.691064
1526.171812
1526.487572
1527.079526
1528.328684
1528.451236
1528.893563
1529.156854
1529.254666
1529.300664
1529.388278
1529.413673
1529.419530
1529.461924
1529.478472
1529.620439
1529.802260
1529.843098
1530.161930
1530.307789
1530.903347
1531.088855
1531.227177
1531.501568
1531.731927
1532.020244
1532.080701
1532.298568
1532.348908
1532.391260
1532.560876
1532.657500
1532.672860
1532.692972
1533.137592
1533.248512
1533.268050
1533.301596
1533.407396
1533.454582
1533.461340
1533.467116
1533.470392
1533.474406
1533.499474
1533.506068
1533.518479
1533.538591
1533.547233
1533.551288
1533.628457
1533.640581
1533.677076
1533.698703
1533.708452
1533.762970
1533.783941
1533.813432
1533.839892
1533.878436
1533.944504
1534.043996
1534.121615
1534.161101
1534.334812
1534.528676
1534.572667
1534.579220
1534.648484
1534.689321
1534.775747
1534.832968
1534.865777
1534.924882
1535.022162
1535.038054
1535.091835
1535.100273
1535.105024
1535.113380
1535.117844
1535.223071
1535.252562
1535.297577
1535.404892
1535.497626
1536.470180
1536.532070
1536.615178
1536.891945
1536.900710
1536.906895
1536.911524
1536.975380
1537.010115
1537.117757
1537.147167
1537.205002
1537.272136
1537.296548
1537.335624
1537.370890
1537.380803
1537.387151
1537.392189
1537.399439
1537.405747
1537.411031
1537.866301
1537.957069
1538.012447
1538.033746
1538.101371
1538.102354
1538.293105
1538.638684
1538.712781
1538.839224
1538.872156
1539.259105
1540.077896
1540.237844
1540.256809
1540.261560
1540.269793
1540.270408
1540.275077
1540.281385
1540.287078
1540.293345
1540.396073
1540.439491
1540.463698
1540.521820
1540.794655
1540.879483
1541.003305
1541.133681
1541.189100
1541.573673
1541.631590
1541.717688
1541.790925
1541.794734
1541.799444
1541.860762
1541.942067
1542.036275
1542.158254
1542.230385
1542.236570
1542.242017
1542.246728
1542.353592
1542.388367
1542.424617
1542.460170
1542.491300
1543.280312
1543.366083
1543.861780
1545.710961
1546.205962
1546.970153
1547.258634
1547.398431
1547.851530
1548.003041
1548.101509
1548.118630
1548.121907
1548.881879
1548.984238
1549.104251
1549.639107
1550.018683
1550.346486
1550.477230
1550.619853
1550.903337
1551.263990
1552.094700
1552.165069
1552.944005
1553.214136
1553.219625
1553.844797
1553.902838
1553.968497
1553.987748
1554.247148
1554.488443
1554.597970
1554.628649
1554.833859
1555.470868
1555.494912
1555.591700
1556.059791
1556.432609
1556.812677
1557.407785
1557.907579
1558.000148
1558.061220
1558.080061
1558.088253
1558.163907
1558.209659
1558.292726
1558.299361
1558.333932
1558.342697
1558.347448
1558.353101
1558.358917
1558.368051
1558.499656
1558.543360
1558.591447
1558.737183
1558.789325
1558.828892
1558.899917
1559.121347
1559.208591
1559.285228
1559.332086
1559.361249
1559.407534
1559.416832
1559.420641
1559.536886
1559.615529
1559.668572
1559.717437
1559.783465
1559.866655
1559.896392
1559.983923
1560.054907
1560.078664
1560.252293
1560.322499
1560.617533
1560.631009
1560.934031
1561.089475
1561.325527
1562.271252
1562.376765
1562.483794
1563.083940
1563.615437
1564.438323
1565.155533
1565.161800
1565.952860
1565.999063
1566.215946
1566.244413
1566.258504
1566.524047
1566.684488
1567.651471
1567.840092
1567.897887
1568.125010
1568.735642
1569.028669
1569.048289
1569.431020
1569.894932
1570.139914
1570.526454
1570.635203
1570.901443
1571.005235
1571.698483
1572.245135
1572.495729
1572.901642
1573.035827
1573.778104
1574.122209
1574.748037
1575.056835
1575.131546
1575.528489
1575.695155
1577.600205
1577.613599
1577.749094
1578.168812
1578.781450
1578.804552
1579.344527
1579.600323
1579.804508
1580.248637
1580.802908
1581.087744
1581.391217
1582.417469
1582.787256
1583.614853
1583.793684
1584.093061
1585.620460
1586.221793
1586.412421
1586.888131
1587.159859
1588.374241
1589.157396
1589.451858
1589.503877
1590.462915
1590.914335
1591.351296
1591.541514
1591.737344
1593.577472
1593.720340
1593.733530
1593.747497
1594.264330
1594.340844
1594.386596
1594.785423
1596.191621
1596.237496
1596.596306
1596.664422
1596.772024
1596.953068
1596.978217
1597.079921
1597.159793
1597.163889
1597.170442
1597.201449
1597.278986
1597.300654
1597.305569
1597.429146
1597.436109
1597.439877
1597.442703
1597.465969
1597.479567
1597.522862
1597.576561
1597.614776
1597.617930
1597.632799
1597.657989
1597.671342
1597.683057
1597.686579
1597.714104
1597.809787
1597.869916
1597.877658
1597.887078
1597.891133
1597.891707
1598.176256
1598.222787
1598.271652
1598.514340
1598.530478
1598.580613
1598.611497
1598.690959
1598.761902
1598.823383
1598.982185
1599.008604
1599.374868
1599.435571
1599.506104
1599.596175
1599.632835
1599.653437
1599.694479
1599.704556
1599.707628
1599.712461
1599.717048
1599.986565
1600.294543
1601.046815
1601.545708
1601.719337
1601.779425
1601.788723
1601.801462
1601.809777
1601.816248
1601.826079
1601.830953
1601.837056
1601.934787
1602.009866
1602.024653
1602.151137
1602.180997
1602.251407
1602.280776
1602.315387
1602.383135
1602.456535
1602.513797
1604.337582
1604.454646
1604.513915
1605.249597
1605.743616
1605.784453
1605.828936
1605.838889
1605.970903
1607.607706
1607.621345
1608.037949
1608.123392
1608.228168
1608.258765
1608.372593
1609.561702
1609.598484
1610.333880
1610.382049
1610.447667
1611.639685
1612.471337
1612.600320
1612.689490
1612.951716
1613.398876
1614.724792
1615.464038
1615.616532
1616.515727
1616.617103
1618.010644
1618.775859
1618.780774
1619.681731
1621.056266
1621.064294
1621.597635
1621.912740
1622.346179
1622.492774
1622.537994
1623.257416
1623.369687
1623.436247
1623.471923
1623.605740
1624.398193
1624.478392
1624.708874
1624.989123
1625.103524
1625.380905
1625.569034
1625.789030
1625.797960
1625.802260
1625.804800
1626.436403
1626.522870
1626.563994
1626.573414
1626.574316
1626.580009
1626.600776
1626.631332
1626.647798
1626.651566
1626.652140
1626.672988
1626.678436
1626.689577
1626.698465
1626.705592
1626.712474
1626.764206
1626.773299
1626.814013
1626.863288
1626.900316
1626.939638
1626.998292
1627.007672
1627.063583
1627.179213
1627.367055
1627.443241
1627.504968
1627.666022
1627.738644
1627.867300
1628.203868
1628.241183
1628.260844
1628.265267
1628.269117
1628.277514
1628.333957
1628.385157
1628.404408
1628.458516
1628.473467
1628.492595
1628.505743
1629.119939
1629.602038
1629.606830
1629.711319
1631.385108
1631.975711
1632.165683
1632.298312
1632.319447
1632.547185
1633.867735
1633.936589
1634.413486
1634.502738
1634.529894
1634.736128
1634.754191
1634.826977
1635.348480
1635.911475
1635.941294
1636.170138
1636.356383
1636.377436
1636.968817
1637.223793
1637.365146
1637.461033
1638.081167
1638.739886
1638.751928
1639.620239
1639.661937
1639.842693
1640.134861
1640.385454
1640.425062
1640.796570
1641.133957
1641.175040
1703.996375
1705.307996
1705.406751
1706.338468
1706.422559
1706.697196
1706.698097
1707.132027
1707.563909
1707.928617
1708.336947
1708.454011
1709.325967
1709.588357
1709.756621
1709.939835
1710.129316
1710.250394
1710.951301
1711.060419
1712.852951
1712.904069
1713.094984
1714.085356
1714.339963
1714.875965
1715.567616
1715.803546
1715.986514
1715.997860
1716.324557
1716.850278
1718.236037
1718.560645
1719.899668
1719.914414
1721.911624
1721.914368
1722.785710
1722.969211
1723.374060
1723.567391
1724.064317
1724.096307
1724.154552
1724.312781
1725.382287
1725.947085
1726.038630
1726.222500
1726.477722
1726.540677
1726.639718
1727.024456
1727.151473
1727.324979
1727.373844
1727.797699
1727.967314
1728.626688
1729.868349
1730.665349
1731.010929
1731.122913
1731.142902
1731.200041
1731.388989
1732.989420
1733.061878
1733.394596
1734.253117
1735.871816
1737.933537
1738.854646
1741.712548
1741.833421
1742.587617
1742.967439
1746.370437
1746.504172
1746.602066
1747.009659
1747.793633
1750.921257
1752.337981
1752.414167
1752.495022
1752.705434
1752.906056
1753.054126
1753.185034
1755.164385
1755.432550
1755.555512
1755.737457
1756.131451
1757.037158
1757.771203
1757.836820
1758.838497
1760.395592
1761.020027
1761.898906
1762.458788
1762.618941
1762.812191
1768.063058
1768.179098
1770.869965
1774.319944
1774.700913
1777.133773
1778.350817
1779.464438
1779.823329
1780.115702
1782.666650
1785.600614
1785.690644
1786.716078
1786.955981
1786.959503
1787.118797
1788.386181
1789.579551
1791.008522
1791.314903
1791.357174
1791.675802
1792.798310
1792.865649
1792.885228
1792.967516
1793.158840
1793.902879
1794.387313
1794.872648
1795.656991
1796.059996
1797.220434
1797.252874
1798.234563
1798.721331
1800.128348
1800.820449
1803.637965
1804.013117
1804.016271
1804.019057
1804.021555
1805.078528
1807.460024
1807.461622
1807.962644
1808.369459
1809.832387
1810.258862
1811.995443
1812.451492
1812.547174
1813.615124
1814.171156
1815.477125
1815.544791
1815.856538
1817.760399
1818.245816
1820.909076
1823.869911
1827.297485
1827.902218
1828.065772
1828.448256
1830.781542
1831.937106
1834.255565
1834.679091
1836.601631
1841.129800
1842.072166
1842.470912
1842.658918
1843.484631
1844.955218
1847.140721
1847.263314
1847.561626
1847.825080
1848.426783
1851.330232
1852.249784
1852.438692
1852.744172
1853.095649
1853.298852
1853.371720
1855.295857
1855.331860
1855.405670
1855.435284
1855.447450
1855.513477
1855.630582
1855.706235
1855.840829
1857.007002
1857.032397
1857.596867
1858.360115
1858.516541
1858.544804
1859.645604
1859.710607
1859.846062
1860.152812
1860.210483
1860.612833
1860.809400
1861.401395
1861.684593
1861.753897
1861.848883
1862.228992
1862.556426
1862.883369
1863.150060
1864.040038
1864.299274
1864.327864
1864.437637
1865.509642
1865.737503
1865.954099
1866.875249
1867.395727
1868.423864
1868.641362
1868.932874
1869.021921
1870.294917
1872.610714
1873.031946
1873.040015
1873.170514
1873.359585
1874.600960
1874.913485
1875.110216
1875.462267
1877.121884
1877.357363
1877.580964
1877.594644
1877.629747
1878.250332
1878.801408
1878.922076
1879.007683
1879.056138
1879.675372
1881.359524
1882.714808
1882.743398
1882.873528
1883.144561
1883.951882
1886.842184
1887.093596
1887.126897
1887.276933
1887.595274
1890.596045
1890.617426
1892.944282
1893.047296
1893.426381
1896.189460
1896.345764
1896.818647
1897.271255
1898.882580
1900.471091
1902.965637
1904.260792
1905.052385
1906.190787
1909.846958
1909.858632
1909.997158
1915.180278
1915.249132
1915.429437
1917.029335
1917.075661
1917.300777
1918.833910
1919.883674
1920.122102
1920.228925
1920.263496
1920.520028
1920.747274
1921.404109
1922.414510
1924.295967
1924.381123
1924.520468
1925.028045
1925.594440
1925.630566
1927.953613
1928.428339
1929.438822
1930.028155
1932.528108
1933.244457
1933.412434
1935.114609
1935.123988
1935.129068
1936.778732
1936.926720
1937.221181
1937.826857
1940.342784
1940.615496
1940.724367
1940.898488
1941.042299
1941.293548
1941.431665
1942.934651
1943.331963
1943.655137
1943.865876
1944.157266
1945.020088
1945.508045
1945.758679
1945.833062
1946.194657
1946.753966
1947.329454
1950.094336
1952.916234
1953.176125
1954.366710
1955.103498
1955.715604
1956.119060
1956.254310
1956.392960
1956.513628
1959.166566
1959.929569
1960.028406
1961.113354
1961.825772
1962.306929
1962.389750
1963.358659
1963.576525
1963.788165
1964.188713
1964.855706
1968.061071
1968.635085
1969.002947
1969.226711
1969.875476
1974.411633
1974.431089
1974.899589
1974.954353
1975.283302
1975.812342
1976.399954
1976.684790
1977.390244
1978.371809
1978.474783
1978.646241
1978.958152
1979.106386
1979.129774
1979.163443
1979.244175
1981.986161
1982.346322
1982.467523
1982.512169
1982.905917
1983.166505
1983.453102
1983.525233
1985.124762
1985.577861
1985.712947
1986.282127
1987.167805
1987.654574
1988.168704
1988.463616
1991.527506
1991.950950
1993.969254
1996.070216
1996.418621
1997.079511
1997.631693
1997.791846
1998.125588
1998.628291
1998.991524
1999.291023
1999.493448
2000.096666
2000.148152
2000.418980
2001.423729
2001.508803
2001.624637
2001.804452
2001.947607
2003.103990
2003.463250
2004.119634
2004.471726
2004.814070
2005.358141
2008.366694
2010.699039
2011.023770
2011.593196
2012.837601
2013.432300
2013.891174
2014.120428
2014.451302
2016.219955
2016.614810
2024.463811
2025.667174
2030.045430
2030.390477
2033.638072
2035.305513
2035.557089
2035.560653
2035.639460
2036.886159
2037.111235
2037.586903
2039.286989
2044.293202
2051.421389
2051.707249
2052.281795
2053.723054
2057.294479
2062.619607
2063.288115
2064.298967
2065.729044
2069.878211
2071.699988
2072.873492
2073.492685
2074.000507
2077.679862
2079.402107
2083.696681
2084.846387
2085.138637
2090.528809
2090.964623
2093.448192
2093.527122
2093.739745
2093.750395
2093.866803
2093.978870
2094.265999
2094.518886
2094.892687
2094.897971
2094.929142
2095.324529
2096.042639
2096.706028
2098.119967
2099.504865
2099.625574
2100.613612
2100.967178
2103.923548
2106.870170
2107.159142
2107.668193
2107.886838
2108.209316
2109.053706
2110.453637
2111.714877
2113.638113
2116.074783
2116.983767
2117.149573
2117.414052
2117.688771
2117.919908
2119.422607
2119.622328
2119.706583
2120.229028
2121.165046
2123.322819
2123.786977
2124.408873
2125.672284
2126.377533
2128.893788
2128.975258
2130.299617
2131.788636
2133.898363
2134.310175
2134.994412
2135.562445
2139.047485
2141.001728
2141.542236
2143.249572
2146.982625
2147.658301
2150.588621
2152.274371
2152.370340
2154.004439
2154.411581
2156.098232
2157.294961
2158.307820
2165.833933
2166.682051
2172.482478
2172.889416
2181.228380
2181.420974
2181.488312
2182.193234
2182.645187
2187.048550
2188.713001
2190.585651
2191.208530
2191.418081
2191.518147
2194.646794
2200.571699
2200.808038
2200.976138
2201.013821
2201.025618
2202.502021
2206.761779
2206.818427
2206.892278
2207.142871
2208.769761
2209.502044
2210.670879
2213.065892
2216.513659
2218.894418
2220.829573
2221.703250
2221.829079
2222.223483
2224.467763
2224.662610
2228.773929
2229.009408
2230.826557
2235.414938
2236.618260
2238.133453
2238.379827
2238.635786
2238.691287
2238.788731
2238.845092
2238.913905
2238.929428
2238.991892
2239.028347
2239.359795
2239.496929
2240.341156
2240.802693
2240.929423
2241.127219
2241.632707
2241.947566
2242.030019
2242.408858
2242.488689
2243.645071
2243.663954
2243.685868
2243.938959
2244.258857
2245.874934
2245.890662
2245.939896
2245.973647
2245.985567
2246.119916
2246.278390
2246.466028
2248.312791
2249.887498
2252.051251
2252.118303
2252.152300
2252.382495
2252.393554
2252.443034
2252.739830
2253.779354
2254.034452
2254.081638
2254.165524
2254.389494
2255.104328
2255.232614
2255.334646
2255.876506
2256.076554
2256.715817
2256.759439
2256.965796
2257.157202
2257.429176
2257.444168
2257.830298
2259.404308
2260.031283
2260.218061
2260.344422
2260.346184
2260.576502
2260.880876
2261.426627
2261.446246
2261.575926
2262.067036
2262.081372
2262.093455
2264.718582
2264.920146
2265.754583
2267.201413
2268.707267
2268.945203
2268.950282
2269.080494
2269.419889
2271.487345
2271.912018
2272.225731
2272.534364
2273.141719
2275.856589
2276.006420
2276.399309
2277.806080
2277.891318
2278.172672
2279.233618
2280.556421
2281.585009
2282.436321
2284.510822
2285.358735
2286.395474
2289.861386
2390.860923
2391.415194
2391.566664
2392.739922
2400.832512
2400.997540
2402.674975
2404.313088
2404.326687
2407.333478
2408.196178
2408.596767
2410.083041
2410.341171
2413.291684
2413.312205
2414.112031
2414.126285
2414.247199
2416.461292
2418.061025
2418.844918
2418.881577
2419.199222
2419.231416
2419.809239
2419.940925
2420.332872
2421.382308
2421.390008
2422.435881
2425.310863
2429.372088
2429.999473
2430.043218
2430.138040
2430.337147
2432.836403
2433.439252
2433.445110
2433.449656
2433.456415
2433.613619
2434.302362
2436.120822
2444.362301
2444.929434
2445.053010
2445.184041
2445.230899
2445.483540
2445.852959
2450.723963
2451.427820
2453.539553
2454.256804
2454.482780
2456.447672
2459.461632
2463.259771
2465.473741
2465.542226
2466.637046
2467.156705
2468.240794
2470.490849
2472.407613
2473.545646
2474.193101
2475.385528
2476.170240
2477.571482
2478.714593
2479.016059
2479.116329
2482.078310
2484.258611
2489.084682
2489.664184
2491.667538
2493.920870
2494.655693
2497.630331
2498.864701
2499.404390
2499.771228
2500.317512
2502.893281
2504.652595
2507.528192
2507.554734
2507.604091
2510.214922
2516.249395
2516.328571
2516.351877
2517.996954
2518.795796
2519.695237
2522.455941
2529.061724
2529.725112
2532.264264
2532.392796
2532.999619
2538.141860
2540.941722
2541.326623
2541.461627
2542.225490
2543.086141
2543.213158
2545.425408
2545.483080
2545.542554
2548.093379
2548.295434
2548.349174
2548.504740
2548.765286
2549.123072
2549.218959
2549.337825
2549.623562
2549.657149
2550.408315
2550.479380
2552.799027
2553.321554
2553.551135
2553.700229
2553.844449
2556.125389
2559.767183
2561.823498
2561.851023
2562.084168
2562.101699
2566.155182
2568.319590
2568.920433
2571.145175
2573.218243
2575.606784
2575.709348
2575.716762
2575.721882
2576.188539
2576.195543
2576.198943
2576.205537
2576.206193
2576.209469
2582.091817
2582.590136
2585.614049
2589.736837
2590.450360
2591.093596
2595.583877
2597.825495
2602.001940
2602.860380
2603.617075
2604.349481
2604.355215
2604.360376
2604.363981
2604.367749
2605.985219
2606.288773
2606.421852
2607.881544
2608.740557
2610.818703
2615.064003
2617.507922
2618.953359
2619.018691
2620.099092
2620.240855
2620.247613
2620.253716
2620.257853
2620.258304
2621.484728
2622.281155
2622.762762
2623.362785
2625.667154
2626.450883
2626.509169
2626.516582
2627.805757
2627.980001
2628.031529
2628.444160
2628.540293
2631.812915
2633.266913
2633.925386
2642.826199
2649.459220
2652.862956
2654.502052
2659.518792
2660.644168
2661.623521
2662.164890
2662.344663
2662.745170
2662.753444
2662.758605
2662.761349
2662.965617
2663.246070
2663.715308
2663.812956
2663.839990
2663.841055
2663.960904
2665.609421
2665.793741
2668.691497
2668.785664
2683.643822
2684.891955
2685.597532
2685.608264
2685.611622
2685.614490
2687.051653
2687.379333
2689.708442
2690.462597
2690.502246
2690.931507
2691.147571
2692.199096
2692.350894
2692.416512
2694.592840
2696.152392
2696.311767
2696.320901
2696.324219
2696.326922
2696.462295
2697.223782
2697.236316
2697.241149
2697.243894
2697.472860
2698.350715
2698.524631
2698.575708
2698.743316
2698.894868
2700.188754
2700.948603
2701.609083
2702.243553
2703.451628
2704.925000
2705.327677
2705.444618
2705.795359
2706.257961
2706.375885
2706.774344
2709.974221
2710.326845
2710.458819
2711.279002
2711.464878
2711.646085
2711.670784
2716.710625
2716.754575
2717.002752
2717.196616
2718.422262
2718.976573
2723.317391
2723.437527
2724.978647
2726.527713
2727.132774
2729.190564
2731.325030
2731.755602
2734.842962
2735.725036
2740.207452
2740.394312
2742.735503
2743.148421
2744.505344
2744.891105
2745.845514
2748.737946
2749.237043
2749.275587
2750.859264
2751.094415
2751.974769
2752.716349
2753.409761
2753.587241
2754.169692
2755.832709
2756.221133
2758.555771
2759.471268
2759.822623
2760.849613
2760.948654
2761.489121
2761.653535
2762.542572
2763.871396
2764.053750
2764.232294
2764.761047
2764.871148
2767.727657
2768.780042
2768.838001
2770.051400
2772.440310
2772.686848
2772.998431
2773.397258
2774.725100
2776.754135
2776.787517
2777.058877
2777.281905
2778.254213
2778.315571
2779.046830
2779.259412
2779.293409
2780.300943
2780.861112
2781.528760
2781.554934
2781.604086
2782.267515
2783.700337
2786.051482
2786.631025
2787.237929
2787.409388
2787.596206
2789.423227
2789.524111
2789.637120
2789.920932
2791.081656
2791.231078
2791.688438
2793.740780
2794.786079
2795.522867
2795.794104
2797.634028
2798.693786
2799.196611
2799.972065
2800.501187
2800.747233
2801.044931
2801.635082
2801.846436
2802.532680
2803.560325
2803.727811
2804.798833
2805.023744
2807.056261
2808.128635
2809.498706
2814.063780
2814.501069
2814.999429
2816.184115
2818.252227
2821.824143
2826.081690
2826.235085
2826.672824
2827.395072
2827.498209
2829.548012
2829.668762
2830.152294
2830.224097
2832.151962
2832.370360
2832.615096
2832.958505
2835.157361
2835.204792
2835.211756
2835.271066
2835.333939
2836.334879
2836.397957
2836.960297
2838.161162
2839.108608
2839.156163
2840.941814
2841.208791
2841.661686
2841.877258
2842.683884
2842.985431
2843.500585
2843.756257
2843.802624
2843.871642
2843.919933
2843.980759
2844.986737
2845.120389
2848.102113
2848.220242
2851.398738
2852.882637
2854.896722
2855.016653
2855.341793
2855.748567
2856.164393
2856.232673
2856.269496
2857.387909
2857.658409
2860.018688
2863.287296
2863.624069
2863.630008
2863.735480
2863.905260
2865.916068
2866.078433
2866.110751
2866.429706
2867.838894
2868.819067
2871.234314
2871.566500
2872.357274
2875.534213
2878.045635
2878.671913
2879.660810
2879.891005
2885.541315
2885.613076
2885.975450
2886.678815
2888.093368
2888.102011
2888.168448
2889.216410
2889.739387
2889.866158
2890.143416
2891.510088
2893.097452
2893.993165
2895.072952
2895.103877
2895.499100
2895.522570
2895.996436
2896.387195
2897.025393
2902.593372
2905.004483
2905.507922
2905.798738
2906.030080
2907.596063
2907.791688
2907.834450
2908.391956
2908.711281
2909.797007
2909.824123
2910.446223
2912.450929
2913.853399
2919.525376
2922.820485
2924.753879
2925.451756
2927.046083
2927.667159
2928.684114
2928.887276
2928.985334
2929.099284
2930.297774
2935.109550
2935.139820
2938.517914
2940.278825
2942.215619
2942.300242
2943.041167
2943.141478
2945.155727
2945.933763
2945.937572
2949.157519
2949.421711
2949.929697
2950.132367
2950.828073
2952.356905
2953.027748
2953.058222
2953.291080
2953.453445
2954.122199
2955.227587
2955.539988
2955.550269
2956.854518
2956.941844
2959.278080
2959.886746
2960.199803
2960.363848
2962.834186
2963.158098
2963.166372
2963.221094
2964.188283
2964.334510
2964.360602
2965.347123
2965.404795
2965.821645
2967.735869
2967.742054
2967.770931
2967.907246
2968.206295
2968.309391
2970.066289
2971.329454
2973.706076
2974.534533
2974.785987
2975.129477
2975.145574
2975.438766
2975.512658
2975.518761
2975.522734
2975.525233
2975.531090
2975.535391
2975.544279
2975.939420
2976.102523
2976.579379
2977.795482
2978.364621
2978.551480
2978.749686
2978.759270
2979.612549
2980.947722
2981.348475
2981.717402
2981.834301
2982.581821
2982.597919
2982.775316
2986.420675
2992.294052
2993.553531
2993.571758
2993.769267
2994.041283
2994.215117
2994.735718
2995.124511
