185.452257
185.797100
186.001818
186.786202
187.027948
187.069850
187.599135
188.228936
188.385280
188.576645
188.925542
189.142835
189.231309
189.639270
189.757972
189.813637
190.223114
190.261330
190.747894
190.794998
190.844191
191.156879
191.193416
191.445934
191.542026
191.700255
193.535631
193.596416
195.595428
196.285317
196.867523
198.481633
198.679020
198.729646
199.356252
199.816929
200.103731
200.126218
200.431657
200.646328
200.733860
200.852890
200.940831
201.064980
201.973473
203.187569
203.725906
203.969946
203.977114
204.103516
204.251382
204.259779
204.362916
204.369879
204.559811
205.347512
205.392937
209.365320
209.517773
210.000568
210.541445
211.024118
211.115622
211.245916
211.528335
212.546028
212.682506
213.083300
213.425439
218.416128
219.283661
219.717550
219.821220
220.107121
220.670853
220.742574
220.750561
223.897969
224.021873
224.078111
224.096051
224.293970
224.550093
224.720609
225.069834
225.575035
225.601208
225.680671
227.555860
228.649943
232.484372
232.542618
235.705139
238.229053
238.839562
239.033057
239.536087
239.787377
240.505283
241.456210
242.743747
243.261932
245.314970
248.753766
248.799109
248.882668
249.106924
249.801646
250.365829
250.501775
250.693018
251.500995
251.750605
251.772641
252.746424
252.944835
253.179945
253.289554
253.526385
253.957407
254.883717
257.130291
257.148518
257.196605
257.912218
259.734774
260.116193
260.594074
261.693932
263.113687
266.033725
266.695188
267.727954
267.982193
268.589670
268.823142
269.040067
269.169664
269.658071
270.355825
270.533591
270.622515
270.777139
270.900634
271.347958
271.411610
271.809618
271.931064
272.051937
272.219382
272.470098
273.321165
273.591091
273.641841
273.647329
274.125537
274.721260
274.796831
276.616438
276.830454
276.839014
277.032673
277.147116
277.413069
277.676769
277.685084
277.952266
277.975204
278.168412
278.179635
278.603940
279.848878
280.204616
280.588534
283.410842
283.619697
283.903181
284.337766
285.502423
285.902234
286.647501
287.435448
287.916892
288.154542
288.598835
290.014577
290.015601
290.032108
290.047959
290.050294
290.061558
290.066842
290.071429
290.088673
290.095022
290.106081
290.111693
290.125046
290.141757
290.151629
291.345285
291.431465
291.923395
291.937853
292.565893
294.344663
294.968156
295.127900
295.514440
295.531110
295.544914
295.569654
295.575511
296.741110
297.885327
297.995469
298.010911
299.743601
300.067717
303.069102
304.129516
304.331039
305.755218
307.463905
310.675743
311.026729
311.606395
312.367636
312.878817
315.003658
316.149391
318.427218
319.165235
319.342060
319.355208
319.764316
319.882076
320.187924
321.283031
321.627136
321.770906
321.838899
321.854013
321.937039
322.572411
322.598625
322.630779
323.912745
324.952801
325.021491
326.070641
326.432113
327.122207
327.276831
327.863706
332.757565
334.114488
334.456381
334.714593
334.729257
335.013192
336.148603
336.436797
336.594616
337.207501
338.018427
338.099814
338.111037
338.118861
339.501466
339.653591
339.750134
340.120330
340.218634
340.748739
341.479137
342.093005
342.372803
342.747259
343.126262
343.214449
343.565517
343.968973
344.105083
344.342077
344.366735
344.385004
345.930793
346.215670
346.305659
346.320691
347.482481
348.683878
349.509181
351.532892
353.323868
353.415455
356.214866
356.777492
361.342403
363.231109
364.572180
365.689283
367.056937
367.641436
369.347379
369.755914
370.634220
371.294740
371.846062
374.494044
375.149117
376.672911
376.714977
376.819630
376.826798
376.932721
377.256673
377.281700
377.335521
377.657876
379.262566
379.567636
379.885281
380.641772
381.396746
382.153892
383.650038
384.751329
385.736499
386.362122
388.173824
389.499167
391.855473
397.508977
397.872292
400.428196
403.689841
404.191150
404.320461
404.531487
404.753613
404.840284
405.254267
405.548155
408.018862
408.043438
408.476549
410.641900
412.303360
414.048256
414.195220
414.353695
414.418657
415.281930
415.363768
417.667154
419.949199
420.244193
421.463736
421.682176
422.207078
422.553272
424.069038
424.400200
426.033316
427.373240
427.562803
428.094874
428.672246
430.142956
430.543421
430.589706
431.044157
431.660032
434.686239
435.117875
435.181814
436.308869
437.006950
437.649080
437.828280
438.547702
439.045448
439.593574
441.718047
442.729062
443.673764
444.230246
444.253307
444.757361
447.802286
449.741169
452.285891
461.939139
462.099579
462.247731
462.322688
462.363935
462.507909
462.646927
464.581140
464.587940
465.224622
465.243996
466.242806
466.524570
466.582528
466.909225
467.022275
467.113656
467.550454
467.612385
469.232599
469.403976
469.643510
469.692744
469.743985
470.347612
470.495232
471.485440
471.772119
471.904174
472.294687
472.567644
473.108849
473.985147
474.312663
474.606060
474.757325
475.568087
475.598889
476.304343
477.317693
478.560788
478.878925
479.023800
479.522488
480.909844
481.122959
481.434255
482.918482
484.093665
485.584200
485.668454
485.758648
485.925437
485.932483
486.576906
486.961725
487.948739
488.392663
488.667873
489.595986
489.741107
491.246428
491.528356
491.775549
494.516265
494.770627
494.960763
495.196570
496.712786
497.017446
497.061765
497.077576
497.574298
497.820918
498.804490
498.845409
498.889769
499.679764
499.780608
500.825661
501.105705
501.246321
501.320827
501.806653
502.064292
502.635930
502.686966
502.718996
502.964019
503.311524
504.091771
505.369641
506.240696
506.733568
508.304957
508.505334
508.595569
509.023273
509.076890
510.524785
510.707425
511.158026
511.865610
511.907062
512.083722
513.623859
515.537183
516.271145
520.738652
520.756224
520.783708
521.446195
526.825390
529.056686
529.096172
529.196401
531.818168
531.930522
532.033208
534.380995
534.478234
535.051018
536.828150
538.138173
538.270761
538.274734
538.878607
539.485430
539.944714
542.529700
543.565005
546.047713
546.842296
547.413606
547.847414
547.926467
548.233093
548.567941
548.661617
548.801454
548.868588
548.956979
549.035663
549.230961
549.307843
549.321359
549.860188
550.712156
550.750167
550.756966
551.224320
551.320084
551.448945
551.685202
551.931576
551.989248
552.251720
553.143665
553.294438
553.339535
553.435587
553.548554
553.768509
554.892001
554.968883
555.011400
555.092869
555.431977
556.163318
556.177162
556.834611
556.972646
557.159219
557.594829
558.612398
559.468257
559.553167
560.134922
560.206356
561.703240
562.287575
562.367242
562.777498
564.698726
564.841062
564.912251
564.955668
565.340078
565.418271
565.580145
566.426624
567.942513
568.421253
568.880005
570.317824
571.052319
571.979039
573.307904
574.582579
576.144384
576.857211
578.456371
579.224904
579.535462
581.125284
581.187502
581.202780
581.466358
581.621801
581.866373
582.702080
583.030497
584.397947
584.797553
584.824750
586.201416
587.066204
587.100365
588.737454
588.895109
589.098721
589.325148
589.691003
590.130913
590.409155
591.511634
591.880929
592.004342
592.937411
593.558774
595.022725
595.697951
595.747963
596.150682
596.938875
597.164851
597.327749
600.048189
600.769372
600.778424
601.522668
604.535276
605.636977
606.313800
606.638858
607.421194
607.470592
608.195011
609.474314
611.814441
617.548268
623.816868
624.624681
625.651589
625.697178
625.986273
627.908321
628.159488
628.322959
628.763034
635.272602
635.425669
635.834286
635.930993
636.730040
636.857508
637.430497
637.672120
638.449869
639.316910
640.252396
642.703974
643.711959
644.114637
644.462551
648.375788
649.182536
649.929196
649.936609
650.830029
650.864640
650.912195
651.137270
651.250852
651.898143
652.146442
652.250931
653.090652
653.244293
653.299835
654.007624
654.745108
654.839767
654.850580
654.990008
655.041004
655.247770
656.087245
656.255877
657.048699
657.780285
657.940603
658.278973
661.356052
664.121508
666.452255
666.517381
666.520494
666.863534
667.021107
667.540726
667.792753
668.485550
669.341204
670.462157
670.468833
673.948262
674.137825
674.241126
675.357737
675.366216
676.243702
676.842742
677.110784
677.121147
677.129380
677.775401
677.833769
678.224691
678.231286
678.294118
678.352568
679.591526
680.002150
680.371118
680.769905
680.951890
681.006080
681.521766
682.530775
682.693755
682.741268
682.745979
682.842194
683.637883
683.686216
684.010906
684.209930
684.354970
684.362301
685.567959
685.601587
685.993083
686.075986
686.157906
686.240645
686.319002
687.112970
687.370240
687.831572
687.847916
687.901614
687.925043
687.932293
687.989268
688.508436
688.606208
688.792412
689.397391
689.770455
689.804943
689.894973
690.573148
691.676283
691.771351
692.265738
692.467220
693.437440
695.016079
695.071457
695.747625
697.300582
698.417357
698.549944
703.285084
705.094861
705.196646
706.120008
706.229289
706.320998
707.647816
707.700613
707.793797
707.806495
707.885670
708.197827
710.450627
710.572851
710.588826
710.866575
710.973194
712.071291
712.781865
713.378570
713.433498
713.788252
714.573005
715.214397
715.708580
715.986698
716.252856
716.260393
718.144348
718.793236
719.432172
719.727002
721.921475
724.622336
725.213962
726.522225
729.609708
730.374513
733.039944
733.040435
734.584136
734.687478
734.747156
735.149957
736.374047
736.389980
736.862822
737.261199
737.272340
737.902223
738.113741
740.503634
741.463450
741.618688
743.007642
743.585300
743.700767
743.704781
743.971471
744.856740
744.948122
746.914202
746.972037
748.164833
748.270551
748.437340
748.476867
748.770918
749.512172
751.586632
752.540058
752.908042
752.957235
753.088184
753.203978
753.390060
753.633526
753.652572
753.664287
753.689272
753.932329
754.361221
754.529894
756.671816
756.778312
757.088748
757.120614
757.668905
757.735137
757.761393
758.496133
759.998341
760.136704
761.876562
761.882419
761.954714
762.059489
762.231398
762.364068
762.555597
762.616177
763.841085
764.331459
764.619776
764.633170
765.636526
767.029330
767.315231
767.890227
768.630129
771.312886
772.726661
772.857283
773.191516
773.365187
773.513789
773.526733
775.723336
779.864596
779.903877
780.689818
781.066650
781.114081
781.206692
840.815616
841.294725
841.877340
843.945124
844.462121
844.724470
844.789555
845.679739
847.501476
849.172480
850.128404
850.266276
850.751652
851.809976
854.168699
855.197491
855.685693
856.848056
862.301430
862.785700
863.743549
865.445437
865.572495
866.698281
871.566254
872.314757
873.675080
875.753554
875.844444
879.654502
880.838902
881.358316
886.387302
886.658499
897.656545
901.484626
905.449513
906.660250
908.901827
909.389947
909.672243
910.666916
913.604895
918.896394
922.037248
924.137513
924.143411
924.698460
926.071398
931.010478
931.336970
933.913887
935.379313
936.378614
937.291080
937.986417
938.206126
938.229555
938.906173
945.243505
947.106857
949.888532
951.587594
953.030246
953.548104
956.952699
957.893263
958.544118
958.563574
960.915825
965.632696
967.586243
967.674593
968.210186
968.227635
970.430751
971.231150
971.725947
977.593876
978.073805
978.249236
978.539602
981.068964
983.731855
984.849039
988.733686
988.811510
998.506906
1000.537784
1000.605819
1002.601185
1005.295452
1006.073201
1006.093312
1006.615429
1007.235154
1011.241370
1013.030912
1015.188029
1016.302838
1018.092872
1035.496899
1036.002386
1037.521633
1039.517737
1039.685345
1039.752929
1045.137121
1046.423306
1051.748065
1052.655370
1053.391872
1056.542515
1057.331446
1062.301778
1064.021524
1065.348710
1066.144604
1066.282516
1066.896343
1067.454423
1071.079588
1072.625910
1073.085809
1073.089946
1073.626071
1076.599931
1078.288302
1079.171768
1079.881974
1079.912120
1083.989279
1084.685476
1087.525683
1087.551037
1090.317844
1090.929705
1090.959278
1093.860762
1094.107668
1095.435674
1095.713260
1096.222884
1096.346788
1096.364114
1098.630062
1098.654474
1098.676838
1099.185480
1099.266621
1099.459052
1102.886830
1104.178012
1111.326433
1111.497236
1112.975688
1113.512141
1114.035241
1114.580255
1117.483336
1118.497178
1119.299707
1121.199268
1123.006628
1125.845647
1129.690194
1130.003046
1131.436114
1131.479900
1132.003410
1132.210749
1132.830065
1137.438433
1139.306414
1142.113362
1145.326060
1146.243850
1146.926203
1148.221071
1149.821952
1150.786191
1153.686282
1160.179876
1163.695718
1163.756134
1164.259656
1166.995907
1174.361661
1177.711206
1182.719099
1185.208852
1185.961001
1187.254641
1191.066542
1191.183606
1191.251436
1191.498875
1191.545528
1194.020413
1195.545149
1196.486124
1198.655652
1201.265336
1201.622630
1201.907835
1206.046351
1206.644654
1206.717809
1206.977987
1207.014113
1207.048438
1207.398646
1209.348506
1209.408471
1209.475277
1210.403799
1213.023027
1213.512786
1214.525153
1216.876831
1217.298801
1223.015711
1224.595128
1225.375212
1226.290340
1229.110600
1229.260513
1229.281362
1229.561446
1233.310147
1234.080154
1234.817761
1235.890504
1236.760535
1239.396639
1240.025784
1243.708211
1247.582167
1258.143867
1261.781565
1267.636265
1275.486372
1276.288573
1276.860047
1278.518927
1284.850565
1284.860805
1294.027080
1297.230275
1300.230144
1301.065851
1302.994944
1303.376036
1303.786373
1304.182047
1304.200847
1304.224113
1304.862269
1305.230582
1305.758638
1307.083694
1309.441106
1313.711514
1313.760420
1313.773527
1314.404147
1316.580188
1317.658132
1317.677425
1318.719242
1319.151616
1321.117450
1321.812951
1328.338534
1328.941711
1331.617997
1331.844055
1331.917455
1333.865595
1335.718502
1340.012052
1349.482537
1349.934858
1351.765811
1352.524677
1353.080832
1353.087590
1361.778033
1366.497976
1367.079567
1369.954796
1370.248356
1371.227341
1375.972844
1377.882481
1378.939331
1381.187133
1382.958612
1383.016366
1384.866775
1386.385777
1394.477629
1394.556928
1395.627786
1397.684101
1399.055811
1401.635799
1402.199327
1403.090944
1403.310981
1403.351941
1403.550392
1404.961833
1405.001687
1405.034701
1406.398628
1406.406369
1407.168184
1407.174083
1408.506307
1409.114563
1410.026455
1410.104402
1410.517852
1411.518177
1417.359319
1426.554921
1428.988355
1429.004083
1430.028452
1430.552658
1432.708997
1433.351741
1437.807821
1439.889940
1445.268972
1447.684833
1448.218952
1448.743649
1449.259663
1449.910723
1451.442545
1453.222584
1453.314744
1457.282048
1462.695731
1463.192986
1464.082883
1464.144896
1466.526228
1466.536018
1468.350341
1471.327191
1475.795640
1476.260413
1476.289618
1479.624458
1481.502515
1481.612247
1482.303119
1482.656891
1484.266414
1485.050880
1485.695181
1491.132375
1497.014313
1497.242870
1497.321103
1497.383404
1497.404744
1497.520128
1497.613681
1497.747087
1498.492355
1500.383437
1501.094666
1501.114204
1501.391421
1501.480509
1501.943603
1501.992960
1502.764646
1502.820475
1503.121531
1503.531868
1508.240507
1510.000640
1511.268311
1513.913713
1514.163487
1514.250854
1514.375496
1518.580982
1518.875771
1519.505613
1519.983165
1520.117801
1520.358072
1521.968701
1521.995203
1522.008596
1523.861381
1523.984753
1525.839258
1527.970939
1528.891924
1532.384256
1532.645949
1535.322276
1535.705866
1535.912264
1536.027034
1536.103956
1536.119439
1537.613906
1538.402959
1538.945434
1538.985370
1539.069747
1539.087688
1542.179676
1543.023534
1543.771668
1544.143462
1544.730952
1546.039747
1546.670899
1547.082834
1547.085128
1547.597824
1547.702600
1548.447867
1554.246820
1554.266726
1554.396365
1554.493932
1554.850652
1556.049797
1556.682424
1556.802109
1557.326725
1557.345362
1558.084854
1558.100378
1561.138668
1561.269944
1561.532293
1562.095739
1562.856612
1563.494359
1565.167616
1568.831406
1568.982303
1569.674691
1569.860157
1571.669320
1571.758449
1572.002693
1572.744479
1573.264753
1573.754143
1573.786583
1573.834301
1573.921710
1574.489047
1574.492856
1575.823892
1576.055972
1576.110285
1576.211415
1577.492726
1578.155254
1578.208010
1579.089961
1579.343872
1579.394458
1579.491082
1579.563622
1579.880161
1581.092004
1581.465190
1581.498122
1581.651436
1581.663273
1583.526011
1584.104202
1584.432415
1584.447365
1584.476078
1584.736010
1585.104650
1585.748541
1586.121564
1586.160886
1586.218680
1586.511790
1586.576261
1586.871542
1588.047954
1589.820334
1592.717476
1593.684173
1593.784852
1594.029752
1595.271496
1596.276408
1596.318638
1596.479693
1596.556493
1604.399186
1605.980406
1606.153175
1607.735869
1608.177050
1608.640020
1609.038070
1611.251057
1611.500503
1611.507425
1611.522089
1611.844403
1612.306022
1612.318925
1614.388019
1614.410711
1614.446633
1614.646272
1615.133655
1615.744123
1615.846113
1616.832225
1618.292736
1618.723062
1619.319931
1621.075640
1621.804810
1622.133801
1622.260900
1623.103611
1624.186716
1625.886024
1633.143972
1633.370644
1634.003272
1634.344018
1635.155640
1636.381737
1636.388700
1637.188895
1637.512970
1638.156124
1638.171484
1639.715144
1639.932109
1640.133304
1640.142807
1640.183357
1641.119621
1641.195602
1705.275474
1705.404539
1705.726239
1705.740984
1705.785549
1706.564035
1706.619863
1707.061699
1708.227461
1709.279642
1709.402440
1709.423329
1710.012539
1711.721390
1711.776195
1711.858852
1712.074998
1713.202094
1713.367409
1715.758449
1716.445184
1717.343805
1719.700726
1720.042414
1720.051712
1720.744428
1720.942141
1721.707807
1722.543022
1722.983875
1723.767685
1724.026143
1724.276941
1725.766083
1726.867620
1727.545713
1727.806915
1728.188744
1728.835584
1731.169567
1731.583140
1731.602186
1732.422861
1732.825702
1733.086904
1733.172470
1736.163615
1736.878572
1740.098150
1742.227210
1742.296678
1742.547804
1742.548500
1742.879785
1743.089623
1743.189811
1743.706440
1744.004997
1745.184522
1746.249114
1746.369905
1746.497946
1746.523873
1746.589409
1749.208351
1749.490893
1751.736934
1752.186757
1752.804721
1753.366405
1753.438085
1753.500467
1753.538396
1753.668813
1754.835354
1754.981376
1754.992026
1755.737252
1755.797750
1755.803075
1755.824906
1755.904696
1756.065505
1756.233318
1759.474074
1766.954762
1769.473966
1774.289469
1774.417347
1776.163348
1780.554342
1781.837414
1782.751928
1784.060027
1784.957133
1785.020006
1786.948239
1788.224266
1788.463432
1789.020979
1789.050593
1789.183263
1789.306388
1790.235402
1792.023716
1792.589496
1792.842301
1792.887890
1793.051484
1793.428644
1793.869292
1794.481603
1795.500933
1799.729275
1800.495104
1800.528773
1803.705467
1804.533023
1805.265592
1805.830595
1806.725898
1807.277466
1807.438479
1807.511880
1807.765627
1808.142909
1808.213647
1808.577413
1810.228675
1811.497492
1812.366213
1814.017802
1814.382797
1814.443663
1814.604431
1814.929654
1815.853015
1816.106066
1816.445051
1817.223700
1818.373284
1818.733896
1819.147510
1819.491410
1821.030031
1823.275868
1823.415624
1824.731668
1825.230766
1825.319567
1825.494467
1825.665352
1825.730970
1827.026002
1829.745828
1830.776996
1832.243569
1834.757734
1835.112366
1835.233321
1837.537321
1838.490542
1838.657700
1840.009093
1848.359158
1852.186706
1852.421407
1853.285663
1853.371556
1853.798113
1854.607442
1854.695997
1857.507041
1858.059469
1858.519818
1858.924339
1858.966077
1858.993848
1859.010314
1859.240346
1859.522683
1860.210606
1861.272289
1861.355438
1861.391852
1861.467300
1861.522514
1862.094848
1862.855639
1863.142646
1863.226204
1863.268393
1863.416136
1863.797719
1864.039055
1864.057119
1864.070881
1864.379924
1864.443617
1865.488097
1865.554575
1866.009108
1866.660864
1868.432466
1868.537897
1868.739379
1868.886712
1869.114040
1869.166428
1869.441393
1870.671135
1870.727086
1870.814290
1871.079096
1872.378552
1872.948675
1873.124106
1873.338655
1873.950802
1874.676122
1874.794783
1874.849997
1875.464315
1875.900867
1876.294656
1876.633764
1876.799980
1876.930028
1877.046067
1878.052004
1878.311649
1879.185449
1880.417608
1881.026847
1881.035530
1881.246761
1882.069402
1882.231521
1882.240205
1882.330399
1882.699039
1883.262566
1885.156639
1886.703124
1886.812037
1886.936924
1886.968791
1887.323587
1887.777423
1890.048614
1890.172682
1890.191442
1891.576095
1892.071137
1892.467876
1895.440876
1895.908270
1896.390943
1896.821309
1898.477158
1899.556782
1900.244173
1900.258714
1902.778245
1903.309251
1904.669327
1905.194926
1913.300132
1918.883144
1919.054848
1919.328297
1919.692227
1919.741583
1920.171418
1920.500818
1921.209467
1921.369825
1925.954396
1928.268145
1928.393073
1928.435835
1928.503132
1928.518205
1934.025892
1934.701978
1934.762189
1934.790943
1934.906409
1936.284262
1936.379740
1936.800276
1937.011917
1937.044070
1937.139098
1937.694474
1938.613002
1938.647368
1939.431629
1939.594117
1939.898450
1940.271964
1940.348191
1940.362035
1941.052498
1941.459067
1942.582600
1942.663086
1942.970450
1943.403438
1943.422689
1943.535534
1943.640515
1943.711908
1944.007516
1944.023409
1944.724685
1945.542410
1946.645996
1946.808893
1947.194614
1947.510825
1948.128584
1948.593357
1948.803400
1949.288776
1950.202184
1950.262395
1950.274478
1951.062057
1953.967104
1954.172314
1954.309243
1954.633032
1954.674893
1954.683822
1954.889769
1955.042877
1955.626885
1956.555162
1956.581908
1957.926912
1958.914417
1959.727718
1959.793459
1961.231811
1961.389425
1961.997148
1962.029302
1962.538107
1962.785014
1963.235615
1964.061573
1964.438405
1965.608468
1965.661512
1965.771203
1966.175601
1966.978089
1967.068774
1970.048041
1970.382397
1971.260744
1971.683000
1972.252918
1974.412493
1974.462587
1978.141041
1978.240492
1978.857226
1980.711813
1982.319780
1983.320924
1983.396168
1983.423898
1984.064758
1984.883671
1985.106698
1985.166623
1985.295073
1985.334395
1985.469850
1985.612349
1986.300641
1987.235635
1987.255419
1988.597350
1989.044797
1989.571092
1989.957550
1990.374072
1990.735299
1992.039465
1992.234066
1992.299233
1992.789975
1993.268060
1993.383854
1993.602499
1995.217469
1999.614280
1999.816868
2000.109732
2000.151921
2000.369582
2000.861348
2000.871629
2001.978737
2004.633682
2005.320991
2005.550858
2005.650432
2005.837332
2006.609715
2007.241769
2007.728128
2007.853302
2009.899172
2012.535972
2012.567798
2013.914767
2014.263788
2014.492017
2014.863606
2015.028388
2015.518147
2015.853363
2016.471450
2016.519619
2017.002373
2017.576264
2017.843077
2018.146591
2018.202010
2020.889641
2023.858790
2024.470159
2024.503951
2024.935752
2024.951480
2025.877914
2026.752123
2028.250481
2028.252078
2028.281078
2029.839892
2030.060012
2030.711644
2030.798438
2034.484429
2034.487910
2035.761644
2036.439286
2036.453130
2036.496794
2036.915610
2037.322342
2039.254303
2039.728046
2039.884390
2040.372265
2041.080177
2041.497682
2042.479739
2042.488259
2042.493501
2042.528522
2042.530488
2042.536100
2042.576404
2043.251958
2043.629486
2043.714888
2046.895514
2047.655608
2048.576389
2049.139999
2050.095350
2052.646257
2053.758034
2053.775155
2054.029435
2054.688113
2056.471675
2057.098035
2057.163735
2058.510008
2058.940662
2059.426079
2059.853046
2060.052972
2061.455852
2061.495419
2063.339479
2063.967764
2066.418278
2067.122094
2068.014408
2069.397955
2071.548436
2071.834870
2074.914488
2075.122606
2075.140301
2075.931976
2077.056328
2077.538058
2079.179080
2079.225446
2079.434588
2079.440855
2079.464161
2079.503319
2080.098099
2081.075692
2081.096909
2081.167442
2081.188413
2082.141921
2082.174198
2083.330908
2088.471921
2089.466225
2089.697034
2092.683018
2105.360794
2106.896384
2107.697521
2107.812577
2107.899986
2109.002957
2109.441843
2111.599043
2113.071759
2115.322102
2115.932078
2116.514488
2117.224284
2117.336556
2118.907290
2118.969262
2119.045325
2119.123108
2119.167918
2119.545815
2119.593492
2120.690770
2120.708260
2120.737055
2121.147720
2121.352684
2122.070180
2122.616013
2123.611136
2124.069274
2124.403384
2124.674540
2124.808192
2124.823060
2126.293647
2128.137298
2128.201359
2129.018143
2130.331894
2130.429542
2130.779914
2131.133645
2131.155886
2131.187548
2131.249848
2131.309445
2132.707000
2133.252628
2133.410857
2134.337618
2134.343721
2135.837860
2137.065513
2137.384059
2138.295788
2138.391675
2138.996654
2141.307126
2145.982054
2146.746122
2147.023421
2147.112387
2147.617300
2147.620209
2148.236575
2148.500849
2148.598538
2149.025710
2150.125445
2150.498468
2150.566789
2151.431700
2151.705272
2152.271790
2153.991619
2155.050680
2157.487350
2159.224791
2159.244698
2160.540221
2160.678011
2161.698243
2162.194596
2162.204672
2162.378097
2162.866463
2163.243336
2163.342090
2165.357568
2166.535209
2167.117783
2170.336010
2170.693140
2171.852349
2172.997059
2174.739538
2174.780498
2175.976817
2178.508063
2179.024077
2181.742510
2181.761556
2182.692413
2183.227433
2186.502226
2186.830234
2187.876557
2187.942502
2188.466790
2190.960886
2192.275988
2192.546693
2193.552835
2193.998111
2194.058772
2195.274301
2195.306578
2195.332260
2195.639460
2196.388659
2196.627046
2198.211912
2199.540777
2199.729070
2200.244756
2202.130637
2202.488791
2203.769242
2203.819418
2204.432425
2207.828992
2208.761324
2209.457111
2210.614600
2210.641469
2214.239273
2217.943245
2218.089349
2219.676467
2219.976622
2221.710828
2222.010573
2222.041661
2222.313185
2223.077990
2223.727985
2226.465628
2226.723185
2227.371950
2227.788882
2227.872317
2227.968901
2228.141220
2229.701427
2230.979912
2231.694582
2238.393057
2239.166382
2239.329690
2239.955640
2240.025682
2240.562668
2241.180180
2242.989138
2244.020388
2245.079327
2248.476754
2252.399124
2252.710216
2254.238024
2254.493286
2254.607811
2255.216435
2263.734518
2264.692122
2266.127770
2266.193142
2266.549780
2268.435784
2268.607939
2269.455565
2270.327685
2273.497620
2282.526597
2282.599178
2283.933860
2285.454746
2289.829478
2290.233016
2290.236416
2290.247311
2290.248376
2290.329723
2290.343608
2290.346148
2290.382356
2390.886072
2391.606804
2392.261673
2392.331960
2392.464916
2393.529917
2396.256584
2396.932219
2397.472236
2398.017782
2398.993654
2401.248256
2401.361101
2401.915331
2403.049390
2405.487903
2406.511247
2406.665626
2408.498708
2408.725258
2410.037535
2410.444104
2411.763302
2412.587213
2413.038879
2413.452370
2415.481324
2416.373760
2418.137416
2418.989916
2420.972134
2421.289370
2423.481754
2424.069407
2425.647063
2426.676838
2429.222912
2430.059971
2430.157046
2430.519214
2435.396362
2438.779863
2439.348593
2439.792968
2441.639731
2442.735944
2443.073372
2443.406787
2444.591104
2446.827192
2447.421317
2447.483781
2448.327352
2449.708319
2451.493110
2453.554176
2453.675622
2453.958656
2453.961933
2454.208225
2454.314926
2454.782689
2455.009116
2455.492198
2455.890330
2455.902003
2456.115200
2456.859566
2456.872141
2457.460941
2459.505009
2460.130550
2460.181996
2460.189901
2461.003121
2461.012951
2461.504471
2461.714145
2462.348288
2462.908539
2465.902100
2468.035297
2468.528415
2468.536402
2469.297357
2469.661327
2471.250330
2471.808287
2472.234844
2474.533929
2475.390321
2476.056371
2476.167455
2477.562921
2478.007419
2484.222771
2486.132859
2488.613806
2490.896056
2490.967409
2491.651932
2492.025201
2492.371067
2493.626655
2495.100477
2495.606538
2496.009626
2497.056481
2498.078024
2498.782167
2500.925194
2503.619748
2504.446157
2505.126134
2506.182287
2507.026760
2507.390321
2509.135790
2510.748918
2512.330957
2512.415785
2516.301988
2519.647478
2521.377382
2521.557811
2521.703096
2522.696294
2522.738770
2525.098557
2530.722079
2532.261396
2532.530586
2534.698967
2535.591363
2536.090092
2536.256594
2540.721889
2541.957980
2544.842465
2545.984512
2547.594650
2548.239073
2548.494213
2549.789737
2550.048236
2553.012388
2566.088540
2566.317466
2566.708347
2568.173732
2568.747663
2569.033646
2569.919447
2570.074440
2573.322240
2574.510408
2575.913370
2585.230909
2585.891308
2586.003907
2594.713436
2595.870310
2597.813371
2598.972662
2599.030456
2599.528735
2600.029716
2600.435753
2600.500797
2601.225175
2602.102333
2602.520248
2603.013734
2603.442094
2604.641853
2605.576724
2607.088271
2607.626404
2609.148641
2609.384038
2610.415084
2611.406316
2612.711997
2614.624092
2614.880707
2619.140465
2619.378115
2619.559322
2619.620721
2619.670405
2621.437092
2623.567872
2624.385884
2626.477179
2627.448668
2634.532946
2635.025408
2639.207834
2641.515520
2642.355405
2642.484961
2643.371213
2644.285563
2644.292116
2645.523210
2645.524398
2647.267041
2648.133591
2650.962821
2652.057969
2655.188869
2655.191081
2655.239004
2658.083021
2659.093627
2659.138970
2659.814277
2659.983729
2663.064945
2664.742339
2673.574011
2674.212823
2676.925358
2678.952182
2682.126664
2682.957660
2683.740979
2686.581391
2691.072860
2691.411313
2692.228014
2692.419789
2693.732844
2693.757583
2693.780480
2693.793587
2693.837824
2694.614221
2694.686679
2694.772204
2697.465528
2698.719928
2701.625221
2701.934305
2701.954499
2702.847140
2703.295283
2703.641846
2703.849923
2704.147988
2705.313341
2705.397432
2705.682104
2705.755628
2706.999296
2707.081789
2708.598784
2708.771308
2710.707814
2710.828155
2711.092060
2712.323072
2713.010217
2713.735086
2717.708083
2718.108549
2718.139802
2720.059474
2720.079790
2725.320499
2726.149612
2726.294118
2728.068833
2732.881715
2733.319619
2733.330350
2734.523351
2735.041249
2736.292700
2736.845988
2737.221755
2738.618327
2739.180339
2739.795190
2739.913359
2743.354163
2743.758070
2744.175821
2744.847237
2745.991414
2746.700718
2747.537900
2747.926323
2750.287421
2750.615347
2750.631281
2750.673633
2750.701240
2750.944133
2751.173018
2752.425820
2752.789381
2753.689436
2754.475295
2754.626847
2755.048571
2755.612549
2758.877184
2758.884352
2758.897746
2758.936248
2759.282770
2759.834501
2760.314143
2761.034097
2761.431163
2762.928374
2762.950943
2763.386061
2763.493417
2763.847967
2763.875901
2763.997143
2765.650166
2765.876347
2765.994189
2767.303475
2768.188416
2768.912753
2769.550950
2770.335375
2772.246282
2773.953864
2775.272817
2776.776131
2776.843551
2780.658115
2780.736717
2781.952164
2783.556567
2789.676605
2789.686067
2789.773763
2789.787238
2790.080143
2791.339459
2791.544750
2791.775027
2792.174264
2792.259502
2792.511816
2792.589722
2792.904172
2793.152389
2793.376072
2793.385984
2793.495388
2794.188268
2794.465526
2794.551583
2795.271086
2795.280712
2795.663114
2795.711201
2795.825971
2795.901993
2795.924562
2796.242493
2796.426895
2796.703334
2796.841656
2797.216604
2797.219594
2797.838950
2798.123336
2799.725937
2800.363356
2800.813711
2801.638031
2802.374001
2802.890957
2805.167350
2807.244677
2807.272776
2809.070305
2809.479987
2812.138004
2815.663432
2817.216922
2817.840251
2818.919014
2819.375596
2820.579164
2820.923843
2821.171978
2822.806487
2823.117783
2824.726200
2825.785016
2826.142351
2826.316022
2828.441190
2836.505436
2837.716910
2838.421914
2838.927278
2839.915233
2840.491786
2840.539095
2840.766136
2841.904292
2841.987645
2842.299843
2842.427269
2843.147510
2843.668726
2845.089792
2846.006968
2847.162941
2847.541289
2847.812936
2847.906980
2848.258662
2849.287455
2849.322639
2849.406362
2849.535017
2851.481068
2852.319683
2852.847657
2853.477417
2853.865103
2854.431375
2854.932480
2855.326925
2855.379804
2855.403028
2855.556342
2855.959798
2856.412692
2858.988790
2859.074191
2859.120763
2862.991892
2863.455273
2863.778652
2863.914353
2864.973292
2865.676657
2865.700782
2865.880924
2866.021745
2866.343936
2867.063931
2867.713597
2868.618404
2870.485688
2871.145390
2871.760609
2871.927521
2871.956275
2872.108442
2872.197816
2873.617121
2876.500009
2878.040678
2878.450401
2879.067300
2879.109652
2879.143731
2879.186616
2879.993160
2880.703570
2881.071514
2882.520760
2882.878095
2884.069212
2884.352287
2885.402993
2886.298378
2886.770033
2886.880911
2887.045366
2887.108403
2888.077230
2888.214856
2888.660992
2889.230664
2889.253274
2891.873772
2896.294748
2897.057956
2897.948467
2898.066227
2900.324311
2900.886118
2902.485484
2904.545772
2904.711250
2904.978514
2905.691341
2908.251095
2908.599788
2908.966502
2909.011722
2909.546619
2910.628495
2912.685302
2916.171776
2916.249231
2919.454597
2920.239759
2920.362025
2922.548101
2925.201777
2926.814495
2927.294628
2929.873469
2931.394191
2932.034519
2933.903032
2934.280028
2934.756065
2934.905733
2936.828150
2936.883855
2943.021097
2943.700337
2943.725404
2943.902065
2943.955681
2943.960146
2946.575688
2946.595430
2947.015557
2947.064832
2947.923927
2949.202248
2950.123889
2950.808904
2951.072317
2951.788585
2953.054577
2954.312376
2955.162706
2956.306678
2956.724265
2957.322117
2957.391094
2957.414687
2957.748593
2959.679857
2959.746949
2960.615588
2960.664904
2960.710328
2961.223721
2962.683290
2962.981970
2963.535340
2964.479140
2964.589117
2968.796160
2968.858010
2968.880947
2970.037166
2970.752860
2971.064648
2971.084308
2971.215913
2973.080494
2973.092905
2973.147955
2973.493125
2973.497917
2973.552189
2974.451794
2975.324078
2975.790285
2977.001595
2977.533542
2978.506588
2978.548408
2979.935068
2980.114350
2980.278968
2981.628723
2982.651658
2983.253320
2985.863700
2986.195313
2986.288087
2987.288207
2987.745567
2988.594463
2989.419192
2991.215206
2993.630331
2994.148393
2994.457682
