88.920392
88.929976
88.956600
89.138872
89.347686
89.712189
90.078413
90.114540
90.603151
90.708746
90.954998
91.006280
91.268465
91.282637
91.336704
91.618550
91.745894
92.712837
92.722053
92.732785
92.892324
92.977807
93.696246
93.723156
93.747323
93.784924
95.296922
95.427461
95.593964
96.156918
96.213770
96.237773
96.393380
96.479314
97.447813
97.522115
97.525473
97.528504
97.728717
98.201641
98.248663
98.350531
98.518712
98.904719
99.166372
99.240673
99.411517
99.869450
100.544840
100.587561
101.070111
101.129093
101.151703
101.254758
102.000517
102.079693
102.186148
102.197985
102.586778
103.830815
103.872020
104.139244
104.156201
104.177336
104.194867
104.641987
104.691261
105.938534
106.094019
106.114458
106.390774
106.689823
107.236188
107.484692
107.527823
107.755766
109.136732
109.566321
109.607813
109.620265
109.625262
109.744005
110.021632
110.734008
110.876180
111.306342
112.242401
112.399196
112.523264
112.580977
112.719626
113.061560
113.393254
113.415045
113.600184
113.828782
114.438717
115.208888
115.246981
115.337175
115.407503
115.451412
115.890053
115.956285
117.516083
117.630362
117.681603
117.750333
117.775237
118.823404
120.200847
120.262902
120.542904
120.845558
120.886641
121.034670
122.345226
123.030569
123.052933
123.056988
123.067965
123.081236
123.093238
123.158692
125.060014
125.226967
126.775173
127.293932
127.573893
128.879370
129.457562
129.569833
130.072248
130.164982
130.540462
130.544517
130.658386
130.848236
131.369738
131.634340
131.652198
131.695493
131.697746
131.714007
131.735347
131.844997
132.007322
132.053975
132.148920
132.192911
132.437975
132.742021
132.753162
133.615370
134.029025
134.116475
134.187418
134.239109
134.266388
134.286459
134.310994
134.331187
134.532628
134.805996
135.280845
135.403438
135.546470
135.567032
135.607747
135.677624
135.799030
136.046551
136.122860
136.285430
136.324465
136.379351
136.460575
136.494858
136.506286
138.351616
138.892820
139.383357
139.421204
139.963392
140.564562
140.734996
141.259325
141.336453
141.819208
142.568694
143.047803
144.255795
144.483041
144.691937
144.716022
145.144709
145.368310
145.397023
145.743094
146.046607
146.078147
147.342172
147.401523
148.387922
148.394230
148.683858
149.282038
151.358013
151.377838
151.383245
151.740662
151.749181
152.083046
152.537088
154.448200
154.700513
155.565056
155.582341
157.162455
157.187072
157.302866
158.390395
158.891540
159.199969
159.211971
159.287009
159.592038
159.833539
160.204595
160.220283
160.918323
160.938353
161.146225
161.637704
161.832264
162.286060
162.332836
162.386739
162.891858
163.044680
163.163177
163.179766
163.191194
163.953295
164.643103
164.798136
165.444157
165.593866
165.634335
165.845893
165.849170
166.090301
166.284657
166.566584
166.907372
167.119872
167.128187
167.138427
167.476879
167.581696
167.945421
167.966597
168.904622
168.921006
169.192366
169.618432
169.756467
170.773463
170.814792
170.984079
171.226276
171.244790
172.047319
172.321997
173.053051
173.127066
173.265715
173.298934
173.353206
173.475144
173.563412
173.948641
174.747402
174.858076
174.978703
175.328010
176.152453
176.333292
176.516628
176.762511
177.029489
177.072947
177.234043
177.688494
177.696727
178.059633
178.187878
178.468291
178.605629
179.847905
179.875021
180.122911
180.517724
180.527268
180.563354
180.711793
180.925563
181.005517
181.034762
181.063066
181.300429
181.514609
181.557944
181.586166
183.423836
183.500636
183.735542
183.952056
183.987200
184.211005
184.892170
185.377341
187.805164
187.905556
189.233725
189.263913
190.108631
190.153728
190.844273
190.900306
190.918615
191.311094
191.427011
192.027566
193.096704
193.679114
194.933965
195.065528
195.717530
196.981268
197.093048
197.286052
197.596406
197.887222
198.353797
198.498427
198.550815
198.993306
199.042662
200.581243
200.754094
201.393480
202.543350
202.739302
203.111752
203.940045
204.278538
204.464947
205.205750
205.333750
206.857339
206.946673
208.941097
208.959406
209.530429
209.602970
210.040054
210.046648
210.056970
210.138194
210.933064
211.915121
212.179599
212.382884
212.494090
212.698972
212.719739
212.855726
212.913603
213.221704
213.403935
213.628928
213.651784
213.781914
214.690734
215.050363
215.084319
215.231570
216.180982
216.884797
217.581076
218.295378
218.975191
218.999153
219.534582
220.853862
221.374751
222.188175
225.135698
225.334641
225.387192
225.460961
225.680056
227.861381
227.907748
230.449521
230.558024
230.848594
231.060234
231.428710
231.838597
232.124006
232.758067
232.774492
232.863212
233.554002
234.155172
235.557519
236.111913
236.803686
236.850381
237.637673
238.827766
239.425905
239.654093
241.356513
242.486108
242.502287
242.518548
242.654208
244.496425
244.505477
244.538409
246.238700
246.991176
248.323564
248.572723
248.744509
249.025167
250.967532
251.191296
251.699364
252.392980
252.408832
252.468756
252.791030
252.949791
253.756129
255.150735
255.421727
255.690711
256.200827
256.291267
256.467108
256.490291
256.547267
256.769966
258.076959
258.582282
258.996142
260.132413
260.728136
261.326807
262.428017
263.328727
263.433380
264.234844
264.467292
264.565187
265.004728
265.106678
265.617572
266.261504
268.399657
268.621292
270.191288
270.236877
270.296965
270.851441
271.025889
271.153029
271.734333
273.135165
274.426020
275.946660
276.209992
276.542833
276.988191
277.613773
278.801981
279.410483
281.302303
281.342239
282.065756
282.084884
283.172250
285.274030
287.555748
288.522650
288.961905
291.695124
293.492163
294.345851
294.788547
295.732879
295.945421
296.351580
297.290465
297.678520
298.042450
298.273300
298.949427
299.531510
299.693916
300.322079
301.210624
306.332836
306.403656
307.234202
308.542669
308.610212
309.094359
309.502689
310.949724
311.017554
312.039752
312.466760
312.533115
314.528522
314.729800
317.247570
317.830717
317.936148
320.067461
320.111288
320.230359
320.823050
320.850330
320.856146
320.891617
322.039398
322.382152
322.437448
322.581381
323.134136
323.352453
323.454812
323.764388
324.570481
324.679803
324.905738
326.078095
326.083338
326.187622
326.467666
327.392666
327.481876
328.085586
329.085338
329.604547
329.653248
331.023647
331.441439
332.095488
332.106506
332.114985
332.891546
334.238106
334.252360
334.330716
336.783811
336.906691
337.066025
337.178132
337.646223
338.513510
338.572861
339.604316
339.651215
342.964961
343.119340
343.230505
344.009277
344.221737
344.297513
344.502313
346.083041
346.096189
349.444710
349.482885
349.949911
350.229996
350.798029
352.197673
352.808223
352.874947
353.712456
353.792778
355.562250
355.750257
355.808911
355.866132
357.542257
357.871903
358.147645
360.086323
360.765768
360.846582
362.022093
362.946028
364.854886
365.139886
365.317366
367.057469
367.102403
367.535882
367.698125
370.458255
370.554348
370.582405
370.732728
371.224289
371.442115
374.135276
375.542702
375.555359
376.045199
376.483389
377.711206
377.755648
379.364311
379.650048
380.946678
381.035643
382.525194
384.461578
384.773079
384.896246
385.170514
388.340081
388.354212
388.793180
388.855685
390.066954
390.103204
392.947057
393.976791
395.242865
395.632804
395.646321
395.905556
396.577137
399.102116
399.753830
400.047964
400.309453
401.396777
402.595594
402.974761
403.422495
405.021245
405.209211
406.928548
407.680532
409.218744
409.281618
410.287268
411.171881
411.256914
411.293532
415.983534
417.371423
418.308096
419.838648
419.930685
420.792975
421.376246
421.418926
421.914870
426.879549
427.286036
427.913789
428.159017
428.279972
428.947251
430.250189
431.415009
432.084705
432.093307
433.893704
435.587277
435.816530
437.902254
439.776502
441.713910
441.954591
443.854356
443.902771
443.936358
444.592333
445.216891
445.428859
446.176870
446.233313
447.290286
448.665272
449.664573
451.097805
451.111813
451.263037
455.523901
457.314550
461.353124
464.899154
465.483530
465.573315
467.084411
468.070851
468.424991
471.276626
471.581860
472.386232
474.053550
474.273300
475.860623
476.049736
476.554076
477.921608
479.703409
479.846400
480.257024
480.300892
480.336445
480.356188
482.362982
482.855444
483.061719
483.475169
483.518628
484.927037
485.761311
489.536389
493.753836
493.886996
493.913580
493.927793
494.621860
495.771156
496.956948
496.977920
497.140613
498.049229
498.103951
498.143764
498.852086
499.722609
503.257580
503.838433
505.906708
507.411661
507.424154
508.299715
508.524134
508.557312
508.601221
511.799378
512.253215
512.401367
513.481196
514.092646
514.106409
515.950879
516.624302
516.781548
516.872847
517.140562
517.300838
517.835244
518.537667
520.012882
521.969787
523.306803
524.515287
526.458348
527.559025
527.762514
528.286597
528.504627
529.166213
529.651180
529.895301
529.906852
529.943020
530.605629
532.297974
533.214003
533.241979
533.569659
533.581292
533.924004
533.986058
537.287885
538.937098
539.364884
540.626084
541.851279
542.689772
544.307405
544.417260
544.492503
544.791347
544.864420
544.944701
546.244321
546.938593
547.419464
547.760292
547.851551
547.881779
547.941581
550.344704
550.413353
551.076495
551.115981
551.210148
551.487980
552.578621
552.795218
552.943493
553.230787
553.266586
553.388564
553.421373
555.311882
557.457777
557.467238
559.502090
559.778161
560.776602
561.003930
561.858765
561.943511
562.449039
562.718884
562.787656
563.025879
563.047219
563.459318
563.835576
563.873833
564.623401
564.648305
566.190285
567.220675
567.385006
567.498097
568.917975
569.111020
569.207071
570.525614
571.523891
572.051128
572.063293
572.072428
572.313354
573.449585
573.495869
574.825144
574.936064
576.461169
576.588882
577.161953
577.243300
579.459400
579.616113
579.815834
580.156539
580.867686
581.406106
582.078341
582.685041
582.699704
582.998303
584.038646
585.053471
585.757942
586.572390
586.732175
586.762772
587.827241
587.968020
587.984814
588.141609
588.803400
588.829491
588.865454
589.774971
590.550303
590.947123
591.143117
591.232287
591.527444
591.580242
591.832760
592.022651
592.324321
593.009623
594.469315
596.778353
597.223547
597.567365
597.847368
599.705928
599.814922
599.939564
602.307625
602.673111
602.740040
602.804920
602.883645
603.143537
604.055511
604.815278
605.437297
606.625341
606.868070
608.279060
608.460186
608.808018
610.710036
611.386860
611.980001
614.212895
614.218465
614.384108
614.879642
615.111311
615.211909
615.430103
615.451935
616.180859
617.479250
617.601065
618.123715
618.177823
618.565345
618.631455
619.526758
621.368934
621.464945
621.843169
621.927301
622.101012
623.029166
624.626852
624.661545
625.138278
625.792819
626.278359
628.209050
628.499948
628.929864
629.719163
630.277161
630.586737
631.465329
631.780680
632.348180
632.410849
634.819256
636.604170
636.713329
637.981614
638.593106
638.624195
639.331697
639.349719
639.369626
640.247767
641.016873
641.660969
642.790236
643.847332
643.977953
643.986637
644.506583
645.561426
645.626348
646.239355
647.362232
648.204493
648.605860
649.776579
649.831014
649.879060
650.559980
650.990428
651.322368
651.535933
651.553997
651.631698
652.096635
653.928899
653.996892
654.018437
655.555420
656.358072
656.381420
656.837837
656.866632
656.964608
658.202255
658.207785
658.517074
659.572695
660.024156
660.895334
661.043323
662.608036
662.688236
664.315453
665.654518
666.434437
669.411492
669.530440
669.621494
669.938156
670.879089
671.322563
672.535839
672.620093
673.647739
674.256814
674.346721
676.294124
677.181071
677.686354
677.747220
677.910651
678.006252
678.319800
678.754099
678.834463
678.991667
680.183603
680.216044
682.039337
682.151240
738.327470
739.176980
739.321160
739.747348
739.928637
740.492534
740.514898
742.442025
743.865180
743.914373
743.953531
744.429281
745.644851
745.677619
745.693798
745.828311
746.950820
746.974986
747.188634
747.207557
749.042606
749.055263
749.097820
750.144963
750.177321
750.804910
751.024251
752.572375
753.710326
754.159944
754.719130
755.838894
756.792115
758.452675
758.965125
759.213507
759.321518
760.451031
760.614953
760.882504
761.300378
762.052444
762.663076
762.742170
762.773832
762.785751
763.537859
764.256543
764.544287
765.407355
765.440737
765.663601
765.681582
766.126572
766.402970
767.042396
769.645322
769.811579
769.913897
770.664817
770.721628
771.941663
772.492288
772.777206
772.893409
775.487078
776.280023
776.906342
777.209815
777.244303
777.692488
777.826877
777.842729
778.569687
779.386962
780.420751
780.877783
781.220372
782.075126
782.099866
782.134436
782.154342
783.398461
784.703898
784.706028
785.126482
785.402470
785.438474
785.597358
785.705902
786.306007
787.726541
788.493804
790.727025
790.995476
791.001211
791.137976
791.215923
791.872471
793.109791
793.829212
794.430054
795.007017
795.036140
796.138250
797.943726
798.461747
798.813102
798.883062
800.167240
802.148639
806.487286
806.520136
806.556140
806.586982
808.757576
809.272443
810.012549
810.759987
811.479040
811.764285
812.732621
813.494559
814.242529
814.825923
815.520563
815.824404
815.972721
815.997338
816.198164
817.403290
820.901560
820.925604
822.261187
824.100454
824.259789
825.057567
826.468229
827.111260
827.129242
828.926034
829.230735
831.060992
832.176374
832.211968
832.341934
832.666378
832.831160
834.283479
834.571100
836.086989
837.675418
837.705523
838.558269
838.631260
838.697533
839.943332
842.514432
843.215872
843.965071
844.301189
846.799667
847.817441
848.335708
849.758044
849.902879
851.978732
852.805591
856.743076
856.746476
857.010217
857.084600
859.010007
859.777884
860.124529
860.129731
860.148244
860.572180
861.363487
864.081060
864.245555
864.283730
865.121403
865.178010
865.715200
867.204792
867.710444
867.993518
868.630815
869.123277
870.034719
870.668329
870.677709
870.684795
871.041352
871.531520
871.551918
871.811850
871.828152
872.162263
872.184136
872.571494
873.057075
873.212068
874.389832
875.762115
875.781489
875.894088
876.177285
876.824084
877.400023
877.763871
877.931889
877.940122
878.002831
878.457283
878.650450
878.656266
878.967071
879.152005
879.239127
879.748260
880.127508
880.416154
880.434954
880.802406
880.802980
880.933478
880.971325
881.008927
882.384855
882.521088
883.766067
884.670833
884.731167
884.938793
888.368620
889.169797
889.801974
890.759168
892.137349
892.144394
893.916774
896.586711
898.734817
901.268234
901.603615
902.319882
903.115284
903.510303
903.549706
904.021279
904.030208
904.195932
904.778752
904.790753
905.596273
905.831916
908.558090
909.038346
911.481569
911.891825
911.964160
912.005652
912.019702
912.037683
912.528384
912.736297
913.475994
915.174195
915.700204
915.717857
916.723753
917.085471
917.451612
917.804114
918.971924
920.636580
922.835763
923.610685
923.873608
925.275013
925.773701
926.505943
926.567956
926.679982
927.229133
929.202995
929.228595
930.119598
930.907054
932.268155
933.601690
933.769912
934.293463
936.923505
938.295747
940.786811
940.911493
941.364347
942.133289
942.270996
942.321623
942.437417
942.462771
942.982062
943.771402
944.852787
946.215731
947.472343
947.558154
947.768975
950.384558
950.398239
951.081984
954.406707
955.874304
956.019466
956.559811
956.931236
957.427016
958.581555
959.156347
959.961416
960.033587
960.881705
962.950636
963.012485
963.079782
963.941663
965.596447
966.038651
966.481510
966.765937
966.930227
969.861284
970.202153
972.360090
972.470641
972.797133
973.120143
974.378967
974.476616
974.580285
974.663188
976.150446
981.985362
982.119875
982.762578
984.728822
984.771052
985.894339
985.895158
986.037494
987.910922
989.234258
990.339277
992.216719
992.407388
992.722739
993.624515
993.642742
993.753620
995.100017
995.182182
995.371131
997.212324
997.930394
998.425436
1001.351291
1002.555679
1002.731069
1002.914980
1003.030528
1004.498739
1005.291766
1006.099128
1006.188708
1006.614733
1007.013233
1007.990866
1009.187185
1009.891615
1010.550006
1011.596329
1011.681075
1012.022723
1012.719780
1013.668495
1013.681070
1013.831270
1018.191708
1018.537533
1020.951716
1024.071270
1024.328335
1024.345498
1024.559309
1024.775496
1025.537516
1026.117755
1026.175836
1028.775813
1031.010263
1031.037420
1031.940997
1033.839288
1033.947136
1034.095862
1034.583613
1034.588365
1035.239547
1035.545846
1035.613921
1035.681546
1035.692483
1035.742331
1035.926774
1036.236800
1036.432835
1038.062920
1038.092780
1038.480671
1039.323668
1039.541658
1044.541358
1045.620122
1045.765120
1046.057697
1046.781542
1047.021650
1049.592750
1049.956557
1051.376640
1051.383480
1052.387615
1052.647916
1053.584712
1053.636895
1054.273618
1054.299914
1055.816540
1057.114153
1057.161339
1057.787658
1059.017236
1059.148800
1059.322388
1059.344998
1059.487334
1059.678372
1059.698115
1059.739034
1062.547087
1063.106847
1063.294362
1064.038973
1064.761303
1064.804844
1067.517051
1070.269358
1074.369126
1075.944858
1077.796332
1078.370591
1078.999695
1079.020790
1079.521812
1079.986053
1080.752742
1081.779159
1082.508042
1082.562314
1082.590372
1083.736883
1087.365325
1087.992013
1088.364175
1088.470344
1088.475464
1088.516383
1090.166292
1090.762793
1091.019448
1092.214702
1092.518871
1092.751729
1097.008333
1097.378570
1097.397248
1097.487360
1097.564365
1097.715548
1098.291569
1102.009221
1102.111949
1104.209715
1104.269025
1104.286392
1105.410171
1106.469560
1109.642691
1110.227681
1110.508216
1110.609879
1113.213747
1114.513039
1114.735862
1115.476787
1115.589755
1115.805286
1117.426852
1118.104945
1118.351729
1118.407598
1118.536008
1118.684283
1118.791188
1120.947364
1122.030961
1122.135777
1122.376172
1124.313948
1125.239153
1126.903071
1127.317299
1127.449149
1127.914824
1130.120970
1131.405271
1131.593196
1132.187484
1133.181338
1133.210829
1134.375363
1135.931105
1136.262062
1136.407798
1136.996270
1137.433518
1137.755914
1137.792328
1137.799332
1138.015437
1140.520714
1143.088128
1144.719606
1147.013857
1147.569439
1150.746501
1151.074714
1151.218360
1153.286062
1153.394811
1154.553569
1154.803384
1157.520384
1157.993964
1158.220390
1160.682660
1161.260810
1162.272932
1162.331832
1163.190845
1163.937628
1163.959583
1164.148408
1164.296315
1165.539942
1166.718034
1167.791923
1168.072090
1169.488896
1169.515848
1169.738957
1170.198897
1170.619843
1170.661417
1170.764227
1170.903532
1171.548447
1172.268442
1172.523704
1172.544799
1172.602716
1172.876943
1172.985405
1173.078221
1174.737388
1175.291945
1176.636703
1176.718213
1177.971425
1178.180813
1181.114163
1182.193910
1184.157614
1185.060413
1185.230684
1185.373798
1185.836851
1185.918730
1186.165596
1186.525553
1186.733588
1186.786836
1188.067574
1188.543160
1188.946903
1188.988477
1189.094932
1189.886034
1190.695772
1190.926131
1192.977080
1193.926492
1195.817165
1196.676588
1198.346895
1200.608993
1200.758252
1202.165555
1202.195702
1202.235638
1202.532188
1202.622505
1202.682798
1205.563105
1206.151619
1208.063386
1208.733819
1210.137231
1211.715707
1213.027287
1213.355786
1215.535145
1216.419922
1218.774671
1218.892677
1221.289165
1224.042865
1224.179835
1227.195965
1227.722342
1231.297495
1231.328584
1231.357501
1231.666012
1234.713436
1235.318579
1236.326973
1237.021819
1238.708797
1238.946447
1239.573668
1240.239759
1240.414003
1240.856781
1242.700268
1246.732370
1247.031706
1247.296020
1247.312159
1247.358730
1247.700460
1248.149135
1250.163180
1251.140936
1253.713797
1253.885420
1254.752338
1255.463363
1256.984207
1258.376684
1258.678354
1258.857964
1259.580703
1260.362916
1260.670812
1261.015532
1261.087908
1262.872863
1265.651835
1267.517030
1268.018217
1269.014856
1269.286789
1273.466839
1273.575793
1273.684091
1273.970033
1274.782351
1275.791319
1276.046909
1278.490255
1279.927132
1280.744694
1280.871260
1281.856512
1282.655478
1283.251692
1283.357245
1288.590172
1288.597299
1288.849285
1289.175532
1290.439844
1290.522870
1290.535895
1290.566164
1291.803689
1291.816346
1291.870208
1292.101919
1293.436355
1296.407020
1297.017078
1297.873469
1298.453545
1298.497659
1298.596250
1298.893701
1300.493967
1301.004657
1301.297480
1303.022060
1303.912776
1304.192041
1304.243855
1304.522015
1308.349112
1309.113917
1309.729300
1310.117478
1310.333706
1311.354429
1311.852257
1311.863439
1313.226342
1313.289011
1313.366344
1313.756365
1314.794701
1315.161866
1315.721585
1317.507973
1321.208996
1322.374267
1326.259405
1326.703739
1326.842634
1327.690547
1327.729459
1333.806244
1334.084854
1335.204946
1335.343964
1337.875374
1337.889219
1341.135503
1343.732818
1343.900180
1343.923200
1344.429220
1345.068892
1348.516209
1349.544509
1349.853389
1350.486426
1350.873580
1350.906470
1350.974259
1351.369810
1354.781778
1355.755602
1355.920916
1355.956019
1356.171305
1357.137838
1357.383762
1358.367212
1358.479565
1358.677524
1358.710620
1358.809293
1358.828995
1359.201812
1359.229747
1359.234048
1359.736340
1360.121487
1360.186081
1360.619766
1360.684073
1360.905011
1361.049190
1361.114972
1361.598054
1361.781228
1361.806500
1361.920410
1361.970422
1362.184069
1362.668954
1362.690212
1362.799165
1362.869166
1362.907505
1363.270574
1363.289539
1365.682708
1366.038241
1366.131180
1366.756270
1367.341507
1367.624253
1367.740088
1367.772856
1367.935345
1368.183562
1368.503296
1369.030697
1369.460490
1369.554575
1369.912156
1370.017219
1370.198139
1370.206904
1370.266296
1370.296648
1371.140915
1371.259986
1371.720745
1372.247409
1373.727498
1373.825597
1374.695670
1376.624763
1377.228718
1377.725809
1378.179400
1380.233216
1383.258890
1383.922770
1383.990518
1384.127570
1384.223334
1384.230420
1384.259502
1384.563016
1384.610775
1384.686264
1384.716206
1384.753562
1384.858706
1384.868987
1385.347768
1385.355756
1385.732465
1385.895240
1386.022953
1386.339983
1386.374840
1386.435748
1386.496123
1386.526884
1386.919731
1387.527250
1387.543593
1387.774648
1390.299873
1392.793068
1392.942285
1392.986235
1393.310966
1393.708687
1393.778156
1394.346721
1394.470298
1394.473779
1394.886615
1395.068191
1395.093627
1395.175342
1396.343398
1396.829143
1397.166408
1399.004037
1399.667343
1399.930716
1400.104346
1400.140595
1401.028690
1401.368003
1401.439314
1401.904742
1401.914696
1402.179748
1402.645873
1403.551293
1403.761623
1403.819336
1404.107244
1404.269240
1404.625633
1404.650004
1404.835840
1405.264814
1405.289431
1405.304381
1405.931479
1406.439997
1409.419960
1410.348360
1411.222241
1411.666821
1413.750415
1414.296125
1414.461972
1414.615327
1414.622085
1415.151780
1415.760650
1415.802880
1415.963771
1416.148419
1416.521523
1416.526438
1416.531436
1416.538604
1416.685896
1416.855798
1416.997069
1417.011282
1417.694331
1417.776579
1417.818030
1418.653860
1418.867876
1419.673559
1420.054897
1420.238684
1420.307128
1420.386836
1420.393431
1420.640379
1420.973875
1421.174292
1421.761782
1421.844726
1421.992550
1422.196859
1422.701445
1422.710661
1422.738309
1424.866550
1425.353073
1425.399603
1427.860849
1427.905700
1431.075758
1432.536883
1434.156360
1435.617731
1436.515041
1438.997586
1439.006147
1439.597199
1440.186163
1440.521093
1441.227776
1442.584371
1442.641838
1443.011502
1443.185336
1443.359703
1443.419546
1443.444654
1444.490691
1444.909097
1445.423432
1445.797315
1445.833933
1446.560031
1446.566380
1446.619546
1447.251149
1447.268188
1447.802184
1447.804723
1447.909745
1447.911342
1447.975444
1448.032993
1448.607498
1448.700027
1449.136579
1449.184379
1449.722880
1449.787269
1449.793290
1449.796198
1449.985966
1450.052116
1450.809057
1450.824991
1451.907973
1451.922678
1451.925955
1452.006605
1452.062802
1452.119204
1452.128625
1452.577792
1453.147218
1453.270630
1453.861396
1454.194811
1454.750556
1455.266980
1455.359877
1455.718728
1456.560701
1456.644137
1457.523098
1457.947484
1458.324521
1458.711347
1461.954437
1462.014566
1462.097388
1463.241359
1463.533691
1463.606149
1463.855391
1464.474583
1464.525865
1464.660582
1464.961720
1465.151529
1465.161482
1465.443287
1465.702441
1466.511237
1466.525286
1466.525819
1466.753434
1466.887004
1467.095409
1468.197765
1468.342272
1469.582295
1469.688709
1469.813801
1470.026793
1470.129152
1471.248097
1471.670559
1471.916032
1472.112108
1472.576594
1473.027400
1473.442529
1473.542922
1473.861755
1474.116362
1474.788639
1475.127337
1475.567206
1476.957839
1477.074043
1477.238252
1477.687460
1477.750088
1478.550446
1478.780314
1478.894920
1479.168983
1479.215432
1479.257539
1479.577723
1479.926333
1480.878858
1480.944558
1481.284280
1481.738158
1481.758106
1483.947418
1484.227420
1485.782385
1486.471700
1486.526546
1487.503483
1487.925821
1487.936963
1488.100270
1488.497172
1488.686162
1488.692511
1489.442570
1489.499177
1489.956782
1489.972920
1490.641183
1491.498189
1492.072161
1492.114309
1492.244029
1492.272538
1492.293796
1492.561060
1492.676854
1492.750418
1493.114102
1493.256274
1493.926134
1496.485765
1497.463398
1498.560594
1498.628710
1498.645053
1499.231396
1499.238236
1501.154222
1501.246177
1501.619364
1501.717381
1501.745480
1502.334075
1503.529370
1504.120177
1504.133652
1504.461783
1504.619438
1504.732529
1504.974766
1505.253089
1505.304084
1508.738744
1510.618317
1511.032996
1511.158538
1512.160911
1513.186263
1513.407693
1513.515131
1514.084393
1514.242540
1515.262648
1517.963141
1519.456584
1519.577948
1521.207910
1521.227530
1525.029315
1528.091116
1528.142397
1529.336504
1529.502106
1529.719153
1531.235820
1531.860419
1531.872338
1568.660234
1568.756326
1569.802691
1570.685952
1571.533005
1571.548611
1573.383987
1574.033203
1574.050980
1574.255043
1574.547251
1576.366899
1577.481544
1577.783173
1577.930752
1577.949798
1578.753516
1578.808320
1578.897818
1578.964091
1579.017626
1580.042772
1580.066857
1580.416737
1580.594135
1580.617933
1580.647997
1582.102774
1582.188257
1582.428324
1582.501970
1582.534738
1582.933975
1584.991068
1585.236050
1585.271153
1585.781965
1585.822474
1585.967596
1586.184274
1586.358764
1586.446868
1586.760827
1586.791219
1587.579740
1587.683574
1587.732029
1587.860152
1588.426097
1589.420278
1590.027592
1590.838886
1591.208878
1591.406387
1591.605412
1592.897372
1593.005916
1593.702932
1593.961882
1593.963889
1594.453361
1594.484285
1595.987599
1596.237128
1596.342723
1597.825925
1597.902111
1598.329201
1599.586755
1599.695380
1600.620216
1601.056481
1601.106002
1601.322516
1601.392681
1601.612104
1601.664942
1601.746412
1601.801830
1601.854710
1601.882726
1603.158958
1603.522929
1603.667681
1603.801989
1603.824640
1603.888865
1604.160553
1605.703885
1606.110904
1607.219814
1607.242424
1608.581038
1609.303613
1609.512223
1609.533891
1610.825114
1612.041748
1612.438979
1612.623299
1612.636652
1613.267640
1613.276160
1613.295657
1613.432873
1614.407229
1614.716600
1615.156552
1615.297495
1616.559718
1617.362657
1617.499996
1617.509949
1617.908204
1618.369946
1618.466284
1619.847045
1621.308088
1621.351465
1621.380710
1621.390991
1622.389637
1622.526280
1622.797353
1622.827131
1622.949110
1623.167468
1623.255163
1623.402045
1624.234148
1624.600289
1625.666273
1625.675653
1625.817784
1626.561167
1626.698998
1627.180237
1627.214889
1627.490877
1627.502100
1628.279357
1629.432668
1629.522862
1629.561938
1631.038833
1631.629189
1633.670676
1633.895834
1637.800428
1638.117786
1640.375869
1640.586568
1641.540485
1643.450737
1643.485471
1644.663357
1645.506150
1646.012211
1648.160809
1648.802202
1648.901857
1648.933560
1649.014743
1649.149051
1649.636065
1650.114478
1652.799611
1653.176484
1653.738537
1654.090670
1655.287235
1655.522673
1655.630971
1655.763763
1655.990149
1656.368415
1656.432230
1657.360302
1657.377710
1658.195108
1658.261463
1658.392371
1658.422723
1658.461757
1658.512753
1658.705961
1658.869596
1659.636449
1660.150374
1660.438282
1661.244375
1662.758789
1663.310684
1664.575447
1664.671539
1665.399030
1665.718886
1666.774548
1666.842214
1667.942113
1668.389847
1668.512276
1668.698440
1668.708434
1669.140562
1669.174968
1669.607301
1669.683446
1669.946819
1670.308577
1670.638756
1670.723953
1671.189012
1671.269745
1672.289812
1672.422072
1672.626749
1672.692572
1675.866604
1676.119450
1676.763628
1676.769935
1676.778455
1676.838175
1677.081068
1677.199032
1677.710828
1677.852959
1677.883187
1678.262313
1678.319124
1678.521139
1679.279555
1680.894730
1681.694351
1681.745838
1682.739814
1684.355154
1684.387062
1684.942971
1684.991222
1686.072852
1686.143590
1686.288548
1686.535537
1686.762906
1687.167918
1687.683441
1688.930017
1689.108767
1689.238897
1689.281249
1689.658491
1691.278213
1691.404820
1691.463598
1692.650947
1693.016883
1693.372826
1694.886502
1694.915256
1694.921359
1695.210988
1695.573197
1695.584829
1695.832515
1696.312648
1696.389857
1696.434913
1696.471450
1697.137418
1697.841889
1698.093793
1698.774344
1699.498516
1700.157645
1700.980982
1701.910200
1702.007767
1702.127452
1702.417900
1702.697370
1704.373371
1705.771581
1706.379960
1706.409779
1706.461471
1706.603479
1707.410596
1707.526676
1708.177162
1708.504105
1708.514099
1708.554445
1709.226762
1710.079427
1710.621491
1711.469158
1712.302039
1714.151670
1714.412626
1714.490286
1714.575114
1714.715771
1714.926428
1714.930565
1714.944041
1715.144540
1716.416430
1716.420321
1716.775567
1716.777943
1717.510758
1718.060728
1719.488061
1719.495885
1719.941038
1720.412078
1720.524882
1720.663695
1720.780390
1721.368125
1721.571000
1721.614459
1722.249216
1722.496246
1723.095286
1723.710218
1724.706202
1725.446144
1725.913457
1726.049198
1726.167450
1726.644961
1726.978458
1727.135785
1727.313469
1727.597527
1727.598674
1727.657615
1729.505853
1729.511670
1729.519002
1729.536655
1729.582490
1730.081915
1730.149212
1730.695537
1731.169239
1732.514120
1732.546847
1732.626350
1732.766802
1732.886528
1733.044183
1733.105582
1733.187707
1733.394145
1733.404590
1733.887386
1734.026117
1734.091571
1734.103409
1734.338642
1734.546268
1734.708306
1735.523041
1735.585096
1735.954350
1736.083620
1736.234762
1736.501862
1736.924979
1737.097421
1737.443123
1737.447506
1737.462825
1738.055557
1738.480026
1738.538516
1738.649436
1740.509184
1741.858898
1742.072750
1742.159094
1742.692434
1743.104860
1743.126938
1744.977428
1744.994836
1745.079419
1746.162196
1747.042222
1747.048243
1747.140649
1747.175260
1747.262095
1747.676447
1747.918971
1749.549138
1749.571297
1749.681562
1750.014198
1750.665257
1752.679055
1753.516032
1753.534300
1753.745244
1755.488297
1755.493294
1756.769403
1757.043384
1757.627638
1757.861806
1757.926072
1758.128374
1758.269604
1758.493532
1758.574756
1758.699602
1759.020605
1760.880804
1762.679480
1763.200369
1763.243663
1763.891610
1763.992453
1764.720927
1765.038203
1765.815542
1766.313615
1766.321971
1766.370673
1766.373458
1766.780682
1767.290552
1767.896637
1767.936410
1767.990395
1768.050811
1768.667873
1768.749097
1769.074934
1769.138668
1770.025943
1770.301358
1770.854482
1770.910843
1771.520532
1771.685356
1771.750769
1772.292956
1772.447580
1772.885729
1772.904284
1774.004675
1774.512005
1774.536909
1775.367373
1776.432128
1776.792289
1778.447729
1778.740961
1778.767012
1779.802153
1781.019976
1781.788959
1781.843558
1781.950423
1782.525051
1784.187453
1785.905029
1786.582508
1786.619945
1786.626826
1786.686136
1787.000832
1788.900311
1789.154509
1789.360005
1789.382779
1789.752238
1790.254203
1790.297784
1792.180388
1792.292454
1792.718602
1792.748052
1792.770417
1793.996268
1796.136100
1796.153180
1796.893409
1796.903567
1798.602834
1799.217766
1799.554580
1800.637522
1803.227996
1803.540644
1803.696742
1804.110848
1804.228198
1804.633907
1804.911944
1804.987884
1805.645988
1806.581637
1808.100270
1808.962724
1812.158751
1813.677793
1813.687132
1814.726779
1814.804726
1814.809272
1815.098040
1817.049866
1817.860669
1818.541056
1819.282391
1819.663729
1819.996652
1820.743680
1822.735114
1822.803354
1823.285453
1823.540511
1824.385270
1825.287127
1827.050701
1827.105915
1828.033290
1828.135363
1828.198359
1828.231987
1828.342579
1828.870799
1829.404099
1829.778801
1833.026806
1834.000916
1834.062029
1834.413220
1834.419651
1835.712102
1835.762442
1836.703867
1837.171098
1837.562511
1837.627884
1838.225203
1839.734784
1840.471081
1840.539976
1842.133770
1842.725683
1843.715072
1843.759596
1844.318290
1844.642775
1844.804444
1846.030377
1847.594680
1848.553349
1849.152389
1849.175941
1849.362596
1849.790218
1849.988547
1850.419855
1851.944305
1856.119521
1857.022607
1857.117676
1858.157322
1858.315018
1860.456161
1860.489380
1860.689142
1860.714660
1861.054341
1861.101978
1861.793219
1861.876367
1861.931213
1862.076826
1862.497649
1862.528451
1863.613891
1864.090092
1864.197939
1864.370381
1864.571740
1864.871690
1864.934605
1865.670820
1866.150789
1866.173932
1866.514145
1866.540360
1868.838093
1868.927304
1869.095485
1869.271491
1869.320806
1869.424271
1869.812326
1870.480261
1871.062262
1871.710495
1871.715820
1875.799736
1876.192829
1877.235057
1877.693972
1877.965742
1878.056632
1878.637404
1879.523615
1879.649239
1880.483881
1881.696829
1882.261545
1882.899866
1882.992189
1884.642099
1884.822692
1885.019259
1885.210542
1885.611663
1885.660324
1886.403092
1886.698660
1886.808023
1889.183048
1889.291837
1891.168707
1891.989012
1892.149699
1892.175462
1892.500562
1893.987246
1894.206792
1895.699292
1896.388895
1896.861532
1897.150628
1897.252372
1897.293578
1897.338798
1897.410929
1897.577144
1897.589473
1900.291441
1901.235692
1901.261046
1901.362381
1903.178301
1903.840543
1903.901983
1904.299950
1904.318300
1904.597852
1905.721467
1905.982996
1906.299658
1907.358188
1908.365312
1908.423516
1908.542710
1908.706877
1909.766554
1910.741443
1911.663002
1912.355758
1912.693719
1913.770803
1914.004767
1915.960730
1916.038308
1916.439839
1919.371387
1919.949578
1921.272996
1921.290363
1921.303183
1921.416028
1921.550131
1922.527068
1922.793513
1923.233751
1924.030341
1924.187218
1924.451410
1925.417206
1925.919089
1925.946450
1926.454313
1926.481879
1927.270932
1927.326433
1927.331758
1928.119951
1928.656609
1928.949473
1929.545400
1929.591890
1930.554941
1930.709279
1931.999355
1932.055265
1932.327035
1933.600727
1934.771732
1935.458796
1935.491441
1936.340869
1937.198694
1937.584497
1938.685911
1939.845898
1940.341432
1940.392550
1940.506173
1940.697047
1940.735017
1940.741857
1940.854456
1941.013381
1941.028291
1941.361951
1942.261801
1942.317220
1943.947592
1944.169636
1945.080627
1945.093693
1945.414410
1945.422070
1947.417231
1947.988378
1948.040069
1948.445696
1948.468593
1948.721807
1948.754330
1948.760924
1949.025772
1950.280909
1950.411162
1952.733921
1953.051812
1953.134346
1953.165476
1954.031739
1954.059305
1954.365235
1954.920858
1955.060408
1955.763200
1956.110049
1956.139991
1956.395377
1958.616596
1958.892667
1959.873700
1959.894508
1959.905116
1962.035896
1962.163364
1963.152835
1963.634811
1965.367542
1965.397074
1965.701038
1966.159421
1966.359347
1966.678467
1966.746378
1966.884209
1968.522035
1968.907551
1970.402550
1971.139584
1971.262546
1971.865190
1971.896934
1972.858061
1973.183283
1974.180127
1974.762619
1974.822912
1976.243528
1976.685855
1976.941527
1977.247908
1977.258926
1977.266463
1977.393111
1977.441362
1977.544786
1977.584886
1977.633219
1977.961267
1978.795991
1978.802094
1979.786854
1981.470433
1982.298481
1982.530150
1982.921318
1983.049482
1983.910789
1984.043991
1984.132628
1984.417341
1984.799826
1986.760704
1986.926838
1987.606118
1988.931215
1988.971479
1989.453865
1989.518418
1989.567201
1989.961114
1990.018048
1990.076416
1990.140559
1990.255411
1990.379684
1990.427484
1990.991544
1991.268762
1993.567601
1994.377912
1994.613105
1994.705224
1994.921861
1994.939924
1995.168113
1996.761252
1996.828017
1997.106954
1997.152051
1997.454991
1997.473833
1997.545390
1998.299750
1999.888384
2001.036820
2001.375478
2001.430364
2002.342052
2002.728264
2002.733548
2003.512279
2003.557212
2003.689472
2003.703235
2004.714127
2006.134538
2006.221701
2006.350234
2006.453903
2006.621348
2006.854164
2007.209452
2008.416133
2009.115894
2010.375823
2011.160822
2011.658772
2012.016763
2012.448072
2012.776448
2012.910797
2014.466130
2014.975140
2015.134638
2015.147622
2015.164580
2015.299174
2016.233800
2016.627958
2017.257964
2017.271767
2018.016993
2018.132050
2018.144133
2018.167316
2018.291794
2018.658509
2018.984141
2019.608371
2020.761764
2022.016655
2022.136177
2022.148055
2022.294200
2022.363464
2023.644529
2024.329134
2025.013412
2025.265029
2025.350840
2025.406464
2025.625559
2025.649930
2025.730621
2025.824051
2026.018611
2026.061742
2026.458767
2027.556454
2028.049326
2028.563415
2028.606628
2028.638577
2029.228442
2029.860577
2029.916979
2029.991404
2030.087823
2030.138655
2031.071068
2031.134761
2031.149507
2031.866184
2031.878185
2031.892398
2031.980544
2031.994020
2032.468050
2032.492626
2032.643809
2032.933437
2032.983695
2033.034322
2033.821696
2033.838531
2033.978409
2033.993196
2034.187633
2034.260132
2034.834063
2035.323126
2035.332547
2036.529070
2036.688527
2037.032960
2037.454356
2039.345070
2039.993631
2040.816189
2042.216161
2043.229184
2043.458519
2043.499725
2043.634770
2043.665039
2043.778417
2043.849769
2043.922678
2043.933737
2043.964375
2044.021842
2044.381512
2044.811796
2045.995377
2046.167163
2047.119524
2047.128003
2047.441265
2047.564104
2048.140083
2048.409190
2048.855818
2048.946708
2049.662034
2049.732485
2050.001388
2050.031575
2050.242601
2050.952315
2051.223020
2051.631022
2051.963249
2052.071506
2052.232520
2052.836762
2053.648056
2054.412288
2054.416712
2054.643876
2054.771712
2054.943416
2055.289119
2055.823073
2056.331264
2056.753111
2057.317827
2057.733243
2057.745818
2057.773670
2057.811927
2059.259003
2059.628667
2059.826668
2059.844690
2059.952046
2060.012216
2060.329001
2061.049569
2061.177938
2061.276856
2061.286851
2061.740646
2062.438031
2063.618048
2063.647293
2063.811461
2063.861432
2064.256901
2064.577659
2064.584131
2064.794296
2065.139712
2065.167892
2065.309778
2065.412096
2065.447240
2066.273526
2067.720397
2068.037386
2068.774871
2069.541970
2069.948785
2070.236529
2070.407660
2071.473439
2071.969751
2072.059085
2072.233861
2073.026478
2073.057239
2073.076122
2074.256425
2074.313359
2074.423337
2074.745160
2075.544863
2075.550269
2075.624161
2075.660329
2076.045844
2077.352141
2077.636526
2078.495949
2078.536008
2078.676296
2079.018066
2079.224873
2079.264768
2079.582126
2081.460511
2081.562460
2081.708196
2081.954488
2081.957560
2082.644214
2082.706678
2082.740797
2082.756035
2083.257262
2083.316449
2083.467469
2083.478938
2083.873137
2084.013343
2084.436746
2084.609761
2085.234115
2085.387715
2086.400492
2086.454067
2086.903767
2087.111475
2088.249876
2088.578458
2089.276498
2091.022909
2091.059364
2091.544658
2092.109292
2092.361851
2092.408627
2093.361275
2093.468017
2093.636526
2094.023516
2094.149140
2094.260797
2094.614774
2094.698701
2095.001887
2095.068078
2095.153684
2095.328707
2095.424389
2095.627960
2096.285696
2096.335340
2097.325752
2097.550459
2099.202990
2100.278313
2100.630200
2101.066588
2101.231657
2101.264835
2101.683773
2101.701468
2102.148915
2102.995845
2103.025172
2103.081001
2103.178404
2103.468728
2103.517348
2104.117371
2104.335729
2104.777196
2104.887214
2106.035159
2106.269737
2106.394460
2106.788045
2107.070177
2107.682816
2107.690967
2108.359188
2108.836536
2108.981330
2109.382124
2110.172652
2110.734664
2111.225733
2111.265300
2111.467766
2111.590646
2112.047186
2112.101908
2112.173507
2112.203039
2112.419799
2114.230354
2114.649170
2114.818171
2115.469148
2115.474678
2115.505521
2115.509862
2115.535217
2115.840287
2115.884114
2116.617175
2117.198971
2117.245174
2117.268234
2117.305303
2117.324718
2117.623603
2117.818532
2117.844664
2117.854372
2118.350438
2119.615570
2119.861576
2120.052613
2120.417034
2120.438497
2120.894546
2121.446810
2122.145751
2122.296197
2122.527416
2122.787717
2123.163607
2123.226194
2123.595489
2123.703460
2123.750564
2123.767808
2124.475679
2125.172285
2126.112195
2126.158275
2127.251128
2127.287378
2127.298642
2127.392563
2127.634063
2127.683830
2127.752274
2127.763579
2128.681820
2130.311004
2130.410291
2130.808422
2130.822349
2130.965791
2131.628687
2132.364042
2132.409672
2132.520960
2132.566508
2132.760453
2133.408563
2133.502444
2133.732393
2133.744640
2133.787443
2133.952676
2134.075269
2134.290964
2134.301860
2134.363505
2135.139615
2135.897907
2136.494940
2136.679424
2136.722760
2136.741888
2136.941568
2137.207480
2137.212559
2137.284731
2137.317294
2137.510175
2137.823314
2138.092790
2138.843668
2139.194614
2139.317043
2139.442872
2140.339814
2140.359639
2140.722217
2141.303521
2141.350748
2141.366477
2141.828178
2141.893222
2142.427832
2142.431642
2142.846444
2143.058944
2143.386706
2143.807529
2144.433848
2145.224745
2145.304822
2145.678131
2146.111980
2146.311741
2147.479675
2147.703562
2148.174848
2148.183040
2148.578877
2148.598170
2148.603617
2149.042668
2149.087887
2149.120451
2149.172019
2149.216010
2149.358551
2149.435310
2149.854495
2150.385828
2150.515302
2150.761636
2150.787072
2150.911222
2150.940058
2150.972948
2151.092756
2151.154360
2151.385580
2151.572972
2152.112128
2152.139653
2152.229274
2152.362353
2152.387912
2152.435466
2152.459141
2152.469217
2152.504238
2152.562401
2154.611917
2155.936236
2156.061123
2156.094628
2157.556572
2157.765386
2158.460969
2158.476329
2158.800896
2159.334605
2159.362417
2159.386132
2159.409684
2159.819162
2159.915172
2160.289751
2160.349635
2160.423404
2160.477757
2161.413571
2161.492337
2161.540137
2162.238792
2162.660557
2162.840166
2162.926715
2163.305636
2163.318825
2164.077076
2164.280197
2164.296131
2164.652360
2164.723958
2165.189386
2165.206589
2165.227807
2165.247672
2165.420769
2165.841142
