115.841884
116.141302
116.379443
116.745216
117.166285
117.170995
117.359534
117.481513
117.561385
117.692416
117.907333
118.632858
118.798828
119.037829
119.062651
119.096566
119.683850
119.981138
121.740657
122.098811
122.538803
122.647839
122.663076
122.704527
123.250278
124.234547
124.319990
124.345631
124.648202
124.863980
125.587702
125.671834
125.738066
126.247404
126.316503
126.413947
126.563205
126.828462
126.920663
127.000207
127.530066
127.547351
127.554847
127.585731
127.612887
127.691244
127.946097
128.003973
128.015811
128.109814
128.133202
128.302531
128.347709
128.563569
128.655401
128.901652
129.397432
129.731953
129.836687
130.204918
130.287698
130.467103
131.725476
132.109804
132.868219
133.164728
133.277737
134.001091
134.401884
134.439977
134.494659
134.652273
134.724895
134.745620
134.784205
136.188559
136.525455
137.077719
137.173852
137.783460
137.841459
137.934930
138.113925
138.247250
138.685891
138.860954
139.406254
139.633132
140.167291
140.213903
140.259492
140.305367
140.387123
140.603843
141.205381
141.673882
142.372209
142.645740
142.783447
143.828828
143.902269
144.036946
144.301425
145.053819
145.901322
146.719826
147.279340
147.508838
147.758285
149.209170
149.273805
149.324268
149.484462
149.546885
149.563924
149.628805
149.734932
149.742100
149.791334
149.907374
149.973811
150.083584
150.132941
150.222602
150.254141
150.329958
150.346220
150.438380
150.478479
151.007764
151.223665
151.304192
151.513825
151.861330
152.330650
152.447836
152.733491
152.839004
153.083945
154.025288
154.041917
154.139034
154.537452
154.800742
154.944061
155.099914
155.952128
156.047319
156.201452
156.389663
157.345669
158.325801
158.779474
159.276360
159.347794
159.490703
160.877486
163.178004
163.722281
165.232886
165.609800
165.993308
166.202573
166.322258
167.481426
168.017961
168.116347
168.861450
169.055724
169.492439
170.435502
170.993459
173.707796
173.738066
174.058086
174.124114
174.236426
174.389453
174.532608
174.665073
174.930125
175.020114
175.442207
175.512945
175.587451
175.688950
176.156549
176.894116
177.469317
177.518633
178.640527
179.263078
180.570890
181.167268
181.233418
181.272535
182.109798
182.859489
183.297802
183.520502
184.076206
184.869478
185.338921
185.661440
186.452705
186.527498
186.608927
186.687570
186.705797
186.797875
186.890322
187.074765
187.101921
187.124572
187.153981
187.327406
187.400684
187.814748
187.937874
188.005540
188.019794
188.561285
189.189612
189.300695
189.367091
189.576110
189.848125
189.951099
190.079345
190.585487
190.854595
190.913249
191.158804
191.233966
191.345459
191.430124
191.486034
191.681413
191.719793
191.734784
192.434176
192.533668
192.601743
192.716431
193.242931
193.289134
193.307034
193.377239
193.431020
193.475584
193.691525
193.801462
194.023588
194.111201
194.173952
194.260664
194.527683
194.597642
194.644828
194.706022
194.786591
195.050127
195.292201
195.673416
195.867853
196.183736
196.364902
196.498432
196.539679
196.902380
196.997202
197.052129
197.181235
197.511086
197.778637
198.304768
198.463980
198.883164
200.148296
200.300421
200.511119
200.812216
200.924897
201.306890
203.123753
204.030034
204.496732
204.935496
205.890806
207.311544
208.099697
208.438067
210.973286
211.881984
212.730143
213.097021
213.462180
213.570765
213.736161
214.022431
214.088622
214.251438
214.740910
214.765404
215.230136
216.426742
216.793170
217.459794
217.589924
218.051953
219.405885
220.078285
220.189737
220.345754
221.321585
221.964329
222.136975
222.753219
223.008809
223.542231
223.850701
224.288276
224.408576
224.962765
225.776804
225.999217
227.393167
229.507441
230.035087
230.454518
230.777774
230.960128
231.412695
231.553925
231.678116
231.721615
231.937556
231.985070
232.076247
232.159805
232.194171
232.429855
232.547287
233.075958
233.377014
233.456599
233.502188
233.580667
233.863578
234.009068
234.091848
234.622116
234.701251
235.321876
235.790950
235.905761
235.924685
236.614246
236.947210
237.051986
237.158851
237.213409
237.296599
239.943475
241.166008
243.489710
243.592847
244.286628
244.359209
245.510799
245.926257
245.997691
246.015590
246.115779
246.240625
246.425600
246.500106
246.571786
246.732349
246.810706
247.226040
247.643095
247.826760
247.887299
248.975073
249.181594
249.715098
249.936527
250.022216
250.486948
250.945987
251.177697
251.271455
251.852063
251.945984
252.317368
253.327237
253.807944
254.395433
255.087084
255.768453
255.856681
256.454984
256.547553
256.635126
256.767918
257.397023
257.442447
257.502659
257.535181
257.555907
257.622016
257.689027
259.079455
259.238502
259.246285
259.302932
259.400131
260.566180
261.053235
261.299528
261.395538
262.249349
262.655263
262.923469
263.130112
263.714898
263.740539
263.850885
264.095334
264.145347
264.197038
264.240374
264.399094
264.469545
264.494080
264.846582
264.916582
264.946934
265.002148
265.086198
265.168609
265.204818
265.292964
265.948488
266.395361
266.421289
267.461140
267.562926
267.673682
267.767357
267.824128
268.180439
268.878725
269.543547
269.611459
269.680927
269.754900
269.788078
269.835305
270.350828
271.238062
272.379331
272.582410
272.643236
273.441300
273.576837
273.652531
273.927537
274.043576
274.514698
274.628608
274.747023
274.850611
275.071918
275.106038
275.281961
275.346350
275.603988
275.944325
276.133560
276.158464
276.163994
276.188856
276.206141
276.220641
276.230963
276.236902
276.394107
276.478566
276.569743
276.590141
276.597596
276.601119
276.629381
276.645478
276.712530
276.807762
276.856832
276.978811
277.005722
277.034435
277.046272
277.057044
277.094564
277.118403
277.153300
277.280276
277.358469
277.420278
277.683855
277.789082
277.838479
277.875016
277.887263
277.895086
277.899141
278.198313
278.250168
278.268355
278.406349
278.551306
278.563144
278.699008
278.872719
278.998262
279.250166
279.558963
279.646618
279.732306
279.786619
279.839252
279.943455
280.009769
280.040530
280.229847
280.435630
280.506819
280.575263
280.603525
280.665293
280.799191
280.929321
281.667953
281.875087
281.963766
282.043269
282.136044
282.222223
282.285343
282.399826
282.543677
282.813112
283.113226
283.237376
283.342316
283.406172
283.575460
283.726766
283.801190
284.097782
284.659220
284.737659
284.935700
285.029499
285.096673
285.288612
285.429596
285.543178
285.725000
286.250516
286.576026
286.647419
286.726390
286.844273
286.922097
287.088271
287.211643
287.360614
287.416607
287.512289
287.812526
287.923241
288.017818
288.185221
288.267796
288.730808
288.873513
289.388954
289.538458
289.737318
289.951744
290.256323
290.420941
290.550047
290.677801
290.756977
290.969846
291.085312
291.223388
291.295150
291.334390
291.375022
291.476808
291.634422
292.139704
292.471276
292.836311
293.005763
293.312348
293.439160
294.445097
294.889185
295.083909
295.671521
295.844291
295.938171
295.994491
296.198021
296.530125
296.674796
297.069158
298.128220
298.285097
298.484285
298.644275
298.672701
298.982154
299.045929
299.082916
299.129528
299.260191
299.318108
299.415634
299.557274
299.642184
299.676754
299.900436
301.014508
301.083197
301.240402
301.906289
302.028022
302.114161
302.274724
302.330798
302.843372
302.884577
302.931681
303.406817
303.476982
304.106660
304.268493
304.312975
304.377692
304.459981
304.552468
304.605389
304.688620
304.845865
304.957153
305.135821
305.234821
305.649951
305.746575
306.627994
306.912911
307.387105
307.515146
308.028539
308.144660
308.269056
308.600463
308.701430
308.781834
308.961075
309.000110
309.046641
309.521736
309.586002
309.798994
310.334996
310.401761
310.427443
310.961889
311.016653
311.085875
311.496376
311.626342
311.765770
311.968727
312.050442
312.177541
312.396513
312.663777
312.774533
312.827822
312.874353
312.970158
313.346908
313.471140
313.581937
313.899008
314.076733
314.216776
314.300416
314.409861
315.020861
315.120189
315.735040
315.976458
316.091474
316.255314
316.479611
316.629033
316.667290
316.694241
316.757033
316.813148
316.854149
316.951020
316.961137
316.987146
317.227090
317.284639
317.368074
317.414892
317.513605
317.578813
317.974938
318.654300
318.676992
318.700421
318.780867
318.999306
319.095071
319.148524
319.177933
319.262638
319.313961
319.809905
320.054354
320.406528
320.470753
320.543990
320.653926
320.699310
320.770621
321.124311
321.273242
321.388503
321.491927
321.699922
321.753661
321.850163
322.507530
323.340493
323.792773
324.004536
324.105789
324.166287
324.169073
324.457103
324.547297
324.697661
324.837663
324.986675
325.137449
325.172552
325.203517
325.299241
325.382103
325.518582
325.579776
326.453002
326.512189
326.601687
326.759506
326.819799
326.876897
327.176479
327.726531
327.813243
327.829258
327.958241
328.003748
328.037663
328.102748
328.173158
328.242790
328.431043
328.582144
328.658821
328.723702
329.205760
329.272607
329.314427
329.357312
329.468723
329.905644
329.988997
332.914401
332.955648
333.162988
333.403505
333.679698
333.778452
333.800571
334.076518
334.145249
334.488945
335.926436
335.944458
335.954534
337.028014
338.296873
338.449490
339.341885
339.415081
339.507405
339.912827
340.492083
341.079327
341.098660
341.165588
341.427814
341.685207
341.767086
342.005965
342.041682
342.128886
342.224077
342.379192
342.443500
343.169270
344.214815
344.581816
344.651530
344.754340
345.508782
346.126541
346.177372
346.239140
346.289029
346.355220
346.410598
346.506813
346.933453
347.074642
347.399332
347.411948
347.435131
347.441234
347.580334
347.779850
347.842847
347.857306
347.897528
347.908260
347.973673
348.106056
348.316795
348.364022
348.416328
348.518154
348.527043
348.544123
348.553052
348.557640
348.601754
348.616212
348.630753
348.649513
348.686336
348.747817
348.809789
348.881715
348.918620
349.080412
349.136568
349.149839
349.243924
349.328097
349.341860
349.395640
349.408461
349.478339
350.049075
350.135542
350.242693
350.293320
350.384947
350.401577
350.450156
350.613545
350.780621
351.058944
351.159419
351.241544
351.557181
352.079217
352.116040
352.397148
352.425411
352.596132
352.753623
352.831652
353.320305
354.837750
356.194509
357.239521
357.309850
357.648835
357.711258
357.795553
358.100500
358.216008
359.027180
360.641946
360.850760
361.949430
362.360218
362.453156
363.018158
363.074396
363.172413
363.518976
363.711939
364.162867
365.385032
365.612728
365.732823
366.475264
366.518764
367.314534
367.474033
369.779712
369.949901
370.032558
370.085683
370.249646
370.973942
371.811082
373.524111
375.526113
375.779369
376.441037
379.122811
379.602002
380.152750
380.323717
381.154263
381.351444
383.217213
383.365284
384.134922
384.233308
384.614564
384.924754
385.037844
385.118700
385.765417
386.244239
386.535711
386.653430
386.674196
386.710815
387.032351
387.170427
387.894845
388.204544
390.143386
391.732797
391.910072
394.105692
394.195190
394.607575
394.809795
397.521469
400.459571
400.717169
401.131930
401.778360
401.985208
402.042184
402.049352
402.192343
402.208522
402.227569
402.250547
402.268815
402.364293
402.376950
402.386821
402.403901
402.420081
402.449531
402.469765
402.503680
402.545582
402.561925
402.659860
402.850038
402.894193
403.030835
403.427164
403.478241
404.343398
404.356342
404.693852
404.732600
404.757299
404.785070
404.812554
404.852408
404.943708
405.205975
405.254595
405.264425
405.314478
405.653176
405.721375
405.986222
406.097756
407.208059
408.395325
408.684749
409.692078
409.917727
409.988506
410.006897
410.053550
410.480230
410.586317
410.663322
410.747986
410.903675
411.112940
411.290788
411.332116
411.411538
411.746714
411.773460
412.276081
412.361974
412.981535
413.917143
413.949542
413.964698
414.478008
414.511022
414.751089
414.959944
415.029780
415.295324
415.393751
416.666665
416.846193
417.378345
417.429258
417.470300
417.909883
418.265784
418.286961
418.518671
418.940314
419.591086
419.682877
419.742556
420.232069
420.414587
421.049426
421.783593
422.201713
422.368420
422.528000
423.014728
423.075430
423.186596
423.595090
424.248115
424.657101
425.089720
425.136824
425.176883
425.254625
426.267566
427.457905
428.769690
429.408297
433.134346
433.909473
435.122504
435.249521
436.841472
436.915569
437.541192
440.350515
440.425595
440.598692
440.851825
441.225789
441.428664
441.544868
441.735782
441.999852
442.096681
443.249705
443.670036
443.954258
444.523356
445.377987
446.966415
447.057142
447.953469
448.309166
449.003479
449.230725
449.789870
452.526981
452.609884
452.750295
452.883046
453.258404
453.319270
453.929411
454.308700
455.797514
456.703345
457.368453
457.491210
458.187162
458.349527
461.186212
463.817318
463.912878
464.966164
466.852741
466.907955
467.037307
467.076219
467.637412
470.052250
470.413271
470.712156
470.932808
472.922563
473.843753
475.824128
476.108513
476.284436
476.560384
476.783739
476.880855
476.978872
477.485138
478.079099
478.718034
478.807736
478.967480
479.037972
479.520399
479.546778
479.687229
480.390554
480.755425
482.832507
486.737920
487.298417
489.683190
489.734758
489.797345
490.388726
490.471383
490.679255
490.732749
491.227996
491.600364
492.362588
492.495176
492.899492
494.365655
495.132058
496.388833
496.470589
496.784466
496.896901
500.436828
500.541563
500.766228
500.893245
501.225882
501.322547
501.868216
501.929165
503.450952
503.565926
504.197530
504.205763
504.778957
504.811520
504.975483
505.224765
505.451233
506.776904
508.593357
509.100278
511.161385
511.305155
511.507538
511.938478
513.076142
513.511055
513.787044
514.436915
515.706061
516.473487
518.289326
518.671237
519.833436
520.564285
520.700027
521.626501
521.888768
521.973883
522.326589
522.397983
522.458194
522.625597
522.650378
522.661806
522.687529
522.886717
523.252900
523.522703
523.600200
523.836498
524.051415
524.211200
524.302664
524.446269
525.877740
526.035272
526.259692
526.423736
526.502912
526.781932
527.406940
527.979151
528.069796
528.149258
528.703201
528.828621
530.003804
530.525553
531.443794
531.625615
531.867689
531.918275
531.944448
533.347656
533.685084
534.002688
534.096036
534.227517
534.417859
534.451569
534.564209
534.646211
535.132692
535.297188
535.535247
536.068301
536.467579
536.506409
536.582390
536.605860
536.693924
537.272648
538.247946
538.643456
538.703053
538.824786
539.185439
539.250360
539.296645
539.512750
540.280381
540.371517
541.384581
541.474079
541.713940
541.827768
541.948314
542.019379
542.321377
542.942618
546.338324
546.442732
547.030548
547.157893
547.254845
547.598418
547.654943
547.705324
549.787484
549.824143
550.338806
550.536602
551.246356
551.414784
551.508910
551.564698
552.066499
552.349737
552.497193
553.545155
554.250813
554.572063
555.781775
555.962573
556.305695
556.429066
556.528968
557.050102
557.798154
558.269358
558.696202
559.054275
559.782216
559.874253
559.956623
560.006308
560.068977
560.341975
560.413983
560.440771
560.498074
560.562586
560.592118
560.643891
560.708813
560.996188
561.042801
561.137377
561.380721
561.597481
561.840783
562.030961
562.174812
562.225725
562.456617
562.532147
562.700943
562.745098
562.824315
562.885100
562.920325
563.224453
563.435356
563.627909
563.983483
564.578345
565.472215
566.248489
566.324470
567.519560
567.628349
568.347034
568.446362
569.912648
571.046748
571.185234
571.792876
571.964334
572.140462
572.302090
573.629071
574.442168
576.050135
577.109770
577.246085
578.431058
578.503803
578.691072
578.721096
578.728346
579.170058
579.186115
579.254968
579.284255
579.325829
579.389522
579.456860
579.548365
579.880878
579.920937
580.006052
580.077486
580.122173
580.186931
580.626637
580.709868
580.763812
580.945060
581.405123
581.490360
581.754757
582.012846
582.304973
582.477210
583.006331
583.304479
584.675246
584.905196
585.036554
585.236931
585.409495
585.564570
585.746964
586.451436
586.826547
587.452047
587.588076
587.835597
587.888026
587.941683
588.009021
588.088525
588.206449
588.218737
588.312494
588.761539
588.779520
588.914319
588.989358
589.362627
589.440492
589.589832
589.700424
590.310523
590.442988
590.849147
590.980178
591.790162
592.150200
592.550011
592.591708
593.025720
593.511916
594.150728
594.245960
594.465587
594.652570
594.718433
595.190989
595.257631
595.454157
595.899433
596.737843
597.796086
597.964595
598.098739
598.165668
598.415852
598.813737
598.947471
599.021404
599.121756
599.592632
599.681556
600.301609
600.439808
601.173934
602.427269
602.775511
602.908631
603.491369
603.628954
604.039250
604.601426
604.652012
604.851077
605.108470
605.349437
605.741138
605.853778
605.896212
606.002668
606.052270
606.162330
606.544445
606.687232
606.763745
606.842675
607.229993
607.539446
607.626609
607.669248
608.012943
608.167322
608.199598
608.241992
608.430531
608.517898
608.914555
609.074708
609.423237
609.465057
609.517445
609.613660
609.781760
610.119803
610.185994
611.014902
611.467346
611.528909
611.965583
613.406106
613.649859
614.248776
614.449848
614.580879
615.471923
615.734927
616.519639
616.611185
616.986665
617.787228
617.987195
618.230907
618.340639
618.495181
621.072957
621.976084
622.323671
622.408581
623.650939
624.196977
624.328172
624.387072
624.487670
624.839229
625.723761
627.031736
627.184599
627.294126
627.484426
627.670630
627.752468
627.830374
627.891814
627.958292
628.428104
628.678246
628.917453
629.028495
629.097062
629.180908
629.274419
629.420401
629.570519
629.637816
630.039634
630.297108
630.877307
631.742956
632.192410
632.244756
632.908349
633.054003
633.113108
633.219645
633.481298
633.719030
633.745367
634.062520
634.086932
634.157507
634.245407
634.369516
634.496573
634.527212
634.627523
634.680689
634.723942
634.813071
634.912932
634.958766
635.019305
635.148657
635.212472
635.443937
635.808072
635.853906
635.990057
636.140052
636.238438
636.305285
636.399739
636.696535
637.097533
637.272187
637.657006
638.087823
638.228316
638.655775
638.688543
639.125340
639.189524
639.296307
639.768945
639.867699
639.956828
640.171090
640.413286
640.448184
640.750756
640.855081
640.913203
642.082324
642.150318
642.439987
642.516050
642.599895
642.842501
642.936095
642.978693
643.058237
643.137208
643.244073
643.333980
643.684106
643.741737
643.856220
643.915653
644.038328
644.752916
644.929085
644.996219
645.183488
645.584732
646.068183
646.426460
646.705725
648.095375
648.115200
648.149975
648.250409
648.340480
648.406426
648.575099
649.195069
651.200881
652.539781
653.611254
653.846323
654.313636
654.678344
655.874580
658.459935
662.341960
663.006822
663.513866
663.619256
663.779369
664.412570
664.595456
665.541714
665.977815
666.739589
666.859192
667.169546
667.294106
667.414487
667.511276
667.714888
667.798200
667.894088
667.915960
667.974615
668.016722
668.064113
668.094300
668.293980
668.413911
668.459540
668.530811
668.783780
669.437010
669.780050
669.881754
669.985956
670.142464
670.192763
670.621614
670.687846
670.801674
671.052595
671.171625
671.283610
671.595479
671.941140
672.074138
672.182804
672.781271
673.176617
673.211023
673.374904
674.231255
675.257385
675.308503
675.576545
675.768115
675.881492
675.980001
676.004782
676.162847
676.244890
676.298301
676.400415
676.581663
676.735713
676.818698
677.226168
678.058680
678.253609
681.075220
681.482813
682.069156
682.277929
684.982108
685.782057
686.080655
686.951506
686.995620
687.108669
688.220815
689.302077
689.330299
689.359995
689.812029
690.494177
691.298714
691.543368
691.764675
692.720312
692.788593
693.094851
693.247058
693.279212
693.334180
695.559946
696.979497
697.643131
697.951109
700.731884
701.446513
702.342636
702.429143
702.545961
702.915543
703.492751
703.779144
704.493609
705.584988
707.270615
707.708846
707.999785
709.010801
709.508669
710.365020
711.897129
713.433539
713.547244
714.067395
714.137723
716.277596
716.346696
716.488909
719.946793
720.044237
722.088468
723.482460
723.667558
724.356669
724.849951
727.636009
728.352850
728.587387
728.714691
729.662710
729.832448
730.169303
730.368000
730.786652
730.884710
731.195597
731.345920
731.428577
731.678597
731.847844
731.920302
732.260475
733.761044
734.021550
734.172529
735.535596
736.056852
737.518060
737.548575
737.557094
737.594368
737.603953
737.628201
738.068644
738.532557
739.185623
807.342653
807.376568
807.395246
807.410401
807.529144
807.559168
807.568876
807.577477
807.588004
807.610040
807.627325
807.697285
807.716741
807.732838
807.813652
808.005714
808.022548
808.141455
808.183276
808.212644
808.233861
808.273469
808.304640
808.330404
808.362148
808.375706
808.391557
808.447263
808.494653
808.564326
808.581898
808.615649
808.641454
808.651489
808.665006
808.684380
808.711946
808.732508
808.825160
809.003090
809.036595
809.195397
809.221120
809.309430
809.333801
809.369108
809.419694
809.429074
809.455370
809.462948
809.525084
809.539666
809.554575
809.581527
809.659924
809.675899
809.695437
809.941811
809.972040
810.031514
810.056335
810.069606
810.085335
810.098852
810.113311
810.129326
810.168689
810.200392
810.249585
810.270024
810.293658
810.344980
810.389258
810.516275
810.566779
810.603028
810.612081
810.671841
810.680648
810.726564
810.766828
811.069071
811.131126
811.167539
811.177615
811.219968
811.226604
811.273052
811.325809
811.386266
811.431076
811.478344
811.552645
811.684250
811.732664
811.753841
811.778335
811.787878
811.826995
811.852718
811.946271
811.974738
812.000215
812.081070
812.173681
812.350013
812.433490
812.459254
812.492718
812.527616
812.546130
812.598436
812.708782
812.747571
812.834775
812.906209
812.980716
813.044572
813.141361
813.181174
813.257441
813.286810
813.408952
813.466911
813.489766
813.553951
813.621166
813.662781
813.715743
813.778084
813.830636
813.858079
813.910712
813.959578
814.103224
814.135951
814.267105
814.295572
814.363771
814.423286
814.502052
814.571315
814.752113
814.793933
814.905303
814.946836
814.965965
815.031706
815.080735
815.117558
815.202222
815.272632
815.454208
815.517901
815.560540
815.589335
815.623086
815.748669
815.771566
815.984067
816.139551
816.182190
816.201236
816.258458
816.299868
816.308142
816.326205
816.362127
816.474030
816.559636
816.652698
816.735560
816.796836
816.841073
816.869786
816.909681
816.938598
816.992625
817.032520
817.134305
817.191240
817.276355
817.357210
817.414062
817.469932
817.515151
817.552876
817.594491
817.653268
817.723720
817.793065
817.872241
817.924751
817.950679
818.055578
818.151588
818.223432
818.282373
818.313011
818.349302
818.373468
818.433638
818.458993
818.591089
818.677146
818.837627
818.929213
819.021332
819.064218
819.111977
819.156787
819.190333
819.209994
819.270369
819.355156
819.556393
819.631677
819.786752
819.861955
819.934249
820.029358
820.060856
820.103782
820.160922
820.223713
820.276675
820.358717
820.397343
820.454605
820.522680
820.590060
820.631101
820.720435
820.821033
820.860232
820.899430
821.019484
821.155021
821.172347
821.237760
821.251850
821.307146
821.363671
821.438300
821.505966
821.568512
821.664276
821.748285
821.835612
821.896561
821.968241
822.053151
822.091858
822.223340
822.311813
822.446039
822.502973
822.567854
822.637650
822.708675
822.766019
822.848348
822.957875
823.042335
823.113851
823.170253
823.216906
823.279247
823.358423
823.400571
823.437230
823.503094
823.590339
823.677583
823.710433
823.813366
823.913800
823.963402
823.985521
824.013292
824.034017
824.074936
824.129577
824.161608
824.204206
824.281047
824.343265
824.400691
824.507146
824.629658
824.682291
824.725217
824.778711
824.867676
824.961802
825.163735
825.283543
825.334784
825.400566
825.522872
825.566618
825.640550
825.771745
825.866035
825.930424
825.998213
826.077676
826.128302
826.221896
826.309878
826.421699
826.537533
826.634895
826.714235
826.809303
826.874757
826.947830
827.019346
827.057766
827.114127
827.186627
827.268751
827.317740
827.608064
827.725619
827.776614
827.887985
827.941478
828.020613
828.101509
828.119286
828.128338
828.213043
828.247163
828.343050
828.400189
828.511887
828.584141
828.671631
828.720087
828.809093
828.864512
828.936520
829.002301
829.059891
829.101179
829.116211
829.137428
829.179986
829.294182
829.405716
829.463347
829.524173
829.563003
829.635707
829.687890
829.760553
829.806346
829.856522
830.011556
830.071931
830.132920
830.195098
830.260838
830.296637
830.377492
830.447698
830.547927
830.717256
830.766776
830.841405
830.888591
830.930903
830.980588
831.103140
831.143444
831.260877
831.306834
831.369339
831.445033
831.479112
831.539159
831.571886
831.624274
831.639347
831.708938
831.776604
831.837061
831.924920
831.944991
832.041779
832.081961
832.142213
832.199025
832.262758
832.381338
832.517980
832.544276
832.584540
832.664453
832.749937
832.833987
832.878264
832.958546
833.072783
833.148355
833.205821
833.270252
833.325629
833.359626
833.453384
833.510646
833.593958
833.662853
833.710490
833.744323
833.854546
833.875190
833.900954
834.002698
834.017526
834.067087
834.173256
834.253169
834.334720
834.517033
834.565816
834.671944
834.755420
834.810880
834.867610
834.969805
835.050865
835.140772
835.196846
835.248497
835.265864
835.339837
835.386204
835.414098
835.482747
835.579249
835.719045
835.831890
835.916145
835.992904
836.047749
836.104028
836.265615
836.460257
836.528538
836.576952
836.651909
836.680499
836.743864
836.766966
836.792361
836.888740
836.955750
837.018214
837.081170
837.091041
837.166858
837.249393
837.359575
837.415404
837.479137
837.573018
837.633311
837.675500
837.732147
837.788836
837.807677
837.858222
837.907988
837.968978
838.093251
838.159237
838.216090
838.266593
838.379397
838.467953
838.544876
838.610371
838.650061
838.703268
838.772081
838.817915
838.874563
838.918840
838.955704
838.998835
839.079363
839.167754
839.265485
839.324672
839.401390
839.473357
839.588209
839.703634
839.906836
840.134779
840.306033
840.368374
840.457216
840.652431
840.777359
840.877793
840.926822
841.018286
841.077146
841.165988
841.240822
841.274655
841.352929
841.411707
841.475809
841.517916
841.679053
841.742377
841.819095
841.887662
841.935667
842.002719
842.083656
842.208256
842.250650
842.283827
842.343137
842.361037
842.460324
842.534093
842.580746
842.684457
842.729308
842.780754
842.808197
842.854400
842.897900
842.940908
843.014881
843.062886
843.110973
843.168891
843.253473
843.266826
843.305288
843.434066
843.495178
843.606548
843.649679
843.686871
843.695473
843.767030
843.818435
843.909489
843.928863
843.968881
844.053504
844.128133
844.327977
844.455690
844.619858
844.714271
845.550797
845.697270
845.743596
845.765919
845.909238
845.976986
846.017577
846.042030
846.120223
846.403584
846.411366
846.433690
846.444626
846.451794
846.479073
846.494106
846.529536
846.562877
846.580982
846.590976
846.630502
846.648771
846.676869
846.702223
846.744125
846.754570
846.762107
846.909317
846.925046
846.968832
847.029699
847.058125
847.090975
847.102689
847.157494
847.184282
847.218811
847.237939
847.261737
847.337595
847.357706
847.415992
847.481897
847.512863
847.612355
847.675351
847.688090
847.709430
847.725445
847.760097
847.802122
847.813018
847.827149
847.860900
847.917670
847.993651
848.034284
848.131154
848.208486
848.281928
848.308265
848.372654
848.401408
848.415867
848.474890
848.513434
848.549724
848.561316
848.576184
848.581018
848.597402
848.726630
848.799744
848.874660
849.020150
849.106371
849.137705
849.166664
849.213194
849.249853
849.263411
849.299825
849.392722
849.476321
849.523794
849.562378
849.632174
849.706394
849.716265
849.822843
849.884160
849.955348
849.997865
850.036695
850.070897
850.112758
850.142740
850.280120
850.304860
850.337341
850.453996
850.507735
850.639749
850.654618
850.698813
850.740797
850.785649
850.823045
850.839101
850.897183
850.928067
851.027763
851.140362
851.311247
851.378463
851.442237
851.484590
851.505357
851.574292
851.609723
851.657605
851.821240
852.038328
852.183982
852.290601
852.362486
852.416594
852.497736
852.544307
852.619592
852.663132
852.730962
852.805140
852.919542
852.970537
853.021409
853.092925
853.145723
853.200814
853.294285
853.363302
853.419868
853.534106
853.604680
853.653258
853.693481
853.763768
853.806367
853.867602
853.912740
853.949891
853.983887
854.084116
854.171689
854.316564
854.461604
854.525665
854.596813
854.662963
854.701793
854.755082
854.790062
854.947840
854.967050
854.983229
855.023698
855.044588
855.072604
855.231693
855.281459
855.386563
855.400817
855.467295
855.512474
855.575552
855.685366
855.770644
855.873987
855.997686
856.087675
856.126792
856.191959
856.241848
856.442757
856.471962
856.608113
856.704573
856.790712
856.851702
856.910438
856.952955
856.962212
857.066291
857.106063
857.336750
857.391186
857.497518
857.582633
857.637315
857.856942
857.903718
857.952952
858.008003
858.104381
858.145546
858.404168
858.542121
858.611139
858.661356
858.718536
858.749706
858.823557
858.860585
858.921574
858.958561
858.990633
859.029750
859.065958
859.171758
859.207803
859.261256
859.290214
859.341210
859.396424
859.455447
859.520164
859.571323
859.616829
859.721277
859.780833
859.801805
859.896095
859.998618
860.044861
860.091761
860.162662
860.188303
860.226601
860.262892
860.299305
860.353044
860.389417
860.489196
860.531958
860.618342
860.716073
860.834488
860.905144
860.942909
860.990341
861.025853
861.034619
861.071524
861.151396
861.244826
861.313884
861.371679
861.487186
861.526344
861.603512
861.736960
861.804790
861.860291
861.943644
862.079590
862.154588
862.243758
862.339768
862.402560
862.422630
862.438236
862.513766
862.674330
862.801306
862.835425
862.865449
862.917755
862.992835
863.094784
863.126856
863.179694
863.207834
863.382815
863.402721
863.463383
863.634104
863.749775
863.883592
863.947203
864.003564
864.009216
864.105964
864.154460
864.246415
864.293192
864.381420
864.464896
864.496517
864.586383
864.667361
864.731709
864.827556
864.888627
864.920003
864.973455
865.045668
865.107313
865.250755
865.316372
865.419633
865.556890
865.673462
865.743462
865.763082
865.838694
865.928192
866.017198
866.118943
866.213028
866.282988
866.435686
866.478858
866.526413
866.560778
866.622833
866.684232
866.734162
866.935767
867.027558
867.107922
867.121152
867.179151
867.217818
867.261358
867.307889
867.393782
867.430441
867.545907
867.570196
867.617260
867.671368
867.697664
867.784253
867.822264
867.852206
867.893453
867.913646
868.001300
868.027310
868.044472
868.084654
868.183286
868.230881
868.308460
868.365025
868.429701
868.474798
868.576543
868.701757
868.784128
868.846592
868.892959
868.944855
869.043118
869.091615
869.298053
869.395538
869.457101
869.540454
869.595628
869.739110
869.864489
869.996913
870.110372
870.199828
870.266552
870.311322
870.350029
870.421996
870.543073
870.731366
870.804849
870.887383
871.020708
871.208018
871.418429
871.494820
871.638180
871.692861
871.739433
871.798866
871.892091
871.924982
872.153948
872.188969
872.295055
872.364605
872.492851
872.503378
872.596275
872.619950
872.638956
872.893358
873.053061
873.208709
873.265644
873.372918
873.499935
873.655501
873.696666
873.709322
873.752248
873.952133
873.986540
874.210222
874.425344
874.567475
874.577797
874.618307
874.650132
874.759414
874.799350
874.841989
874.910106
875.010540
875.060429
875.077919
875.156972
875.218289
875.272561
875.335066
875.384791
875.426611
875.458929
875.547648
875.569971
875.602944
875.634278
875.707638
875.743519
875.833590
875.892326
876.027003
876.085207
876.101100
876.155453
876.216525
876.256666
876.296479
876.348375
876.392817
876.405268
876.437914
876.511273
876.546048
876.617933
876.709192
876.794470
876.848210
876.926362
876.976660
877.023683
877.097615
877.206569
877.339116
877.474529
877.529334
877.555507
877.646971
877.712343
877.747814
877.825925
877.887488
877.941678
878.074593
878.273004
878.398587
878.463058
878.520115
878.573240
878.605025
878.701158
878.836982
878.953226
879.047352
879.217132
879.280538
879.344640
879.427502
879.652495
879.720407
879.743140
879.821332
879.894979
879.996887
880.029123
880.036618
880.128696
880.216719
880.260178
880.388014
880.407593
880.546120
880.607150
880.619274
880.674243
880.776028
880.858644
880.945275
881.074094
881.264067
881.280164
881.337385
881.382441
881.418404
881.513472
881.632215
881.699881
881.834394
881.978778
882.065777
882.218803
882.245509
882.567905
882.814976
882.864988
882.945393
882.996552
883.054182
883.442975
883.504497
883.573555
883.661988
883.715523
883.760906
883.843932
883.924705
883.958170
884.143268
884.185539
884.253491
884.335206
884.427325
884.733051
884.885217
885.001462
885.125898
885.360886
885.451244
885.519360
885.542666
885.689549
885.749719
885.809275
885.870715
885.898936
885.922816
885.948539
885.995766
886.042092
886.102712
886.169559
886.282977
886.359572
886.418514
886.481183
886.596567
886.648218
886.688604
886.774456
886.953902
887.018168
887.157801
887.234396
887.341629
887.372513
887.423713
887.459185
887.535084
887.584645
887.641743
887.707279
887.827046
887.976141
888.047043
888.107704
888.144691
888.295424
888.354939
888.407859
888.451850
888.548188
888.632033
888.938045
889.018941
889.099960
889.143951
889.297592
889.425838
889.493504
889.576735
889.702236
889.732669
890.274980
891.219149
891.257446
891.421860
891.520819
891.531756
891.718779
891.795456
891.971584
892.049203
892.111626
892.224102
892.449710
892.514222
892.612157
892.678554
892.831089
892.929434
892.963553
893.154509
893.276201
893.351363
893.409157
893.539000
893.702226
893.898957
894.404854
894.449910
894.488904
894.543340
894.594212
894.621164
894.653481
894.690755
894.835098
895.036580
895.190753
895.314002
895.410217
895.898624
895.990415
896.052019
896.118170
896.201155
896.309207
896.447775
896.690422
896.704307
897.099735
897.183334
897.363026
897.390223
897.418240
897.454408
897.483407
897.492460
897.579663
897.658143
897.767506
897.817477
897.863352
897.917829
897.956536
898.015969
898.084413
898.141676
898.188575
898.251530
898.309734
898.360156
898.451333
898.504172
898.569257
898.623283
898.669158
898.742886
898.866545
898.907955
898.993562
899.075277
899.105423
899.185623
899.224535
899.310141
899.359375
899.462717
899.494994
899.808666
899.883991
899.918152
899.980984
900.023665
900.111401
900.174356
900.192338
900.229530
900.322468
900.336845
900.395991
900.436951
900.467958
900.582687
900.625080
900.729774
900.805140
900.842824
900.919173
900.945797
901.103288
901.123031
901.198234
901.265859
901.312184
901.374484
901.543281
901.634335
901.820948
901.872271
901.972460
902.015549
902.083543
902.168822
902.236692
902.293914
902.430720
902.530253
902.580756
902.648013
902.904300
902.995845
903.088456
903.154770
903.271342
903.336018
903.381606
903.687496
903.794606
903.869071
904.070103
904.082309
904.097997
904.114790
904.168530
904.312013
904.422932
904.505836
904.556954
904.575263
904.691425
904.738324
904.811192
904.822784
904.918835
904.957870
904.966963
905.035653
905.119089
905.231647
905.601556
905.631457
905.717268
905.813729
906.173891
906.228449
906.267771
906.316349
906.367099
906.409615
906.527212
906.561741
906.709811
906.769326
906.788413
906.842931
906.937057
906.999767
907.148984
907.173806
907.472404
907.618755
907.748475
907.892941
907.976827
908.075909
908.164465
908.255928
908.352225
908.407726
908.436193
908.513649
908.542771
908.593889
908.703539
908.822897
908.914934
909.116006
909.191332
909.261005
909.326172
909.427917
909.822321
909.909320
910.041580
910.302945
910.395064
910.507459
910.629519
910.658028
910.713856
910.730895
910.872617
910.902968
910.953267
911.004017
911.061934
911.107482
911.145288
911.239496
911.309906
911.535923
911.637299
911.746130
911.890719
912.024084
912.144998
912.218112
912.413327
912.471572
912.501760
912.552960
912.661709
912.777912
912.827351
912.892600
913.033462
913.174487
913.201111
913.309778
913.352294
913.415823
913.511301
913.594778
913.627750
913.682309
913.728553
913.763983
913.806008
913.836687
913.855611
913.894113
913.947320
913.957437
914.023793
914.193572
914.327962
914.413322
914.542305
914.709955
914.917827
915.089121
915.192259
915.312886
915.385057
915.443835
915.478528
915.532268
915.624550
915.666043
915.721216
915.779625
915.851387
915.905741
915.944776
916.121272
916.198441
916.283761
916.333281
916.437320
916.521656
916.533084
916.566712
916.663132
916.736737
916.864901
916.932116
917.035213
917.097185
917.136097
917.191680
917.332091
917.408072
917.548605
917.618401
917.701878
917.766308
917.935063
918.055567
918.116065
918.460375
918.654771
919.027098
919.194542
919.219610
919.291208
919.379354
919.461929
919.509443
919.563633
919.638262
919.681720
919.760077
919.962092
919.983432
920.056054
920.152637
920.190239
920.291164
920.351048
920.393523
920.482939
920.564204
920.622694
920.768922
920.817132
920.869642
920.920269
921.047532
921.180815
921.322373
921.509847
921.578004
921.638052
921.705513
921.806643
921.881231
922.240164
922.316554
922.539459
922.621297
922.771046
922.889503
923.107860
923.204321
923.383153
923.584020
923.675894
923.789107
923.896627
924.010414
924.247122
924.392284
924.441272
924.543140
924.864266
924.908708
925.057516
925.106176
925.273047
925.344154
925.366600
925.383516
925.434839
925.447905
925.463634
925.521838
925.549814
925.595525
925.679698
926.340628
926.574223
926.640579
926.703575
926.758175
926.768005
926.798275
926.878720
926.945075
927.002296
927.044936
927.111537
927.159501
927.194358
927.208284
927.441879
927.546860
927.588106
927.676334
927.709839
927.731999
927.754199
927.840870
927.892644
927.954903
928.188539
928.270705
928.301343
928.341033
928.417710
928.490045
928.595108
928.694190
928.937574
929.072906
929.130824
929.222369
929.618657
929.750344
929.813463
929.888993
930.118287
930.224865
930.493932
930.611855
930.741084
930.856305
930.972099
931.081134
931.113001
931.158385
931.186893
931.251405
931.281224
931.329638
931.363471
931.392635
931.428106
931.635937
931.670180
931.740017
931.788923
931.834552
931.847741
931.919217
932.018913
932.102922
932.392755
932.466934
932.532183
932.682711
932.755866
932.833894
932.903690
933.019075
933.177098
933.358838
933.415977
933.446205
933.514732
933.563802
933.896684
934.036685
934.120407
934.217769
934.294815
934.369935
934.661366
934.775603
934.819594
934.897828
934.982943
935.072604
935.157883
935.358669
935.390863
935.571251
935.618601
935.659069
935.777690
935.891845
936.007311
936.106844
936.251105
936.316109
936.375624
936.500593
936.549581
936.607293
936.707564
936.970650
937.070510
937.279242
937.362145
937.759621
937.809756
937.856410
937.886392
937.919816
937.935749
937.970893
938.002555
938.029056
938.077553
938.555023
938.578207
938.590945
938.630431
938.650993
938.775347
938.826506
938.876682
938.982072
939.034092
939.103724
939.140014
939.188675
939.231273
939.294310
939.342766
939.390239
939.405804
939.462615
939.482849
939.526226
939.666104
939.697070
939.730084
939.736351
939.853414
939.947950
940.021309
940.076483
940.104827
940.216566
940.254044
940.547113
940.651438
940.744868
940.909281
941.255516
941.339279
941.379256
941.442294
941.641441
941.823918
942.004879
942.045635
942.154506
942.321336
942.497505
942.577132
942.885028
942.947123
943.018476
943.072174
943.169413
943.274435
943.529902
943.635907
943.748424
943.868273
943.929795
943.967068
944.140206
944.229130
944.344515
944.423608
944.483738
944.563282
944.628204
944.667116
944.695788
944.742318
944.781804
944.835461
945.448796
945.653350
945.777377
945.876746
945.916928
945.982464
946.077327
946.181816
946.296586
946.425610
946.496799
946.573148
946.697544
946.796462
946.916065
946.980536
947.105137
947.213763
947.265004
947.319603
947.392635
947.464724
947.556762
947.695575
947.884687
947.962634
948.115948
948.291052
948.382966
948.501873
948.579000
948.696105
948.756972
948.959437
949.074739
949.211013
949.255823
949.321236
949.740339
950.093865
950.250332
950.504325
950.811320
951.647273
951.828029
951.923261
952.680284
953.111470
953.236316
953.370542
954.303488
954.623345
954.917396
955.156398
955.220951
955.456143
955.547607
955.680604
955.898962
956.088197
956.265390
956.287263
956.399493
956.519506
956.571566
956.828672
957.027942
957.523190
957.826130
957.877944
957.938524
957.986243
958.030275
958.379622
958.616003
958.682030
958.715494
958.788526
958.826414
958.902149
958.965801
959.051735
959.115428
959.257641
959.321907
959.439626
959.472927
959.536456
959.624151
959.723274
959.836652
959.932211
960.009708
960.106578
960.134267
960.195625
960.368148
960.438149
960.650158
960.720814
960.808796
960.882729
961.297613
961.452278
961.565041
961.669816
961.955840
962.038456
962.189066
962.469683
962.601247
962.683167
962.779095
962.992824
963.061350
963.426263
963.521659
963.677389
963.751772
963.908936
964.260127
964.437074
964.654735
965.222482
965.290476
965.345567
965.383127
965.453169
965.505556
966.013870
966.369690
966.870917
967.082680
967.226819
967.314309
967.460495
967.584481
967.975690
968.097055
968.146207
968.265564
968.900567
969.244303
969.538847
969.636905
969.696092
969.792512
970.111263
970.331832
971.795866
971.906048
972.033229
972.110397
972.159304
972.259246
972.316549
972.358492
972.436111
972.494520
972.559811
972.672451
972.728361
972.759163
972.902113
973.048218
973.103596
973.258138
973.342556
973.405716
973.513646
973.787505
973.855334
974.033838
974.126899
974.206525
974.416527
974.559805
974.627144
974.689403
975.168307
975.332188
975.515361
975.621366
975.916851
976.132219
976.351150
976.404029
976.518144
976.551035
976.603587
976.891290
976.945316
976.997335
977.176003
977.400750
977.425531
977.489183
977.511014
977.604977
977.691402
977.812152
977.852457
977.938760
978.038252
978.089165
978.159657
978.233549
978.382111
978.496266
978.584863
978.665267
978.699919
978.769101
978.840330
978.893332
978.944655
979.168133
979.334963
979.354706
979.406643
979.451003
979.532390
979.602678
979.879649
979.958907
980.044431
980.110049
980.216996
980.396769
980.569129
980.582851
980.839219
981.048320
981.210235
981.384356
981.479178
981.572403
981.959557
982.094479
982.320947
982.531195
982.658417
982.814392
983.296737
983.509033
983.570268
983.731937
984.169349
984.311071
984.392663
984.490967
984.557527
984.648417
984.816968
985.450127
985.708175
985.737093
985.801769
985.927680
986.281820
986.657669
986.811433
987.011031
987.195105
987.321221
987.480801
987.781612
987.798159
987.830804
987.851899
987.904451
988.075950
988.140995
988.187976
988.224430
988.263383
988.456837
988.541460
988.597289
988.687319
988.720087
988.960031
989.037855
989.111132
989.249987
989.410714
989.508035
989.708698
989.778985
989.823549
989.902356
990.059930
990.215537
990.323999
990.365245
990.498284
990.571315
990.632018
990.755512
990.914314
990.985339
991.078523
991.429960
991.496970
991.564923
991.755960
991.904031
992.048005
992.171049
992.363438
992.542392
992.826696
992.979190
993.064346
993.158308
993.282253
993.539277
993.628406
993.655112
993.736622
993.804902
993.991803
994.127872
994.171986
995.737723
995.829187
995.873055
995.896607
995.931628
996.042793
996.107960
996.229243
996.265615
996.335493
996.381327
996.413194
996.488684
996.564009
996.631880
996.683366
996.742021
996.789207
996.848271
996.980777
997.026488
997.073715
997.129380
997.231944
997.315666
997.560197
997.618401
997.646131
997.722849
997.788672
997.827133
997.908111
998.180045
998.238413
998.331802
998.363546
998.634414
998.721905
998.934528
999.019192
999.088865
999.137567
999.201628
999.272817
999.409828
999.639572
999.747748
999.847936
999.934075
1000.066580
1000.149565
1000.230584
1000.321966
1000.415437
1000.591647
1000.791204
1000.838963
1001.056502
1002.655457
1002.745364
1003.115930
1003.567514
1003.657421
1003.777516
1003.862548
1003.977605
1004.034253
1004.102533
1004.149473
1004.213985
1004.373729
1004.519629
1005.005619
1005.214106
1005.354271
1005.394371
1005.551043
1005.598966
1005.676134
1005.728522
1005.769646
1005.829079
1006.365082
1006.490747
1006.822646
1006.917468
1007.031910
1007.102157
1007.309210
1007.357010
1007.419597
1007.519785
1007.599698
1007.702467
1007.877243
1008.038380
1008.121037
1008.161792
1008.308716
1008.684278
1008.871916
1008.961536
1009.064182
1009.338778
1009.423155
1009.449370
1009.528300
1009.648476
1009.737318
1009.980948
1010.224292
1010.298962
1010.463212
1010.841600
1010.965914
1011.433103
1011.550003
1011.622953
1011.696763
1011.839836
1012.252180
1012.343644
1012.881367
1012.899553
1012.958167
1013.063516
1013.147320
1013.259878
1013.479055
1013.671526
1013.779333
1014.674432
1014.702612
1015.081902
1015.207854
1015.276913
1015.492444
1015.688724
1015.742669
1016.059781
1016.216945
1016.311030
1016.404419
1016.471716
1016.585011
1016.877834
1016.942592
1016.994570
1017.023201
1017.307177
1017.398600
1017.584804
1017.705595
1017.905234
1018.152018
1018.295910
1018.532454
1018.962412
1019.018199
1019.043635
1019.136451
1020.119900
1020.488704
1020.556861
1020.751462
1020.866601
1021.013565
1021.055140
1021.186621
1021.515858
1021.979566
1022.354350
1022.755308
1022.910956
1022.970020
1023.417631
1024.057795
1024.353034
1024.529695
1024.917012
1025.501635
1025.909187
1025.927987
1025.953505
1025.965507
1025.995448
1026.025841
1026.040054
1026.183578
1026.314854
1026.377359
1026.431672
1026.474107
1026.647450
1026.786591
1026.881700
1026.914836
1027.036160
1027.181404
1027.338977
1027.478241
1027.556147
1027.702743
1027.906888
1028.004413
1028.280279
1028.639744
1028.727030
1029.099889
1031.193969
1031.301038
1031.387464
1031.430554
1031.541883
1031.629660
1031.714243
1031.763640
1031.875338
1032.015380
1032.302551
1032.505999
1032.586977
1032.629494
1032.685486
1032.905769
1032.937103
1033.003254
1033.060803
1033.078907
1033.089843
1033.164513
1033.362514
1033.392497
1033.533235
1033.681306
1033.751839
1033.958400
1034.193920
1034.314875
1034.370212
1034.516726
1034.584351
1034.671882
1034.892001
1035.132436
1035.263713
1035.816591
1035.827978
1035.852390
1035.901174
1035.922104
1035.951514
1036.038431
1036.118221
1036.236841
1036.354314
1036.452782
1036.655862
1036.845425
1036.945203
1037.028925
1037.147791
1037.342638
1037.395395
1037.464207
1037.579305
1037.703291
1037.985178
1038.158684
1038.309253
1038.372864
1039.180308
1039.285125
1039.840174
1039.951872
1040.008479
1040.131645
1040.364380
1040.487096
1040.537928
1040.623657
1040.766280
1041.210081
1041.305436
1041.379574
1041.497580
1041.626972
1041.652244
1041.736581
1042.126275
1042.202255
1042.255217
1042.398372
1042.485166
1042.559427
1042.617098
1042.634260
1042.845286
1042.997248
1043.079250
1043.145523
1043.166781
1043.215114
1043.231375
1043.473777
1043.540787
1043.593953
1043.710730
1043.755745
1043.807150
1044.109558
1044.170220
1044.508467
1044.597760
1044.691804
1044.812841
1045.272453
1045.373297
1045.473690
1045.702287
1045.804524
1045.984420
1046.170993
1046.317711
1046.358385
1046.723011
1046.815826
1047.168614
1047.559332
1047.764337
1047.850680
1047.972127
1048.241889
1048.380621
1048.415068
1048.464507
1048.595743
1048.666931
1048.736399
1049.070592
1049.322865
1049.473516
1049.598689
1049.703834
1049.922109
1050.073784
1050.166190
1050.700349
1050.770145
1050.812498
1050.901873
1050.946642
1051.162092
1051.316920
1051.390034
1051.471544
1051.615191
1051.762606
1051.885609
1051.962860
1052.083773
1052.213944
1052.295864
1052.387697
1052.484280
1052.563128
1052.910346
1053.016556
1053.115392
1053.232128
1053.534781
1054.585856
1055.067668
1055.245435
1056.024330
1056.320266
1056.801055
1056.950354
1056.998564
1057.067336
1057.194435
1057.211187
1057.549148
1058.035999
1058.311250
1058.603622
1058.748457
1058.822226
1058.951455
1059.084493
1059.216630
1059.884687
1060.090634
1060.160061
1060.273725
1060.336763
1060.597719
1060.726088
1060.818780
1061.117624
1061.231452
1061.613732
1061.905695
1062.041313
1062.147359
1062.339543
1062.796370
1062.897254
1063.190077
1063.268188
1063.457956
1063.628677
1064.031969
1064.046961
1064.093245
1064.169472
1064.224522
1064.237261
1064.274862
1064.349450
1064.410522
1064.516362
1064.523489
1064.647393
1064.687862
1064.804598
1064.883446
1064.952013
1065.037087
1065.128509
1065.480274
1065.580667
1065.924649
1066.184827
1066.276372
1066.407444
1066.557768
1066.871112
1066.990060
1067.330314
1067.439473
1067.790705
1068.320399
1068.463596
1068.643492
1068.756214
1069.171548
1069.447086
1069.590651
1070.294139
1070.313226
1070.471209
1070.513521
1070.816625
1070.869299
1071.016878
1071.080366
1071.189156
1071.395308
1071.661793
1072.230851
1072.451789
1072.927949
1073.125908
1073.139466
1073.443717
1073.618043
1073.774428
1073.834598
1073.922867
1074.846843
1075.235103
1075.369001
1075.440230
1075.594486
1075.897590
1077.078426
1077.770691
1078.904095
1079.132733
1079.264010
1079.336018
1079.382630
1079.812997
1080.045199
1080.346788
1080.469955
1080.827986
1081.509437
1081.602171
1082.168074
1082.417439
1082.535895
1083.257815
1083.841782
1084.356157
1084.498125
1084.559237
1084.680069
1084.959334
1085.135299
1085.330514
1085.427425
1085.454950
1085.509468
1085.523354
1085.529580
1085.538755
1085.544530
1085.710295
1085.862625
1085.907149
1085.960724
1086.015201
1086.218322
1086.366433
1086.419681
1086.466662
1086.613750
1086.707343
1087.126405
1087.276483
1088.356762
1089.934336
1091.181117
1091.349012
1091.860726
1092.003185
1092.176896
1092.228301
1092.296827
1092.342456
1092.436787
1092.562534
1092.724081
1092.817920
1093.428838
1093.732721
1093.885829
1094.059213
1094.163702
1094.242263
1094.431089
1094.535291
1094.667796
1094.706135
1094.812877
1094.958244
1095.010755
1095.128719
1095.431660
1095.561052
1095.638098
1095.875174
1097.088451
1097.580995
1097.772974
1097.873039
1097.930957
1097.976422
1098.139075
1098.365583
1098.553999
1098.927596
1099.064279
1099.346493
1100.088115
1100.320686
1100.612076
1100.673802
1100.741878
1100.936233
1101.079511
1101.230899
1101.517373
1101.623951
1101.717053
1101.867049
1102.184571
1102.651884
1102.781686
1102.931026
1103.361843
1103.481856
1103.596995
1103.795159
1104.041083
1104.618701
1104.699843
1104.787579
1105.253458
1105.706557
1106.162811
1106.345861
1106.760622
1107.034481
1107.519365
1107.769098
1107.847373
1108.083671
1108.333732
1108.388454
1108.417905
1108.572611
1108.719452
1108.955873
1109.085430
1109.148140
1109.160550
1109.234074
1109.342331
1109.427159
1109.488230
1109.550490
1109.904957
1110.148833
1110.385050
1110.466191
1110.491136
1110.555443
1110.772777
1110.881239
1110.914253
1110.943662
1111.022715
1111.061176
1111.130604
1111.290143
1111.371981
1111.412326
1111.473725
1111.721656
1111.764828
1111.844864
1111.926170
1112.093614
1112.462213
1112.513454
1112.542126
1112.993710
1113.095373
1113.225298
1113.386762
1113.593651
1113.825526
1113.888768
1114.243809
1114.445210
1114.551132
1114.730824
1114.763182
1115.165368
1115.504763
1115.803730
1115.890893
1116.121743
1116.330148
1116.358902
1116.439962
1116.735242
1116.743926
1116.809175
1116.880609
1116.911329
1117.198623
1117.379748
1117.547520
1117.646520
1117.811876
1117.889987
1117.952000
1118.128251
1118.200136
1118.361108
1118.483210
1118.567956
1118.770504
1119.083274
1119.289631
1119.707668
1119.862825
1120.663552
1120.831365
1121.651466
1123.638272
1123.707535
1123.721503
1123.868426
1123.882230
1124.343357
1124.498186
1124.587069
1124.927324
1125.074330
1125.206098
1125.411308
1125.631877
1125.899633
1125.931295
1125.974262
1126.001091
1126.012969
1126.073713
1126.175048
1126.209782
1126.302966
1126.345359
1126.442271
1126.508585
1126.587638
1126.653870
1126.692782
1126.736404
1127.023985
1127.072399
1127.168819
1127.251927
1127.424655
1127.732347
1127.783875
1127.963771
1128.118886
1128.444887
1128.538440
1128.788828
1128.830321
1128.966963
1129.245942
1129.328558
1129.381233
1129.461350
1129.626460
1129.972531
1130.005299
1130.114703
1130.240287
1130.533888
1130.592010
1130.685030
1130.756342
1131.062231
1131.565261
1131.620393
1131.670159
1131.796603
1131.880120
1132.091965
1132.188221
1132.267274
1132.327731
1132.593480
1132.780913
1132.971131
1133.079347
1133.280666
1133.436109
1133.617111
1133.808271
1133.989560
1134.367621
1134.514053
1134.569103
1134.761370
1135.008031
1135.250924
1135.876260
1136.046735
1136.468378
1136.768492
1137.049272
1137.253335
1137.498849
1138.246820
1138.509128
1138.884403
1139.732849
1139.862733
1140.150641
1140.296663
1140.343480
1140.368876
1140.374856
1140.438876
1140.519977
1140.596490
1140.798833
1140.860969
1141.041930
1141.290844
1141.323489
1141.423923
1141.725594
1141.801697
1141.846589
1141.866373
1141.916099
1141.975204
1142.039265
1142.111396
1142.235054
1142.375916
1142.644285
1142.650307
1142.812058
1142.895493
1142.922240
1142.953738
1143.464550
1143.978680
1144.205189
1144.277197
1144.364032
1144.535327
1144.616714
1144.772444
1144.929608
1145.170043
1145.682371
1146.059694
1146.174095
1146.479206
1146.648699
1146.920264
1147.494523
1147.629609
1147.742536
1147.825971
1147.897733
1147.958354
1148.002877
1148.073165
1148.302909
1148.518687
1148.641567
1148.678513
1148.847514
1149.082747
1149.123625
1149.301350
1149.614449
1149.701202
1149.910876
1150.254858
1152.098058
1152.599900
1152.790446
1153.277051
1153.573069
1154.098053
1154.957476
1156.474061
1156.621967
1156.708065
1156.835246
1157.144617
1157.194834
1157.254103
1157.373174
1157.458944
1157.807596
1157.944361
1158.204375
1158.419210
1158.903849
1160.123269
1160.665702
1161.116795
1161.932308
1162.090742
1162.283377
1162.326712
1162.389094
1162.502021
1162.586931
1162.675323
1162.782065
1163.120681
1163.186749
1163.228529
1163.358904
1163.433001
1163.573780
1163.727217
1164.035482
1164.332564
1164.486697
1164.497060
1164.738601
1164.904612
1165.116539
1165.191782
1165.395558
1165.695795
1165.744660
1166.102405
1166.216151
1166.732001
1167.077417
1167.253545
1167.568159
1167.960105
1168.178299
1169.027277
1169.153188
1169.699553
1170.338693
1170.826691
1171.226624
1171.989094
1172.220559
1172.624712
1172.886364
1173.519155
1174.850150
1175.393362
1175.442268
1175.630479
1175.975731
1176.400241
1176.490557
1176.734474
1177.053594
1177.285222
1177.388564
1177.511322
1177.745490
1177.847276
1178.481500
1178.633953
1179.093524
1179.364188
1180.315525
1180.556247
1181.234340
1181.334897
1181.575946
1181.624689
1181.851116
1181.947740
1182.368727
1182.403338
1182.957650
1183.236424
1183.359181
1183.582986
1183.654625
1183.794135
1183.898092
1184.284099
1184.362537
1184.538829
1184.977183
1185.216553
1185.369907
1185.734820
1185.843282
1186.448261
1186.470380
1186.557788
1187.222446
1187.279176
1188.129792
1188.961608
1189.040087
1189.160468
1189.312102
1189.461156
1189.625938
1189.752381
1189.886484
1190.031688
1190.136381
1190.206587
1190.764216
1191.342285
1191.806894
1192.072274
1192.227226
1192.746476
1192.868741
1192.892908
1192.949678
1193.393971
1193.520906
1193.601065
1193.749135
1194.281083
1195.105116
1196.008243
1196.219228
1196.578775
1196.965888
1197.248594
1198.090936
1198.612521
1198.806712
1198.931640
1199.030845
1199.103590
1199.414026
1199.616041
1200.950354
1201.220198
1201.502372
1201.739776
1201.836728
1203.204014
1204.113121
1206.283018
1206.420726
1206.639903
1207.131341
1207.254999
1207.292559
1207.351910
1207.389512
1207.488225
1207.901020
1208.324669
1210.508943
1210.969580
1211.188838
1212.254536
1212.359721
1212.807127
1213.010371
1213.092946
1213.203456
1214.503936
1216.296796
1216.338084
1216.740024
1217.082573
1217.161748
1217.405624
1217.890796
1219.232932
1219.274097
1219.444859
1219.625984
1221.465047
1221.481554
1221.621064
1221.810422
1221.982700
1222.122004
1222.277939
1222.390743
1222.439854
1222.550200
1222.578340
1222.614098
1222.739313
1222.798582
1222.884188
1222.973399
1223.185736
1223.257006
1223.345521
1224.024228
1224.148664
1224.829706
1224.896717
1225.057075
1225.256223
1225.837527
1225.848709
1225.875702
1225.892700
1225.916621
1226.043146
1226.492969
1226.545807
1226.644111
1226.665492
1226.802995
1226.884547
1226.942136
1226.975846
1227.235492
1227.517051
1227.659018
1227.721441
1227.812782
1227.985674
1228.560794
1228.821504
1228.950692
1229.051699
1229.745971
1229.865861
1229.985792
1230.109983
1230.235853
1230.308106
1230.471946
1230.586061
1230.871306
1231.333663
1231.769354
1231.804948
1232.015729
1232.104489
1232.880640
1233.049395
1233.416520
1233.600840
1233.705247
1234.265211
1234.477179
1234.612470
1234.781512
1234.842952
1234.972549
1235.311575
1236.404060
1236.444611
1236.826235
1237.258895
1237.477663
1238.018212
1238.614876
1238.717112
1239.362888
1239.996416
1241.883730
1241.900933
1241.957253
1242.268140
1242.302956
1242.351534
1242.534461
1242.647921
1242.718577
1242.790052
1242.960364
1243.013448
1243.134976
1243.498291
1243.678106
1243.931771
1244.571484
1246.057677
1246.771528
1247.536046
1247.692104
1248.056238
1248.247357
1248.387932
1248.930161
1249.012408
1249.103872
1249.192755
1249.659167
1249.805804
1249.887846
1249.986970
1250.068890
1250.412995
1250.856387
1251.343688
1251.571999
1252.149248
1253.006049
1253.099971
1253.339750
1253.634130
1253.771428
1253.851914
1254.074900
1254.250455
1254.341059
1254.622863
1254.669599
1254.939361
1255.179018
1255.559946
1255.962747
1256.077967
1256.709489
1256.731894
1256.776008
1256.830239
1256.870830
1256.922276
1256.954143
1257.028076
1257.100083
1257.239962
1257.388851
1257.451520
1257.487319
1258.018939
1258.077184
1258.299924
1258.318397
1258.574766
1258.669588
1258.809958
1258.856448
1259.115848
1259.393188
1259.414651
1259.441152
1259.579679
1259.760435
1260.039045
1260.186665
1260.243886
1260.372910
1260.916777
1261.480919
1262.036173
1262.199194
1262.371635
1262.600765
1262.786068
1263.029043
1263.252275
1264.475914
1265.285079
1265.703281
1265.777664
1266.025841
1266.601820
1267.221791
1267.564298
1267.620741
1267.765903
1268.280975
1268.425728
1268.667023
1268.749640
1269.896724
1271.219118
1271.249838
1271.549829
1272.013783
1272.088207
1272.369807
1273.646039
1273.717432
1274.427515
1274.819379
1275.503903
1276.636488
1276.728771
1277.155328
1277.656187
1278.798029
1279.872451
1280.157164
1280.564593
1280.697590
1280.910991
1281.313137
1281.432125
1281.557832
1281.715487
1282.058772
1282.268037
1283.699220
1283.860685
1284.430684
1284.803256
1284.949033
1285.132411
1285.556593
1286.094397
1286.102712
1286.111068
1286.144410
1286.372516
1286.553887
1286.646497
1287.399956
1287.863214
1288.109752
1288.233329
1288.480317
1289.064448
1289.204531
1289.531023
1289.644483
1289.825935
1289.925100
1291.688141
1291.731231
1291.838996
1291.886633
1292.026634
1292.125676
1292.206367
1292.321423
1292.337807
1292.475884
1292.539699
1292.599542
1292.658524
1292.723159
1292.865290
1293.003039
1293.228155
1293.386957
1293.480346
1293.693952
1293.993042
1294.079549
1294.110474
1294.235238
1294.295532
1294.473462
1294.718566
1295.028675
1295.471124
1295.984271
1296.187474
1296.573768
1296.839066
1297.639014
1297.959608
1298.788721
1300.245053
1300.649656
1301.278188
1301.830328
1302.748570
1302.870671
1303.022510
1303.146086
1303.723418
1305.079235
1308.423045
1308.830597
1308.894495
1309.270999
1310.316421
1310.533100
1310.677729
1311.028552
1311.326003
1311.883182
1312.009175
1312.087245
1312.699187
1313.294950
1315.261194
1315.987046
1317.108572
1317.772657
1318.547456
1319.555482
1320.130273
1320.900076
1320.929690
1321.052201
1321.312215
1321.789440
1322.396140
1323.476378
1323.907400
1324.202025
1324.414976
1326.538383
1326.751048
1327.087698
1328.745472
1328.864092
1329.416110
1329.695908
1330.145935
1330.585682
1330.913362
1331.177554
1331.507896
1331.769508
1332.117791
1332.479590
1332.826317
1333.076951
1333.231411
1333.675786
1333.775073
1334.088294
1334.506947
1335.648666
1336.168817
1336.580833
1337.492439
1338.514022
1339.935744
1340.460564
1340.571116
1340.764488
1340.852388
1341.073818
1341.476086
1341.762478
1341.874749
1342.118134
1342.190715
1342.401249
1342.501601
1342.654628
1342.777795
1342.830387
1342.947738
1343.055831
1343.126692
1343.431229
1343.493161
1343.627960
1343.760056
1344.513475
1344.824648
1346.600059
1347.689390
1347.844833
1348.284457
1348.702331
1348.911145
1349.148467
1349.545206
1350.941942
1354.431201
1354.525123
1354.551214
1354.826260
1354.901914
1354.972815
1355.032740
1355.185644
1355.567268
1355.771085
1355.912643
1356.286812
1356.325315
1356.384993
1356.700426
1356.752527
1356.822856
1356.829450
1356.845711
1356.896133
1356.960195
1357.066977
1357.082583
1357.139476
1357.400269
1357.411656
1357.492224
1357.593846
1357.630177
1357.704888
1357.795779
1358.249329
1358.286725
1358.301430
1358.346854
1358.529454
1358.597816
1358.756864
1358.826537
1358.881833
1358.998733
1359.156142
1359.236997
1359.315722
1359.411651
1359.527813
1359.802204
1359.856640
1359.990047
1360.563364
1360.783565
1361.694433
1361.904763
1362.662113
1362.809283
1362.940559
1363.037471
1363.428557
1363.662356
1363.800883
1364.466606
1364.603290
1364.715807
1365.217485
1365.634949
1366.010634
1370.344448
1371.041751
1371.923988
1372.546499
1374.305976
1375.333745
1375.707423
1376.013066
1376.786842
1377.313137
1380.073636
1380.687217
1381.967749
1382.029066
1382.193971
1382.639657
1383.481180
1385.319301
1385.473516
1385.988014
1387.541422
1387.783496
1387.899740
1388.410429
1388.469207
1389.113836
1389.743514
1389.816013
1390.549688
1391.744942
1392.282419
1393.348198
1393.963868
1393.969766
1397.576090
1398.016000
1403.684495
1406.099538
1406.236426
1406.338785
1406.677156
1406.952161
1407.353405
1407.502746
1407.659172
1407.921316
1408.041492
1408.305398
1408.492667
1408.666829
1409.063567
1409.142047
1410.134958
1411.004457
1411.424215
1411.680379
1412.047053
1412.289618
1412.575724
1412.657521
1412.835328
1413.194015
1413.973320
1415.244268
1417.090949
1418.895360
1419.075748
1420.308562
1421.820887
1423.431721
1423.638036
1424.388342
1425.735311
1425.886085
1426.973696
1427.213967
1429.136466
1429.200773
1429.440840
1429.630812
1429.712200
1433.100984
1433.530941
1434.643907
1434.702520
1434.942587
1435.077714
1435.151688
1435.262894
1435.464991
1436.746793
1436.909978
1437.275873
1437.330473
1437.406904
1437.525033
1437.654671
1437.752279
1438.709514
1439.884288
1440.270049
1440.440812
1440.484884
1440.846275
1441.411195
1441.509171
1442.271314
1442.874778
1443.067372
1443.110994
1443.293266
1444.051149
1444.378747
1444.433756
1444.488356
1444.572611
1444.719165
1444.934861
1444.973363
1445.023867
1445.114962
1445.218017
1445.512929
1445.811200
1445.901189
1446.021079
1446.114304
1446.971965
1447.532503
1447.683727
1447.899587
1448.702812
1449.399214
1449.933251
1449.960858
1450.342605
1450.456801
1450.566451
1450.709688
1450.976092
1451.793940
1452.022211
1452.141691
1452.219638
1452.331172
1452.996608
1453.550223
1453.590938
1453.715988
1453.887734
1454.218281
1454.502707
1454.741791
1455.220818
1455.698084
1455.781847
1456.093880
1456.258253
1457.035878
1457.101373
1457.189315
1458.140324
1459.115418
1459.284951
1459.572122
1459.946127
1460.192625
1460.276388
1460.536771
1461.965742
1462.702694
1463.429857
1463.882670
1464.188027
1465.235210
1465.763185
1465.874350
1466.145178
1469.273334
1469.377290
1469.440819
1469.616169
1470.868480
1471.204721
1471.648891
1471.705743
1472.120218
1472.370115
1473.385349
1473.583964
1473.868554
1473.911194
1473.970627
1473.979228
1474.104361
1474.292572
1474.361139
1474.402632
1474.508349
1474.638152
1474.773484
1474.877030
1474.978079
1475.101041
1475.642778
1475.798712
1476.381573
1477.071135
1479.114670
1479.204086
1479.333396
1479.411794
1479.499448
1479.555645
1479.570637
1479.854203
1480.058675
1480.247624
1482.236355
1482.317824
1482.979533
1483.027948
1483.434516
1483.576074
1483.779604
1483.973181
1484.082545
1484.101345
1484.230615
1484.332114
1484.672410
1484.774236
1486.841938
1486.926684
1487.254774
1487.330632
1487.388344
1487.738061
1488.489882
1489.026990
1489.093345
1489.274184
1489.333412
1489.455473
1489.523139
1489.633690
1490.600141
1490.628526
1490.706063
1490.917499
1491.000566
1491.093135
1491.295969
1491.357655
1491.416883
1491.434578
1491.518382
1491.611566
1491.645276
1491.914179
1492.748657
1492.813005
1493.458330
1495.119094
1495.659438
1496.073585
1496.506081
1496.589230
1496.687124
1496.855470
1496.929116
1496.980931
1497.030042
1497.102049
1497.148457
1497.669755
1497.820037
1497.968476
1498.043802
1498.138911
1498.390282
1498.530898
1498.801275
1499.215217
1499.285012
1499.384177
1499.912806
1500.090941
1500.208210
1500.821709
1503.176417
1503.518597
1504.289587
1504.342958
1504.481526
1504.666788
1504.818790
1504.888996
1504.933683
1505.018143
1505.334108
1505.434419
1508.235633
1508.702003
1512.049213
1512.149484
1512.371118
1512.501617
1512.703877
1512.805376
1513.012756
1513.234760
1513.368863
1515.630715
1515.742085
1515.788247
1515.831255
1516.269773
1516.359762
1516.432466
1516.498084
1517.135667
1517.206774
1517.318881
1517.335962
1517.445693
1517.506724
1517.706445
1518.127104
1518.151025
1518.216806
1518.265876
1518.348575
1518.445076
1519.225446
1520.062259
1520.104612
1520.280412
1520.306545
1520.332841
1520.356229
1520.370115
1520.415252
1520.486318
1520.545341
1520.843653
1520.929096
1521.028055
1521.039114
1521.246659
1521.339720
1521.468703
1521.525105
1521.646264
1521.685750
1522.110833
1522.219090
1522.323415
1522.419999
1522.585354
1522.688778
1522.837586
1523.136061
1523.349709
1523.451126
1524.271432
1525.856461
1527.254344
1527.638794
1527.748444
1527.816479
1528.165499
1528.373289
1529.623142
1529.960448
1530.775675
1530.968187
1531.026309
1531.130839
1531.221565
1531.334533
1531.856650
1531.913339
1532.898959
1532.935660
1532.988989
1533.016801
1533.066117
1533.128991
1533.175890
1533.210501
1533.249741
1533.322813
1533.337928
1533.428982
1533.456507
1533.461586
1533.473874
1533.519790
1533.669949
1533.802537
1533.838909
1533.948273
1534.127268
1534.194319
1534.327521
1534.638121
1534.705172
1534.799176
1534.828708
1534.894940
1534.940529
1535.032197
1535.075328
1535.298068
1535.427953
1535.886991
1536.035758
1536.109445
1536.262963
1536.548659
1537.386127
1537.560207
1537.657774
1538.014618
1538.387354
1538.527232
1538.604401
1538.692915
1539.464397
1539.561308
1539.634012
1540.630118
1540.845322
1541.968323
1542.384804
1543.331512
1543.566008
1582.410793
1582.688461
1582.761697
1582.885151
1582.982554
1583.360614
1583.564268
1583.968543
1584.338698
1584.561193
1584.691405
1584.876298
1585.134305
1585.183580
1585.220076
1585.232896
1585.341317
1585.433108
1585.459487
1585.598136
1585.639260
1585.669120
1585.734738
1585.798595
1585.831608
1585.863066
1585.868964
1585.917133
1585.996513
1586.026742
1586.078106
1586.094162
1586.113167
1586.123899
1586.164244
1586.244239
1586.276393
1586.309202
1586.433188
1586.455101
1586.515927
1586.714132
1586.804654
1586.923930
1587.008471
1587.052216
1587.071181
1587.231334
1587.288924
1587.322757
1587.481108
1587.521331
1587.720970
1587.744440
1587.908895
1588.041482
1588.094444
1588.201226
1588.317430
1588.396237
1588.458332
1588.611809
1588.696187
1588.752957
1588.894433
1588.946289
1589.221745
1589.314560
1589.529559
1589.656535
1589.800428
1590.134784
1590.230426
1590.488310
1590.615982
1590.744105
1591.156122
1591.246889
1592.263188
1592.320737
1592.410890
1592.564613
1592.879882
1593.037865
1593.176637
1593.263350
1593.378980
1593.872343
1593.947873
1594.203505
1594.243809
1594.580500
1595.208745
1595.882701
1596.248515
1596.423660
1596.516024
1596.602696
1597.642588
1598.099169
1598.332887
1599.517573
1599.894938
1600.188908
1600.306831
1600.927334
1601.123738
1601.273610
1602.231173
1602.893496
1603.048038
1603.349422
1603.522806
1603.635282
1603.731948
1604.022600
1604.239892
1604.781998
1605.195653
1605.244928
1605.470945
1605.580636
1605.754348
1605.853061
1605.992448
1606.301286
1606.969672
1607.622820
1607.652925
1607.861821
1607.999447
1608.041841
1608.191959
1609.103114
1609.360343
1609.974825
1610.654925
1611.277394
1611.906335
1612.813353
1612.957901
1613.032899
1613.239173
1613.445038
1613.586760
1613.683057
1613.770588
1613.829120
1614.021059
1614.206280
1614.494351
1614.725325
1615.410504
1615.568282
1615.848735
1615.994388
1616.059924
1616.472556
1616.811868
1616.924262
1617.095967
1617.333207
1617.711555
1619.762872
1620.489830
1621.438259
1623.072686
1623.380992
1623.466721
1624.070103
1624.102298
1624.136540
1624.897085
1625.067110
1625.108972
1625.168855
1625.222922
1625.370870
1625.461842
1625.531064
1625.590743
1625.673810
1626.872668
1626.926612
1626.973757
1627.080663
1627.152548
1627.501691
1627.561411
1627.726070
1627.823677
1628.045517
1628.216279
1628.429394
1628.953723
1629.166674
1630.780498
1631.810683
1632.837386
1632.909148
1633.054515
1633.235845
1633.842872
1634.072945
1634.151793
1634.577449
1634.850980
1635.722117
1638.154117
1639.361290
1639.478477
1641.392742
1641.495142
1644.056945
1645.480428
1645.680026
1648.605348
1649.104445
1652.670177
1653.497610
1653.556142
1653.647852
1653.797151
1653.937398
1654.178120
1654.689464
1654.769869
1654.879478
1655.109018
1655.207281
1655.365550
1655.524065
1656.032174
1656.153948
1656.799150
1657.945457
1658.400276
1658.664673
1659.199857
1659.311432
1659.845386
1660.696822
1661.186130
1662.000456
1662.131487
1662.436065
1662.620180
1664.714383
1664.923689
1665.251000
1665.308221
1665.615421
1665.705492
1665.809244
1666.426225
1668.373955
1668.545946
1668.693893
1669.111235
1669.489541
1670.037627
1670.597878
1670.909338
1671.025787
1671.394386
1671.471432
1671.623270
1671.728169
1672.176599
1672.237629
1672.295997
1672.322621
1672.391967
1672.818975
1672.891761
1673.012224
1673.172378
1674.302095
1675.437425
1676.188918
1676.449833
1677.363200
1679.027528
1679.748465
1679.962726
1680.136233
1681.078108
1681.756406
1681.905091
1682.576343
1682.641388
1682.844672
1682.929459
1683.013755
1683.054305
1683.178373
1683.598049
1683.785646
1683.849380
1683.952148
1684.023951
1684.724040
1685.598126
1685.758362
1686.037586
1686.213222
1686.461071
1687.285555
1689.672827
1689.784771
1689.887089
1692.154307
1692.294021
1692.486697
1693.401620
1693.532611
1693.637018
1694.016553
1694.105887
1694.222828
1694.334280
1694.580122
1694.753055
1695.032074
1695.701934
1695.752602
1695.867085
1695.938150
1696.329318
1697.249198
1698.750341
1699.581501
1700.219167
1700.515512
1700.596859
1700.756644
1701.958820
1702.857359
1703.430636
1703.527137
1704.250819
1706.235453
1706.347889
1709.166346
1709.276815
1710.958264
1711.488123
1711.849431
1712.160604
1712.207053
1712.353280
1712.471818
1713.129513
1713.191404
1713.243300
1713.386168
1713.445847
1713.580483
1713.722409
1713.864049
1714.058895
1715.195699
1715.295109
1715.362324
1715.401523
1715.407258
1715.411026
1715.738501
1715.952517
1716.353024
1716.419011
1716.471235
1716.573553
1717.090877
1717.225882
1717.341635
1717.412332
1717.492736
1717.560484
1717.898895
1718.029640
1718.599844
1719.013376
1719.191675
1720.001495
1720.232182
1720.374927
1720.513823
1722.587628
1725.312123
1725.447127
1725.588849
1725.766410
1726.530765
1726.853284
1726.959288
1727.204229
1727.663841
1727.975178
1728.518717
1728.719217
1728.860037
1728.976200
1729.040261
1729.910743
1730.400625
1730.540175
1731.619471
1732.156211
1732.229489
1732.816568
1733.233541
1733.363999
1733.452636
1734.372762
1734.795551
1734.874317
1734.981100
1735.319962
1735.727350
1735.869850
1736.267571
1737.046794
1739.339203
1739.485143
1739.789025
1740.012831
1740.083896
1740.534907
1741.042115
1741.282673
1741.573898
1741.713654
1742.364508
1743.240356
1743.483781
1744.002621
1744.070164
1744.269926
1744.426844
1744.570040
1745.016545
1745.069179
1745.161011
1745.321738
1745.787904
1746.306580
1747.430687
1747.630612
1748.687954
1752.052490
1753.263800
1754.659758
1754.817126
1754.960036
1755.259986
1755.964047
1758.210949
1759.770378
1761.947484
1762.145812
1763.112509
1763.603087
1763.723428
1764.077650
1764.483973
1764.606075
1764.869161
1765.410898
1765.656863
1766.114222
1766.681068
1769.598853
1769.775432
1770.749829
1772.620800
1773.200630
1775.237857
1776.256369
1777.846272
1778.668872
1779.958374
1781.384315
1781.685412
1782.222602
1784.327373
1784.585708
1784.660091
1785.094021
1789.257073
1789.606011
1790.208901
1791.050998
1791.801917
1793.361142
1793.524490
1793.791468
1794.102395
1795.731743
1797.067858
1798.300590
1798.976963
1799.371530
1799.600579
1800.521482
1800.656609
1800.906547
1801.467535
1802.565468
1803.926692
1806.480220
1807.787663
1808.774021
1808.891658
1809.043907
1810.414264
1810.997043
1814.212116
1814.665093
1814.937108
1815.514194
1815.543562
1815.916954
1816.366817
1816.746435
1817.219727
1818.611016
1819.030979
1819.525775
1820.339773
1821.676954
1822.145946
1822.663066
1823.566479
1829.747999
1834.653450
1835.292099
1836.992225
1838.933647
1839.718564
1839.903457
1840.528056
1841.751409
1843.086868
1846.825820
1847.509565
1847.861084
1848.154440
1848.216781
1849.674260
1850.218619
1850.989486
1851.847107
1852.326707
1854.790902
1854.999921
1860.033495
1861.352161
1861.609759
1862.593290
1862.636175
1862.883410
1863.094518
1863.301489
1863.713096
1864.329748
1864.419901
1866.676879
1866.997391
1867.178967
1867.962368
1868.988211
1869.570048
1870.112645
1874.362655
1876.495729
1877.404221
1879.081820
1879.120568
1879.438787
1879.503135
1881.048392
1881.529016
1881.783542
1882.047980
1882.664673
1883.269407
1883.823555
1885.482803
1886.934426
1887.079219
1887.861514
1888.069468
1888.378634
1888.717005
1889.460552
1889.536901
1889.649254
1889.858642
1890.095145
1891.908035
1892.433388
1892.436664
1892.617093
1892.750991
1893.114634
1893.292524
1893.493719
1893.649531
1894.787932
1895.117005
1895.592468
1895.678730
1897.971425
1902.331003
1904.193905
1908.482458
1908.948460
1910.466888
1911.978885
1919.045714
1920.161710
1920.415744
1922.221629
1922.560655
1922.624881
1925.354373
1927.131423
1927.404339
1927.486095
1928.695726
1928.779244
1928.858747
1933.702636
1933.867745
1936.090481
1939.310182
1940.038533
1941.309440
1944.821146
1952.162939
1953.096253
1957.144822
1957.911060
1959.919616
1960.309268
1961.037210
1961.867059
1962.129080
1965.587620
1965.884457
1966.075412
1967.028019
1976.674386
1980.468593
1980.696863
1981.602447
1982.296924
1982.931272
1983.702589
1984.184852
1984.541983
1984.999219
1985.850163
1986.188657
1986.804859
1987.157197
1987.235144
1987.777905
1990.930268
1991.007068
1991.328399
1992.668692
1993.565839
2004.236493
2004.372070
2011.646280
2011.915100
2012.143534
2015.033385
2015.122063
2015.394284
2015.735890
2018.226217
2018.350940
2019.348029
2019.630162
2023.070065
2023.198925
2025.588490
2030.744289
2037.305917
2038.289449
2038.898524
2039.824343
2040.671396
2042.717594
2044.156969
2048.920904
2049.349181
2049.547305
2049.632788
2050.338939
2050.957394
2051.248128
2051.332014
2051.545252
2051.632783
2052.034847
2052.175135
2052.197622
2052.207903
2052.222730
2052.232806
2052.451164
2052.489339
2052.527104
2052.543201
2052.686643
2052.992737
2053.033820
2053.178573
2053.430641
2053.760328
2053.929984
2054.476718
2054.613934
2055.065805
2056.259092
2056.641044
2057.078948
2057.260974
2057.352356
2058.017382
2059.825398
2059.982438
2060.114371
2062.914355
2063.349432
2067.445965
2069.163418
2069.445140
2070.697574
2075.203297
2076.788367
2077.470515
2083.463578
2084.246528
2084.338156
2084.976026
2085.444076
2086.804275
2087.429489
2093.883638
2095.825510
2102.352445
2103.911793
2106.279731
2112.413082
2112.773775
2113.377690
2113.688044
2121.710469
2122.296033
2122.773586
2126.437171
2127.406080
2129.064550
2133.290394
2135.928381
2145.027645
2145.536000
2145.913774
2146.119762
2150.440428
2158.682563
2162.342707
2162.433270
2167.716454
2169.622200
2170.132644
2170.536100
2171.667333
2174.706606
2210.580972
2210.607063
2210.622259
2210.669363
2210.685051
2210.692260
2210.723594
2210.785772
2210.814116
2210.856387
2210.894684
2210.906112
2211.009372
2211.822182
2211.826524
2211.842703
2211.867525
2211.986186
2212.052091
2212.069417
2212.072980
2212.126679
2212.157481
2212.274668
2212.307927
2212.330988
2212.344054
2212.358267
2212.492411
2212.522885
2212.530340
2212.536320
2212.680786
2212.836229
2212.938424
2212.985242
2213.001503
2213.012603
2213.024072
2213.383168
2213.477253
2214.038487
2214.191145
2214.790349
2214.814884
2214.877635
2214.921708
2215.028941
2215.045857
2215.102136
2215.120445
2215.124132
2215.259628
2215.277158
2215.294607
2215.300342
2215.353999
2215.918592
2216.086077
2216.163000
2216.787108
2216.827412
2216.916337
2217.587671
2217.603236
2217.612616
2217.619251
2217.656156
2218.066575
2218.221076
2218.765312
2219.008532
2219.508367
2219.782717
2220.011110
2220.103680
2221.468836
2221.915259
2222.390067
2222.400922
2222.422057
2222.433894
2223.031992
2223.309660
2223.391375
2224.888996
2226.945147
2227.082363
2227.409101
2227.693691
2227.785441
2227.966648
2231.051960
2231.201997
2231.388488
2232.639078
2233.021030
2233.040404
2233.048760
2233.108234
2233.136538
2233.144484
2233.149522
2233.164308
2234.455654
2239.056732
2239.566889
2241.743012
2242.062418
2242.163876
2242.309284
2242.372321
2242.520351
2242.589368
2242.644869
2244.496507
2244.725023
2245.519442
2245.784044
2246.006292
2246.127534
2246.483517
2246.691389
2246.934487
2247.473357
2248.338842
2249.369559
2249.902080
2251.518444
2251.965235
2252.388721
2252.735693
2253.158728
2253.828710
2254.642749
2254.786560
2254.841774
2254.880236
2254.913413
2254.944748
2254.952489
2254.956995
2255.062589
2255.216435
2255.387279
2255.498076
2255.532278
2256.746045
2256.842015
2257.452032
2257.536942
2257.885839
2258.851103
2258.965463
2259.322266
2259.424666
2260.334510
2260.965335
2261.077484
2262.708920
2264.653906
2266.021028
2266.301727
2266.388111
2267.200430
2269.346243
2269.410468
2269.692805
2269.762847
2269.869752
2269.998694
2270.010860
2271.261491
2273.041490
2273.281229
2273.313300
2273.379164
2273.404846
2273.705288
2274.076713
2274.589041
2275.102024
2275.425731
2276.822098
2276.868547
2276.937236
2277.327012
2277.683405
2281.965937
2282.955530
2283.734467
2284.674048
2285.988905
2288.284017
2288.437944
2290.062377
2290.694963
2292.523295
2296.489083
2296.875663
2297.044541
2297.478636
2300.846940
2301.111419
2302.507663
2302.726922
2303.221596
2304.051282
2306.538209
2308.119183
2308.402586
2308.605747
2309.851218
2311.230669
2311.427195
2313.940623
2315.946107
2316.998820
2318.543340
2322.487337
2323.537019
2329.769697
2331.465687
2333.490708
2333.752730
2334.678016
2336.293192
2337.308918
2337.978040
2338.603131
2340.227850
2341.916017
2342.497075
2345.195971
2345.577103
2346.147308
2347.242414
2347.795948
2349.604209
2353.273897
2354.596700
2354.668790
2354.910781
2354.948219
2355.060900
2355.536036
2355.680338
2356.034724
2356.159488
2356.353147
2357.110866
2357.256479
2357.779620
2358.137938
2358.942761
2359.000187
2359.713874
2359.742915
2359.808532
2359.965082
2360.129495
2360.339948
2360.384799
2360.423875
2360.452137
2360.462787
2360.468029
2360.478065
2360.559452
2360.640881
2361.153372
2361.245082
2361.302467
2361.362145
2361.461924
2361.693266
2362.006651
2362.100982
2362.171187
2362.228285
2362.782351
2363.245158
2363.409572
2363.853128
2363.996611
2364.149228
2366.289879
2367.331779
2368.450314
2369.146348
2369.576837
2369.671537
2370.476237
2370.672599
2370.788270
2370.938348
2371.280527
2371.335619
2371.731415
2373.625692
2373.728952
2374.205235
2374.347366
2374.580634
2374.784123
2375.143711
2375.435059
2376.207524
2376.405524
2376.499323
2376.581284
2377.232179
2377.373041
2377.873613
2378.162668
2378.646159
2379.355996
2379.999683
2380.584387
2380.728402
2381.725123
2381.966787
2382.503199
2383.450808
2383.599002
2384.121119
2384.336445
2385.299374
2385.525760
2385.757635
2386.843279
2387.374326
2387.400991
2389.422735
2390.049219
2391.337165
2391.507149
2393.140675
2393.766011
2394.190029
2398.483292
2398.947901
2398.994186
2399.076557
2399.202918
2399.370445
2399.581594
2399.630459
2399.667405
2399.699886
2399.789998
2400.246456
2400.388547
2400.883958
2401.902182
2402.689761
2402.862653
2402.901279
2403.876413
2404.111278
2404.263977
2404.299448
2404.849828
2404.909834
2405.261967
2405.528863
2406.347612
2406.946734
2407.864074
2408.227267
2408.447836
2409.756221
2410.109297
2410.221036
2410.444390
2410.649600
2410.814136
2410.882908
2411.024630
2411.297833
2411.402363
2411.794678
2412.148040
2412.239544
2412.383191
2412.841042
2413.027615
2413.468590
2413.740442
2413.851853
2414.526259
2414.749204
2416.467476
2416.848650
2417.617510
2417.651958
2418.406892
2418.556518
2419.511214
2419.955466
2420.010435
2420.545167
2420.650230
2420.753859
2420.845609
2421.030011
2421.203845
2421.344952
2421.471764
2421.582070
2421.664727
2421.762785
2421.882675
2422.069821
2422.219776
2422.415155
2422.469796
2422.550528
2422.590996
2422.877798
2422.949601
2423.314145
2423.474627
2423.568179
2423.631094
2423.770890
2424.040735
2424.650752
2424.933048
2425.452052
2425.648906
2425.757409
2425.952133
2425.998172
2426.556088
2427.432960
2427.611628
2428.280914
2428.409897
2428.539945
2428.596756
2428.698624
2429.105521
2429.247078
2429.853082
2430.591877
2431.411610
2431.496069
2431.807898
2431.977554
2432.315720
2432.413573
2432.833741
2433.476608
2434.626396
2434.748867
2436.243784
2437.099438
2437.177754
2437.680947
2438.645801
2438.837248
2439.330939
2439.468278
2440.007229
2440.091853
2440.309719
2440.429117
2440.733041
2441.718620
2442.125435
2442.354401
2442.519634
2442.633462
2442.718413
2442.792264
2442.889421
2443.034051
2443.061576
2443.403059
2443.449057
2443.488584
2444.123013
2444.282348
2444.465603
2444.667003
2444.774236
2445.207388
2445.551370
2445.757153
2446.479565
2446.573445
2446.955192
2447.173919
2447.710945
2447.860859
2449.443430
2450.493686
2450.940805
2451.616276
2451.756564
2452.076134
2452.397957
2453.446656
2454.062735
2454.407209
2454.575104
2454.801572
2454.922568
2455.392870
2456.391762
2456.404132
2456.409047
2456.413880
2456.621220
2457.202237
2458.153533
2459.489976
2459.540193
2459.648819
2459.745198
2459.937260
2460.228977
2460.347720
2460.456141
2460.682404
2461.055631
2461.155451
2461.831004
2461.957980
2462.807941
2462.932460
2463.018230
2463.375401
2463.463014
2463.511921
2463.570207
2463.689974
2463.818138
2463.943475
2464.047309
2464.164741
2465.666744
2465.932165
2466.408858
2467.004211
2467.491963
2467.646300
2467.985285
2468.498309
2468.963246
2469.239112
2469.438300
2469.756928
2469.924086
2469.996585
2470.239764
2470.527468
2470.618276
2470.996869
2471.169679
2471.257334
2471.456399
2471.549297
2471.721042
2472.787026
2473.138299
2473.529713
2473.645466
2473.824707
2474.283049
2474.555515
2474.639933
2474.793943
2474.848870
2475.015414
2475.178557
2475.234836
2475.811308
2476.217426
2476.487229
2476.889661
2477.019791
2477.267272
2477.367951
2477.846569
2477.920379
2478.084424
2478.307205
2478.965924
2479.036498
2479.391949
2479.531172
2479.644754
2479.751946
2479.900877
2480.071352
2480.188826
2480.259686
2480.307528
2480.549601
2480.649544
2480.891085
2480.947364
2481.010524
2481.171866
2481.248993
2481.468457
2481.574257
2481.958789
2482.004378
2482.308219
2482.588754
2482.653471
2482.736783
2482.826977
2482.878628
2483.007775
2483.130696
2483.179684
2483.322470
2483.424870
2483.496509
2483.577324
2483.874284
2483.975741
2484.142817
2484.257300
2484.643676
2485.183652
2485.300552
2485.754839
2486.138307
2486.174351
2486.500844
2486.595666
2486.884352
2487.226982
2487.346217
2487.413064
2487.501292
2488.009277
2488.155423
2488.513249
2488.831508
2488.959836
2489.033155
2489.602785
2490.820608
2490.956595
2491.016602
2491.135345
2491.328471
2491.381228
2491.621253
2492.077015
2492.133499
2492.218860
2492.408013
2492.609905
2492.950364
2493.542441
2494.289510
2494.507377
2494.658191
2494.837842
2495.099126
2495.213363
2495.634227
2495.984476
2496.550216
2497.632420
2497.872937
2497.931100
2498.381251
2498.786304
2499.006751
2499.065405
2499.177882
2499.327099
2499.516826
2500.042220
2500.177306
2500.447109
2500.533740
2500.591043
2500.697580
2500.731208
2500.779131
2500.847616
2500.908196
2500.986757
2501.211546
2501.423268
2501.804851
2502.532915
2502.864732
2503.059292
2503.310991
2503.815209
2503.957340
2504.410522
2504.611062
2504.769700
2504.796979
2504.939192
2505.012347
2505.213747
2505.479864
2505.541222
2505.894298
2505.982116
2506.087014
2506.190070
2506.240778
2506.305700
2506.365338
2506.559488
2506.631414
2506.677084
2506.889216
2506.908918
2507.028685
2507.552440
2507.766579
2508.007875
2508.122030
2508.177490
2508.240323
2508.343419
2508.434022
2508.741018
2508.890808
2509.370982
2510.588150
2510.913331
2511.607235
2511.790531
2511.864545
2512.010117
2513.393091
2514.158305
2514.280776
2514.354094
2514.629100
2514.809856
2514.886697
2514.984673
2515.110748
2515.195822
2515.506135
2515.690578
2515.927859
2516.120248
2516.256031
2516.578673
2516.804444
2516.943585
2517.394596
2517.583012
2517.769011
2517.971395
2518.163374
2518.261596
2518.747873
2518.984991
2519.318446
2519.429652
2519.565271
2519.709942
2519.719117
2519.800177
2519.853629
2519.957627
2519.988511
2520.169144
2521.126912
2521.208832
2521.323602
2521.584189
2521.646490
2521.725542
2521.865585
2522.235781
2522.310615
2522.610115
2522.637066
2523.890852
2524.018442
2524.895642
2525.018358
2525.124977
2525.648978
2525.725983
2525.782753
2525.843743
2525.936026
2525.974118
2527.677972
2527.839764
2528.634593
2529.246372
2529.473987
2529.804984
2530.575360
2530.664489
2530.762056
2531.262751
2531.362202
2531.500237
2531.653960
2531.689185
2532.038287
2532.125000
2532.185989
2532.226089
2532.303176
2532.427858
2532.538286
2532.628070
2532.701962
2533.053194
2533.138924
2533.650637
2533.757583
2533.992366
2534.366659
2534.514278
2534.881116
2535.680287
2535.793828
2535.867187
2535.919657
2535.982162
2536.103567
2536.270397
2536.435876
2536.553882
2536.802181
2537.182659
2537.273754
2537.352684
2537.477898
2537.544008
2537.925059
2538.163364
2539.032535
2539.114865
2539.220214
2539.415634
2539.725578
2539.800453
2540.137308
2540.340838
2540.478013
2540.638986
2540.911370
2541.044449
2541.105480
2541.169132
2541.381468
2541.534085
2541.694362
2542.255964
2543.242445
2543.466045
2543.523389
2543.797494
2544.138895
2545.375928
2545.679401
2545.804780
2545.931223
2546.027192
2546.381865
2546.662236
2546.959770
2547.006915
2547.296092
2547.669852
2547.861340
2547.965092
2548.820337
2548.903199
2548.990648
2549.012972
2549.139825
2549.195981
2549.336105
2549.409833
2550.155141
2550.325535
2550.441779
2550.567690
2550.904668
2551.034307
2551.181926
2551.277527
2551.710392
2551.882465
2552.377672
2553.170903
2553.253069
2553.755525
2554.250117
2554.304512
2554.446520
2554.564116
2554.715709
2555.091558
2555.155292
2555.237171
2555.521720
2555.717100
2555.953521
2556.157420
2556.204974
2556.465439
2556.640338
2556.896788
2556.966502
2557.053870
2557.408051
2558.005207
2558.512824
2558.705213
2558.817608
2558.921196
2559.183954
2559.999263
2562.232074
2562.327060
2562.419835
2562.630943
2562.697544
2562.744812
2562.771067
2562.790031
2562.908406
2563.026944
2563.134996
2564.457964
2565.025055
2565.107302
2565.309891
2565.677875
2565.790556
2565.840650
2566.207037
2566.370181
2566.463242
2566.628966
2566.832169
2566.901842
2567.096648
2567.243981
2567.650222
2567.825695
2567.989821
2568.116470
2568.559862
2568.720630
2569.428009
2569.778504
2570.032620
2570.115645
2570.292265
2570.637926
2570.659144
2570.669425
2570.905764
2572.257649
2572.708168
2572.781650
2573.675643
2573.764444
2573.923328
2574.300488
2574.434222
2575.101829
2575.183258
2575.306875
2575.559229
2575.626568
2575.655240
2575.735235
2575.988408
2576.147497
2576.544113
2576.650281
2576.719831
2576.994468
2577.084580
2577.131725
2577.325425
2577.394852
2577.492214
2577.522483
2577.582858
2577.841480
2578.460590
2578.678620
2579.093791
2579.144704
2579.848724
2580.057006
2580.414300
2580.585800
2580.748616
2580.846060
2581.416960
2581.646746
2582.232760
2582.436168
2583.291822
2583.598981
2583.674225
2583.715348
2583.732675
2583.851500
2583.963935
2584.705229
2585.040650
2585.231073
2585.429524
2585.695478
2586.268631
2586.413793
2586.529341
2586.641367
2586.814751
2587.887288
2588.060590
2588.573983
2588.599624
2589.336904
2589.794877
2590.358774
2590.547722
2590.711890
2590.790410
2590.881137
2591.016550
2591.286804
2591.305236
2591.311421
2591.315026
2591.325635
2591.447163
2591.605637
2591.961457
2592.110223
2592.432333
2592.546202
2593.128284
2593.924997
2594.215199
2594.634383
2596.025385
2596.386324
2596.643635
2597.087232
2597.223342
2597.502075
2597.591695
2597.810627
2598.197248
2598.249513
2598.586655
2598.684467
2598.836347
2598.858342
2598.987325
2599.052001
2599.140680
2599.185900
2599.326515
2599.428669
2599.497605
2599.576166
2599.701750
2599.868334
2600.044503
2600.799355
2601.195520
2601.554862
2601.834496
2602.331259
2602.839450
2603.039416
2603.951104
2604.871229
2604.949504
2605.264118
2605.635953
2605.678182
2605.696778
2605.801144
2605.915013
2605.970145
2606.024991
2606.158111
2606.289879
2606.367826
2606.404854
2606.418575
2606.444012
2606.488084
2606.527119
2606.665851
2606.949827
2607.062876
2607.510733
2607.561851
2607.662408
2608.135045
2608.799007
2608.941466
2609.577370
2609.922171
2610.342543
2610.849997
2612.000276
2612.269384
2612.335002
2612.567327
2612.839629
2612.963942
2613.004452
2613.039555
2613.069619
2613.140480
2613.207286
2613.268644
2613.333770
2613.656740
2613.740831
2613.855805
2613.949891
2614.008340
2614.868009
2615.423918
2616.051876
2616.497316
2617.420145
2617.746063
2618.086441
2618.643948
2618.903798
2619.187282
2620.223365
2620.928492
2621.647503
2621.757972
2622.461338
2622.673633
2623.273247
2623.449661
2623.821251
2624.663716
2624.958669
2624.992215
2625.094001
2625.187389
2625.291551
2625.355653
2625.515807
2625.597481
2625.698693
2625.770865
2626.034647
2626.271273
2626.452439
2626.586255
2627.124634
2627.250668
2627.293102
2627.320791
2627.573187
2627.968983
2628.047094
2628.289659
2628.580762
2628.725064
2629.062656
2629.113324
2629.241651
2629.309604
2629.444485
2629.630894
2629.764342
2629.862277
2630.047252
2630.412575
2630.709535
2630.825247
2630.919496
2631.232594
2631.319798
2631.421829
2631.448781
2632.103731
2632.673853
2633.013658
2633.405317
2633.841336
2633.903432
2633.963069
2634.123796
2634.231153
2634.628710
2634.672497
2634.791977
2634.962166
2635.092869
2635.380285
2635.892818
2636.692316
2636.793446
2637.261128
2637.518643
2637.676093
2637.826417
2637.932421
2638.322033
2638.451098
2638.520525
2638.604616
2638.725734
2638.817280
2639.088517
2639.298642
2639.368151
2639.744532
2639.873434
2640.016384
2640.421028
2640.873595
2640.928031
2641.005978
2641.057997
2641.156792
2641.386250
2641.590968
2641.676247
2641.830216
2642.029568
2642.107064
2642.340413
2642.484879
2642.690662
2642.817843
2642.981683
2643.174318
2643.412828
2643.951739
2644.105011
2644.178371
2644.507525
2644.692132
2644.830454
2644.902216
2645.037302
2645.157806
2645.218959
2645.376696
2645.988106
2646.211502
2646.621798
2647.030088
2647.185367
2647.886397
2647.962010
2648.420762
2648.574239
2648.589517
2648.705393
2649.196544
2649.272730
2649.540444
2650.710262
2651.147715
2651.389338
2652.026757
2652.767478
2653.244252
2653.376799
2653.458186
2655.275336
2655.699886
2656.373924
2656.917873
2657.124188
2657.229455
2657.656177
2658.178171
2658.250506
2658.720850
2658.807849
2658.941010
2659.184435
2661.130199
2661.477704
2661.742141
2661.975491
2662.187704
2662.769377
2663.135273
2663.299645
2663.566295
2663.764746
2664.714404
2665.392701
2665.908265
2666.037494
2666.440294
2666.591683
2666.743398
2667.389788
2667.743560
2667.795210
2667.837317
2668.472975
2668.812411
2668.884050
2670.123500
2670.267515
2671.171133
2671.298888
2672.242442
2672.473088
2672.578191
2672.987464
2673.192018
2673.358070
2673.677558
2673.852293
2674.163425
2674.261238
2674.431427
2674.517279
2674.938593
2675.355402
2675.721708
2676.563886
2676.785234
2679.057613
2679.214531
2679.608525
2679.730790
2679.926252
2681.538765
2682.128998
2682.575380
2683.304919
2683.504886
2683.761295
2684.231598
2684.513772
2684.756951
2684.911821
2685.703250
2686.003732
2686.081638
2686.168064
2687.955968
2688.066314
2688.113459
2688.223355
2688.586711
2688.670147
2689.834107
2690.656952
2690.687877
2691.106529
2692.800922
2692.921057
2693.047706
2693.251154
2693.896643
2693.953659
2694.059704
2694.182502
2694.242181
2694.366290
2694.476308
2694.701302
2695.001907
2695.672340
2696.036065
2696.103444
2696.338760
2696.663695
2697.071043
2697.430139
2697.534218
2697.615360
2697.959014
2698.094469
2698.536059
2698.780672
2699.094426
2699.337359
2699.469783
2699.503985
2699.535770
2699.625513
2699.912315
2700.048097
2700.096922
2700.166595
2700.500705
2700.759122
2700.878356
2701.348332
2701.904036
2702.035272
2702.096998
2702.154056
2702.592164
2702.772797
2704.029409
2704.154132
2705.341604
2706.144911
2706.927043
2707.241943
2707.317023
2708.334223
2708.867686
2710.224036
2710.409257
2710.466683
2710.512435
2712.466391
2713.151037
2713.918382
2714.484736
2715.812700
2715.929436
2718.427709
2718.498079
2719.067300
2719.243223
2719.423693
2719.743631
2719.859794
2719.975342
2720.045548
2720.130417
2720.650322
2721.046446
2721.204552
2722.363392
2722.446787
2722.514248
2723.283968
2723.488645
2723.810714
2724.304691
2724.408074
2724.700324
2725.469307
2725.623603
2725.945876
2725.995315
2726.451077
2726.557450
2726.595584
2726.896804
2727.041802
2727.158456
2727.186227
2727.269704
2727.357686
2727.550034
2727.741481
2727.800832
2727.811564
2727.990436
2728.125850
2728.171889
2728.279491
2728.437719
2728.597381
2728.753480
2731.056579
2731.932754
2732.164260
2732.270551
2732.865987
2733.813187
2733.826908
2734.682194
2734.870733
2735.373148
2736.625132
2739.305636
2739.444654
2741.343642
2743.882015
2746.024919
2746.371072
2746.441523
2746.469335
2746.650952
2746.720788
2747.037819
2747.107656
2747.592868
2748.392940
2749.302374
2750.373683
2753.247969
2755.647365
2755.883950
2757.224284
2758.760161
2760.461435
2760.562115
2761.378570
2763.440579
2763.570299
2763.861934
2763.891876
2764.315156
2764.761498
2764.811756
2765.655900
2765.837189
2766.080860
2766.295122
2766.327398
2766.467891
2767.528182
2769.605386
2769.789706
2769.891369
2771.378012
2771.458621
2771.624714
2772.180460
2772.352082
2772.581335
2772.644864
2772.756316
2772.832174
2772.870267
2773.073224
2773.193810
2774.636503
2774.818447
2774.938460
2774.976143
2775.284736
2775.426990
2775.512801
2775.689789
2775.757005
2776.022262
2776.405402
2776.591032
2777.034711
2778.469908
2778.514924
2779.000218
2779.421368
2779.868979
2779.977318
2780.062392
2780.468511
2780.593562
2781.389332
2781.924721
2782.263419
2782.354883
2783.464776
2783.646147
2783.815967
2784.100721
2784.320102
2785.080893
2785.414390
2787.661496
2787.758694
2788.105462
2790.054257
2790.878126
2791.049380
2791.269704
2791.298908
2791.461315
2791.636173
2791.698842
2795.424276
2796.703048
2796.850627
2797.237576
2797.441270
2799.092654
2800.153272
2800.702013
