158.011843
158.080696
158.149345
158.858281
159.216476
159.263089
159.343165
159.658025
159.836897
159.945810
160.228680
160.233677
160.311296
160.324403
160.427090
160.498115
160.580444
160.648929
160.975135
161.333002
161.545257
161.608786
161.636147
162.330378
162.624102
162.891407
162.990326
163.068764
163.351306
163.425239
163.437814
163.640033
163.795026
163.814236
164.034028
164.071424
164.172882
164.231209
164.899512
166.329426
166.368256
166.402703
167.955866
168.007148
168.069202
168.122819
168.163328
168.211825
168.217969
168.226980
168.451031
168.624988
168.855101
169.142272
169.339617
169.391145
169.473597
169.523282
169.638871
169.937306
169.942671
171.259372
171.293573
171.381555
171.619860
171.974369
172.134973
172.223119
172.362711
172.405187
172.498903
172.501934
172.548792
172.626657
172.632515
172.708127
172.712632
172.721111
172.856771
172.943155
173.012910
173.190840
173.221028
173.227868
173.672694
174.010409
174.811955
174.823752
174.944952
175.158313
175.388877
175.523512
175.603425
175.681577
175.732122
175.915254
176.015442
176.022487
176.149914
176.287621
176.406282
176.481812
176.552509
176.751370
176.778076
176.835256
176.854753
176.856474
176.883999
176.894894
176.948920
177.159496
177.175347
177.200292
177.601249
177.827799
178.421309
179.167232
179.206963
179.807068
180.395131
180.414669
180.555694
180.567245
180.842619
180.892058
181.480161
181.537833
181.800305
182.234276
182.571418
183.066993
183.072809
183.136952
183.204454
183.856742
184.006001
184.281170
184.367104
184.508047
184.847892
184.905277
184.908063
185.036145
185.171763
185.737912
185.862431
185.980846
186.211369
186.465157
186.510991
186.661274
187.017175
187.404042
187.481620
187.525243
187.926241
188.549202
188.862546
189.276570
189.302415
189.583196
189.921403
190.056120
190.109532
190.120591
190.339564
190.429676
190.510162
190.522409
190.607360
190.749655
190.787666
190.791270
191.000371
191.011635
191.068447
191.173673
191.202755
191.308677
191.424840
191.840133
191.886787
192.120709
192.218522
192.380477
192.930038
193.010319
193.140572
193.653924
193.700413
193.878999
194.064794
194.267668
194.332590
194.435236
194.439864
194.448220
194.635776
194.770371
194.887475
194.894438
195.101327
195.348685
195.838075
196.243210
196.412785
196.800471
196.967465
197.196390
197.211136
197.255414
197.837373
198.184264
198.267290
198.340895
198.462341
198.488187
198.626550
198.718751
198.824509
198.886277
198.957261
199.252746
199.337001
199.426540
199.476347
200.264540
200.433254
200.467825
200.486830
200.527954
200.866120
201.032090
201.054249
201.301729
201.450906
201.595085
201.697403
201.728492
201.800131
201.802465
201.920020
202.048799
202.049372
202.080461
202.179256
202.694287
203.010785
204.004925
204.120023
204.247941
204.592701
204.913295
205.035807
205.277839
205.412557
205.706650
206.310236
206.372864
206.788731
207.885804
208.698941
208.883548
209.006305
209.202954
209.361961
209.417912
209.450557
209.569710
209.818747
209.868104
210.059264
210.101985
210.667356
210.724577
210.740511
210.795233
210.799206
210.955919
211.024691
211.485082
211.509289
211.601695
211.817062
211.921469
212.016660
213.161288
213.240668
213.287526
213.691802
213.818491
213.826150
214.567772
214.598533
214.674596
214.730793
214.830121
214.989865
215.081288
215.213875
215.231037
215.572152
215.887340
215.980933
216.191508
217.274450
217.411994
217.687613
218.389422
218.501161
218.752123
218.866483
219.599299
219.642921
219.732337
220.462326
220.514304
220.615516
220.661105
220.733891
220.846653
220.887859
220.918456
220.923208
221.186990
221.406290
221.699400
222.180475
222.468301
222.721884
222.727168
223.610880
223.624888
223.732163
223.796675
223.943639
224.151060
224.400466
224.606290
225.149297
225.545626
225.724334
225.787290
225.835909
225.936957
226.717491
226.808832
226.957926
226.961203
227.097764
227.205448
227.340984
227.451453
227.529851
227.641467
228.025836
228.290683
228.298875
228.535624
228.808294
229.061468
229.121516
229.143265
229.919949
229.972419
230.498632
230.592389
230.656778
230.708593
231.624909
231.675863
232.337981
232.446566
232.588452
232.730419
232.943370
233.036390
233.137275
233.197814
233.701171
233.800212
234.288783
234.321879
235.464294
235.613798
236.007588
236.086395
236.427387
236.472402
236.480799
236.573778
236.691907
237.114204
238.066770
238.072177
238.097531
238.764360
238.855946
238.931804
239.014789
240.084419
240.255345
240.277217
240.420250
240.881582
241.113743
241.132749
241.792573
242.073969
242.342502
242.482258
242.989261
243.114107
243.463741
243.466527
243.480986
243.645891
243.898532
243.941130
244.016456
244.192870
244.564664
244.887142
244.889477
244.938424
244.994130
245.460173
245.555200
245.580800
245.710684
245.915361
246.101115
246.617416
246.685819
246.866534
246.892175
247.019971
247.185818
247.308411
247.563633
247.686390
247.838228
247.855800
247.999898
248.031437
248.425472
248.787722
249.362145
249.669509
249.690194
249.829335
249.924321
250.248561
250.719396
251.448238
251.697398
252.995297
253.057024
253.581271
253.651681
253.931110
253.996646
254.069801
254.087782
254.142874
254.491976
254.564598
255.152456
255.307735
255.462359
255.597527
255.676006
255.703900
255.753216
255.829279
257.006797
257.056195
257.506796
257.604977
257.704878
257.844347
257.898291
258.053243
258.818376
259.202540
260.497900
260.513546
260.556186
260.758446
261.853430
262.263890
262.576046
262.641500
262.737347
262.767247
262.803046
263.341179
263.359939
263.412613
263.544136
263.568794
263.900365
264.563384
264.648458
264.802345
264.809349
264.831631
264.954511
264.962212
265.139446
265.367183
265.609298
265.671598
265.675366
265.720177
265.802752
265.867960
266.153984
266.176143
266.793001
266.848625
267.042857
267.298120
267.464745
267.616297
267.710546
267.768013
267.833549
267.912806
267.984241
268.236063
268.358492
268.389745
268.485059
269.075743
269.152420
269.167411
269.902316
269.938483
269.973504
270.315233
270.379704
270.748590
270.864548
270.898094
271.117476
271.438889
271.602770
272.530555
272.534569
272.582533
272.584704
272.650650
272.844513
273.264435
273.501471
273.807319
274.188083
274.561270
275.330171
275.387924
275.412500
275.628278
275.644170
275.697295
276.064215
276.364370
276.843602
277.231124
277.289492
278.063964
278.199296
278.272983
278.612664
278.698516
278.732841
278.911222
279.035904
279.357440
279.417815
279.467336
279.557202
279.680655
279.857684
279.955825
280.114463
280.449270
280.707359
280.764826
280.911503
281.227878
281.544909
281.618186
281.723412
281.872876
282.871644
283.072020
283.319788
283.612611
283.746017
284.141691
284.315771
284.387574
284.463391
284.720210
284.919562
285.001032
285.538509
285.955564
286.411448
286.479483
286.821745
286.947082
287.176417
287.282790
287.388754
287.587246
287.977185
288.148521
289.386004
289.557668
289.684767
289.725194
290.367283
290.411602
290.553938
290.879488
291.095429
291.285811
291.441050
291.504333
291.604070
292.544020
292.558316
292.733542
293.571830
293.581210
293.736407
294.226903
294.656573
294.984458
295.094968
296.158167
296.288092
296.545280
296.656814
296.804639
296.811069
297.032827
297.415025
297.533686
297.764413
297.856410
298.157261
298.199122
298.309714
298.331505
298.591846
298.609377
298.792673
298.833101
298.940293
299.096187
299.254170
299.347763
301.045391
301.067715
301.475799
301.558907
301.569884
301.941760
301.980836
302.056899
302.444298
302.892278
303.129928
303.292744
303.304172
303.329976
303.909396
304.205537
304.322970
304.528179
304.766321
304.801669
304.811254
304.907305
305.043784
305.956291
306.060288
306.065859
306.667766
306.699551
307.116155
307.192259
307.251405
307.282698
307.814277
307.889971
307.908198
308.397179
308.863918
308.925481
309.228298
309.535293
309.749309
310.206218
310.377103
310.644572
310.935388
311.328686
311.430636
312.445870
312.682496
312.756879
313.208300
313.332613
313.446851
313.475236
313.524634
313.636618
313.907610
314.045317
314.171433
314.859192
315.333755
315.939062
316.156027
316.983009
317.087949
317.830963
319.214469
319.329731
320.195953
320.552591
320.755384
320.854016
321.352376
321.718477
321.751613
321.940562
321.957478
322.000077
322.459279
323.428311
323.490652
323.726787
324.090921
324.784947
324.970291
325.385093
325.414584
325.743780
325.774459
326.266511
326.268682
326.385910
326.421627
326.430884
326.774170
326.993306
327.529267
327.535452
327.682744
327.759749
327.763190
327.851909
327.954964
328.070636
328.163492
328.557527
328.632566
328.881725
329.085624
329.548923
329.664225
329.680036
329.811517
330.043597
330.523730
330.626703
331.087749
331.185521
331.328389
331.337605
331.905147
332.048261
332.292874
332.383887
332.425257
332.459008
333.469204
333.507953
333.892567
335.741706
335.805440
335.938191
336.051732
337.532150
337.628119
337.639424
337.682350
338.514944
338.560614
338.740101
339.140567
339.160269
339.183903
339.579412
340.920361
341.000765
341.052580
341.363794
341.664645
341.800428
341.934244
341.942436
342.386401
343.288259
343.553843
343.565394
343.687823
343.765770
344.638505
346.075668
346.584678
347.096310
347.231027
347.420754
348.257526
348.283453
348.519997
348.623380
348.634849
348.653322
348.666143
349.200794
349.598188
350.211400
350.643937
350.810112
350.828012
351.001190
351.008276
351.626240
352.134021
352.695951
353.061642
354.289050
354.461491
354.555290
354.600428
355.112919
355.203031
357.514199
357.731369
358.008381
358.572278
359.735624
360.395530
360.749097
360.932147
360.964301
360.985108
361.052242
361.134531
361.576284
361.945866
362.148577
362.384589
362.431365
362.962985
363.021681
363.270922
363.697029
364.538921
365.274972
365.485834
366.303764
366.349312
366.363361
366.540882
366.773125
367.146271
367.850168
368.017613
368.143114
368.406774
368.479724
368.505897
368.586465
369.070285
370.356265
370.372403
370.614149
370.711552
370.826813
370.893455
371.478651
371.510641
371.627663
371.786301
371.856835
371.900785
371.907461
371.915203
372.115988
372.138762
372.305388
372.386611
372.452393
372.806287
373.105377
373.321277
373.391974
373.558927
373.571011
373.574738
373.731779
373.780193
373.815828
373.817836
374.251438
374.807552
375.655711
375.903232
376.411095
376.639160
376.695480
377.442959
377.512673
378.610770
378.683802
379.703583
379.759329
379.854520
380.025733
380.052521
380.214559
380.391301
380.449628
380.528312
381.057843
381.164216
381.208494
381.328220
381.409485
381.443973
381.592986
381.693338
381.929595
382.322729
382.635950
383.874662
383.903007
384.439624
384.707994
385.134756
385.259315
385.286676
385.293271
385.296097
385.415537
385.972388
387.769836
387.795313
387.944735
388.178657
388.854456
389.359903
389.382840
389.411103
389.477048
389.489500
389.507564
390.421955
390.777160
391.220429
392.120893
392.350720
392.465531
393.040036
393.169961
393.258066
393.302180
393.329869
393.823191
394.127565
394.294600
394.506199
394.520166
394.939884
395.312374
395.409859
395.455488
395.468063
395.559322
395.822408
395.854111
395.880817
396.019589
396.429271
396.857221
397.082419
397.195387
397.382124
397.728440
397.857055
397.999145
398.105231
398.131814
398.139556
398.240236
398.429430
398.827397
399.024292
399.055872
399.082373
399.101379
399.468462
400.441795
400.937411
401.089167
402.224538
402.273362
403.601736
404.672840
405.008712
406.018990
406.030950
406.055731
407.012598
407.809516
408.365384
408.371200
408.740864
409.083412
409.217229
409.461719
409.975685
410.176594
410.252247
410.546708
411.265802
411.530404
411.913544
411.951186
412.597740
412.619981
413.182034
413.309256
413.644308
414.231675
414.487388
414.523965
414.809334
415.003771
415.300526
415.330959
415.609569
415.947325
416.604938
416.911196
418.183004
418.544845
418.979963
418.992906
419.095142
419.206758
419.319480
419.413729
419.589816
419.727196
419.811451
420.012114
420.128276
420.511744
420.594975
420.616151
420.877312
420.951900
420.972749
422.139412
422.410199
422.667878
422.819799
423.476879
423.892582
424.566047
424.797676
425.099756
425.194619
425.780224
425.835069
426.221158
426.827735
427.048837
427.077550
427.103601
427.172372
427.229143
427.743027
427.833467
428.068045
428.289270
428.317573
429.438403
429.444260
429.546332
430.074429
430.275420
430.334648
430.649590
430.873846
430.926070
430.936556
430.947615
431.020769
431.061688
431.318917
431.329935
431.345582
431.347671
431.615140
431.834726
432.312566
432.387154
432.636068
432.847872
432.902676
432.941629
434.188943
434.635735
434.679276
435.618857
435.636183
435.704996
435.900826
436.247224
436.253041
436.522680
437.586371
437.591736
437.614633
437.768970
437.809848
437.863342
438.625853
438.769623
438.987571
439.091323
439.259013
439.283548
439.434445
439.597548
439.769498
439.927521
440.021606
440.109138
440.297103
440.306852
440.459018
440.512102
440.572682
440.671887
440.794767
440.860180
440.932065
441.059205
441.941893
442.014966
442.017956
442.995057
443.133993
443.312742
443.454095
444.323676
444.659671
444.785500
444.853453
445.336412
445.773292
446.450360
446.575739
447.277548
447.594086
448.245514
449.413571
449.536123
449.610916
449.624392
449.726996
449.998152
450.460631
450.651136
451.043410
451.083715
453.137695
453.235057
454.419497
455.058145
455.099064
455.270973
455.855923
456.229356
456.233943
456.392335
456.678072
456.766915
456.997765
457.143378
457.276989
457.791119
457.910108
457.929073
458.237542
458.906378
459.445125
459.905434
460.050719
460.399944
460.565463
461.165609
461.235610
461.535478
461.787546
461.897605
463.011799
463.827845
464.731587
464.781230
465.204470
465.412710
465.462313
465.805599
466.408202
466.554102
466.681569
467.021824
467.443466
468.271473
468.730020
468.748984
468.771717
469.142569
469.446042
469.488681
469.637079
469.805957
470.559171
471.162388
471.235092
471.241564
471.243530
471.392829
471.446282
471.856210
472.141660
472.160952
472.393073
472.751391
472.841175
472.913060
473.056420
473.087713
473.181184
473.265807
473.270354
473.281782
474.204733
474.859192
474.890650
475.171922
475.320115
475.382989
475.978260
476.016927
476.092785
476.312044
476.358656
476.371067
476.788900
476.888596
476.959744
477.534454
477.633618
478.057185
479.193416
479.218565
479.553454
479.559885
479.693619
479.796101
479.906284
480.051651
480.186040
480.265912
480.344924
480.440730
480.766648
481.070490
481.249485
481.286799
481.471201
481.640079
481.864704
482.563318
483.545375
484.126269
484.499743
485.163131
485.354824
485.388984
486.402007
486.472294
486.632038
487.170662
487.971062
488.114668
488.330936
488.519352
488.757207
489.647718
491.215913
491.606671
491.846943
492.143616
492.358205
492.774973
492.821258
493.595238
493.708452
493.946675
494.502134
494.534124
494.566277
494.643528
495.684567
495.940608
496.176005
496.620995
497.413816
497.528832
497.568195
498.513428
498.776515
498.820014
499.013427
499.190825
499.193733
499.310633
499.330253
499.727442
499.865027
499.915694
500.290765
500.558889
500.862648
501.003592
501.645435
503.112704
504.325243
505.220465
505.508004
505.827205
506.082632
506.365256
506.490266
506.679091
507.044168
508.632187
508.711158
509.274563
509.290701
509.589668
510.206935
510.281318
510.775050
511.036088
511.110226
511.126528
511.213486
511.420785
511.680307
511.711027
511.728763
512.010772
512.047964
512.075530
512.166748
512.198574
512.396206
512.504996
512.731382
512.828457
513.000980
513.151140
513.179853
513.297531
513.320960
513.612349
513.709752
513.888092
513.937326
514.279629
514.319811
514.334761
514.932654
515.328696
515.724288
516.192297
517.145149
517.251195
517.369733
517.615616
518.148301
518.219366
518.747955
518.826926
519.003423
519.210148
519.310377
519.535780
519.844905
519.880909
519.935181
520.242913
520.589926
521.074074
521.227510
522.362429
522.437837
522.931118
523.440046
523.772518
523.866604
524.568125
524.763013
525.345055
525.745316
526.244004
526.316134
526.352835
527.249531
527.409562
527.798886
527.922831
527.928279
528.167690
528.356680
528.769843
529.557791
529.781064
530.142044
530.508145
530.662277
530.715361
531.014083
531.297321
531.466486
531.545047
532.164936
532.657480
533.124588
533.542134
533.632082
535.500022
536.157798
536.883405
536.914575
537.120276
537.346089
537.751634
538.071491
538.227384
538.387374
538.650911
539.040563
539.212308
539.729347
540.013076
540.022129
541.523190
542.221885
542.741791
542.990213
543.502172
543.536087
543.834153
543.928771
544.643359
544.830710
544.838451
544.886170
545.302938
545.322107
545.611530
545.954079
546.191196
546.258125
547.083592
548.305961
548.491305
549.080064
549.150515
549.275894
549.456241
550.065234
550.229115
551.400899
551.497974
551.523041
551.713792
551.912407
552.311890
552.384799
552.509522
552.945582
553.231606
553.458647
553.708585
553.712435
553.720709
554.219930
554.395197
554.710712
554.898555
555.282801
555.308401
555.351081
555.414774
555.590943
555.715461
555.720212
555.750072
556.172001
556.186911
556.232172
556.292547
556.808315
556.827648
556.945572
557.092782
557.365944
557.766861
558.002749
558.292582
558.420623
558.660076
558.726554
558.885970
558.949908
558.971986
559.038054
559.127142
559.152783
559.226921
559.285330
559.402803
559.513272
559.727002
559.885435
560.027812
560.125338
560.129761
560.294175
560.390267
560.395796
560.478700
560.526172
561.624105
562.356716
562.397921
562.419548
562.456248
562.632499
562.651709
562.790318
562.806088
562.819850
562.825626
562.894807
562.982380
562.998559
563.300311
563.412582
563.486188
563.490243
563.749069
563.821199
563.835044
564.224246
564.402749
564.567941
564.605952
564.748083
564.794819
564.805386
564.946002
565.047050
565.153710
565.162598
565.330821
565.374198
565.376287
566.421176
566.503629
566.713836
567.005389
567.010918
567.339254
567.401267
567.431168
567.816520
567.922319
568.052204
568.116183
568.159437
568.303944
568.442225
568.559985
568.665989
568.721244
568.725955
568.849940
569.299640
569.324175
569.395405
569.461473
569.792102
569.832243
569.927066
570.082796
570.187940
570.469417
570.539213
570.887619
570.902938
570.912481
571.043389
571.252695
571.665326
571.700183
571.786691
571.831296
572.592988
572.608676
572.692439
572.951183
573.073654
573.315318
573.722870
574.030520
574.817567
575.201853
575.258296
575.646351
576.025928
576.677765
577.622180
579.928064
579.982213
580.024852
580.138639
580.156006
580.323123
580.738212
580.964844
581.825085
582.159237
582.540657
582.886318
583.238246
583.647846
584.110694
584.119296
584.183398
584.698839
584.843182
584.961311
585.346048
586.231685
587.288986
587.752161
588.126126
588.140790
588.490260
588.527739
588.738847
589.043589
589.052150
589.265838
589.411942
589.847798
589.922632
590.166467
590.172570
590.180065
590.190797
590.249083
590.431273
590.784266
590.804705
590.852219
590.931681
591.122964
591.344763
591.404892
591.463916
591.971369
592.082125
592.121487
592.199434
592.374620
592.442778
592.483697
592.962109
592.966943
592.969851
593.328906
593.696236
593.709343
593.843732
594.171208
594.221507
595.488440
595.671859
595.810304
595.911434
596.170260
596.235796
596.333937
596.416184
596.849705
597.138022
597.310669
597.404180
597.628477
597.832868
597.888082
598.333071
598.471803
598.601359
598.798991
598.899548
599.285268
599.321395
600.077435
600.096604
600.565883
600.584069
600.849777
601.039053
601.435955
602.353664
602.805330
602.929111
603.286323
603.503493
604.186337
604.929597
605.453804
605.471744
605.494149
605.523681
606.015242
606.551695
607.175967
607.201690
607.872164
608.251617
608.784712
608.793313
609.203036
609.237524
609.259807
609.367122
609.482752
609.576141
609.644462
609.755955
609.878221
610.125332
610.307072
610.409431
610.497905
610.794004
611.074417
611.302605
611.568189
612.338729
612.691886
613.048033
613.079900
613.158871
616.005919
616.095539
616.278467
616.424571
616.688230
616.903680
617.035448
617.378775
617.946767
618.439598
618.792182
618.826957
618.891223
619.001242
619.043103
619.257569
619.409777
619.461591
619.552072
619.616051
619.687731
619.701617
619.808154
619.904000
619.958968
620.117238
620.302090
620.375818
620.415590
620.470845
620.873933
621.115556
621.458268
621.532570
621.597737
621.621494
621.711360
621.764936
622.126981
622.453719
622.513562
623.241544
624.395919
624.465879
624.866673
624.953303
625.388421
625.587077
625.640038
625.778156
625.869373
625.903944
626.039398
626.174280
626.398167
626.467389
626.588344
626.692096
626.894152
627.332588
627.747922
627.805266
628.023337
628.434944
628.785316
628.799857
629.530829
629.844787
630.048236
630.474588
630.587392
630.701629
631.028982
631.158579
631.212401
631.432356
631.487529
631.614956
631.863337
631.888773
631.971799
632.003011
632.059986
632.626299
632.674222
632.779858
633.618473
633.765274
635.237908
636.446269
637.147177
637.425050
638.249452
638.348902
638.567260
638.957199
639.101174
639.827763
640.130826
640.314122
640.785449
641.243873
641.478451
641.736131
642.264187
643.825336
644.506952
644.638802
645.130322
645.520015
645.836145
646.988390
647.060275
647.531356
647.744184
648.008294
648.134574
648.300012
648.697897
648.746762
649.066824
649.463316
649.644851
649.791529
649.886802
650.036756
650.335150
650.817085
651.440046
651.624653
651.846083
652.766700
653.155082
653.174579
654.582538
654.711357
654.741996
655.099576
655.721595
655.731794
656.545546
656.793149
657.028915
657.410212
658.119434
658.575647
658.884854
658.946048
659.359580
659.479839
659.585434
661.533450
662.220431
662.428754
662.675907
663.569736
663.829258
664.464097
664.883405
665.505260
666.461225
666.649477
666.984653
667.078574
667.123302
667.374141
667.472732
667.633459
667.716076
667.953725
667.990344
668.104294
668.580495
669.025403
669.484974
669.733724
669.898220
669.957612
670.199153
670.217175
670.611948
670.983209
671.113871
671.447409
671.462892
671.844393
671.995085
672.699965
673.326080
673.411277
673.503805
673.692508
673.726628
673.744077
674.117550
674.164736
674.501345
674.763325
675.092316
675.496755
676.415324
676.848435
677.561713
678.372598
679.006167
679.685693
680.120607
680.334418
680.825037
680.953201
682.114744
682.317947
682.538967
683.499233
683.722056
684.050350
684.525158
684.817449
684.918948
684.992020
685.148201
685.159997
685.327770
685.618340
685.872988
686.812774
687.020605
687.622513
687.708692
688.086958
688.157204
688.187802
688.278856
688.322888
688.398582
688.443761
688.600310
688.742851
688.778035
688.791675
688.992133
689.120502
689.299907
689.351598
689.486643
689.932943
690.055291
690.819809
690.885960
690.998641
691.128402
691.672310
693.644698
693.653094
693.696184
693.856051
693.859983
693.868995
694.040003
694.049505
694.087885
694.093783
694.115328
694.163661
694.241608
694.361784
694.460088
694.543237
694.685573
695.117865
695.360717
695.472988
695.575265
695.706583
695.766548
695.846298
695.868948
696.276009
696.470897
696.823398
697.423749
697.541181
697.967288
697.981051
698.337649
698.390774
698.423624
698.890199
698.926367
699.075625
700.107162
700.191457
700.218122
700.364636
700.572221
700.996035
701.030031
702.065500
702.199767
702.288650
702.534410
702.586593
702.712668
702.837350
703.030313
703.270502
703.431025
703.479235
703.857091
703.942779
704.200540
704.288768
704.742441
704.774349
705.904189
706.081956
706.767790
706.797363
706.967470
707.006259
707.123118
707.305062
707.361055
707.371131
707.480740
708.084900
708.613693
708.749640
709.892833
711.061873
711.231119
712.306115
712.460780
713.216287
714.179953
714.560594
715.003167
715.136532
715.165819
715.350999
715.511439
716.013199
716.171674
716.335268
716.744294
716.876841
716.977029
717.075866
717.978378
718.177321
718.507909
718.796554
718.835220
718.840791
718.975590
719.041454
719.055299
719.198372
719.439217
719.620260
719.741297
719.774351
719.893463
719.956296
720.394691
720.885842
721.169244
721.216184
721.436385
721.455350
721.470874
722.062090
722.488279
722.704220
723.265044
723.587523
723.608453
723.891651
724.463206
724.632330
725.391155
726.065029
726.575391
726.667100
726.978355
727.307633
727.416259
727.593492
727.673405
727.876157
728.014356
728.547942
728.860140
729.989284
730.077635
730.732134
730.776822
732.234506
732.608553
732.675686
733.392077
733.625958
733.792707
734.078280
734.189896
735.422915
735.441592
735.540920
735.811420
736.542392
736.578765
736.587530
736.838984
736.851313
736.897065
737.165640
738.083963
738.667643
738.824520
738.876621
739.093504
739.523133
740.615782
741.169684
741.741855
809.893315
809.949020
809.986130
810.057523
810.074522
810.331054
810.548879
810.610483
810.649764
811.195433
811.404124
811.948114
812.403343
812.660490
812.962693
813.881098
814.249533
814.467441
814.668186
815.180063
815.525601
816.348447
816.701440
816.763986
816.840827
816.993034
817.127793
818.564956
818.869084
819.298058
819.391775
819.415654
820.179476
820.289700
820.311900
820.331807
820.591534
820.772618
821.459558
821.531525
821.670339
822.468116
822.471721
823.088456
823.146947
823.215923
823.294648
823.446856
823.485399
823.660954
823.987978
824.238858
824.368333
824.818975
825.103401
825.387786
825.871565
826.040115
827.289518
827.735613
827.786117
828.237660
828.351857
828.368486
828.487680
828.981330
828.992348
829.150945
830.131159
830.270218
830.978048
831.419433
832.863601
832.964567
833.169572
833.314324
833.649500
833.709793
833.848975
834.086216
834.168709
834.927124
835.254272
835.288351
835.341148
835.440599
835.493683
835.574784
836.016947
836.080435
836.115866
836.414382
836.601242
836.954972
837.509407
837.575025
837.645926
837.711913
837.829100
838.575350
838.576210
838.777938
839.072317
839.313326
839.389471
840.356905
841.824297
842.363904
842.532782
842.826670
842.949386
843.163730
843.249418
843.277394
843.706900
843.793121
843.808891
843.904246
843.981128
843.999724
844.144968
844.495954
844.528763
844.769894
844.884951
845.477069
845.672407
846.089667
846.092820
846.132388
846.478254
846.750433
846.753505
847.136358
847.860777
848.009175
848.040714
848.143524
848.496312
848.564306
849.031045
849.377649
849.389363
850.467430
850.565448
850.592113
850.931876
851.031777
851.207250
851.217367
851.251364
851.321897
851.622707
851.627295
851.698074
851.835167
852.032553
852.148429
852.313948
852.545413
852.818248
853.040701
853.239357
853.670257
853.872189
854.373417
854.463283
854.829507
855.120077
855.568998
855.717396
855.730422
855.761265
856.172708
856.310538
856.327086
856.515543
856.747500
856.962458
857.031762
857.069814
857.256714
857.376809
857.401549
857.638339
857.762447
857.892864
858.104504
858.127114
858.327040
858.444677
858.457170
858.587013
858.592297
858.804879
858.844938
859.191173
859.711775
859.915960
860.443607
860.478669
861.136855
861.567713
861.672858
861.685719
862.061199
862.705951
862.850376
862.873600
863.175066
863.238390
863.274148
863.301140
863.329198
863.483699
863.782625
864.579830
864.612434
864.809206
865.016381
865.448100
865.610179
866.233098
867.281674
867.735265
868.268810
868.308009
868.974633
869.101036
869.229404
869.291663
870.013583
870.546719
870.750577
870.766060
871.105208
871.359734
871.666934
871.709573
872.143831
872.207032
872.368906
872.521318
872.533279
872.631419
872.914166
873.039462
873.364439
874.812211
874.920018
875.060716
877.522944
877.972316
878.467523
878.960886
880.023265
880.597320
880.855900
880.872038
881.385554
881.638031
881.651220
881.705615
881.719050
881.901158
882.293514
882.478531
882.523218
882.596495
883.257631
883.415532
883.640525
883.858514
883.922412
884.003758
884.427940
884.528906
884.886282
885.108244
885.216993
885.229158
885.234237
885.414707
885.903237
886.219653
886.367683
886.505554
886.698189
886.796493
886.961316
886.967706
887.012844
887.639695
887.803904
888.673772
888.677745
888.808858
888.854528
889.115771
890.463437
890.839818
890.872013
890.914243
890.967654
891.040522
891.269202
891.416248
891.441398
891.517460
891.531674
891.542979
892.700385
893.664092
894.242980
894.323753
894.347633
894.522491
894.758912
895.450030
895.521833
895.608627
895.619031
895.784632
895.972639
896.079176
896.262922
897.228308
897.814159
898.024202
898.109850
898.234491
898.350285
898.366013
898.386207
899.069706
899.370516
899.524731
899.866993
900.907254
901.720105
901.755372
901.929329
902.021571
902.206177
902.268846
902.348964
902.520422
903.280599
903.512965
903.710392
904.135803
904.552325
904.630477
904.634491
904.649564
904.652636
905.236521
905.590989
905.618391
906.013000
906.103972
906.567188
906.709361
906.777231
907.146895
907.236229
907.395604
907.842888
907.972239
908.203090
908.327608
908.385526
908.397568
908.436808
908.744376
909.091389
909.282673
909.526835
909.582500
909.597000
909.851075
910.289469
910.309130
910.431846
910.519951
910.604534
910.798684
910.882570
910.933852
911.681577
911.894651
912.333537
912.393667
912.504340
912.640123
913.049272
913.439457
913.977631
914.064138
914.706145
915.550577
916.352041
916.467835
916.987822
917.095260
917.215396
917.532713
918.004081
918.017475
918.030950
918.104883
918.157967
918.278758
918.346588
918.818120
919.313326
919.631340
919.684383
919.739228
920.000963
920.118968
920.236237
920.319468
920.506081
920.921334
920.936571
921.944474
922.371236
922.398966
922.564362
923.205345
923.385283
923.481211
923.496735
923.793654
923.951677
924.453888
924.496773
924.523848
924.713943
925.025567
925.237535
925.853614
925.973668
926.252073
926.682563
926.884659
927.010734
927.419761
928.359711
928.424878
928.535306
928.665641
928.682721
928.787702
928.944660
929.084293
930.338980
930.547794
931.084698
931.169362
931.578921
932.113080
932.179272
932.225556
932.445307
932.586701
932.902298
933.130813
933.484462
933.552005
933.689016
933.764956
933.835899
933.965087
934.068879
934.105006
934.198190
934.775972
935.331635
935.387177
935.703675
935.846830
935.949476
935.961682
935.998505
936.351867
936.428298
936.883773
937.044173
937.169428
937.707438
937.880658
938.169057
938.302382
938.576323
938.627973
938.633503
938.722181
938.926039
939.050353
939.319009
939.367014
939.611218
939.631002
939.682365
939.702026
939.860828
939.905925
939.993375
940.171715
940.269117
940.383191
940.460196
940.640748
940.712714
940.926730
940.983337
942.083236
942.155080
942.244413
942.463222
942.630871
943.046779
943.218237
943.220244
943.269151
944.355041
944.708403
944.789791
945.207009
945.227203
945.262838
945.338655
945.354629
945.382728
945.433559
945.538826
945.605018
945.648067
945.720893
945.912873
946.418237
946.470953
946.695168
946.899640
947.126886
947.195904
947.288023
947.519037
947.542712
947.556065
947.561923
947.610419
947.694060
947.733094
947.816694
947.842458
948.275692
948.300923
948.323574
948.338770
948.384973
948.421263
948.442440
948.508262
948.525179
948.576133
948.660797
948.818862
948.834509
948.839752
948.888863
949.042094
949.434491
949.506703
949.534679
949.624054
949.681684
950.027919
950.196756
950.703677
951.065887
951.252337
951.911997
952.071741
952.199086
952.223171
952.349860
952.496947
952.577475
952.584765
952.597709
952.598815
952.637071
952.725422
952.739226
952.748810
952.766915
953.344492
953.430958
953.511485
953.556132
953.663488
954.081649
954.221773
954.614170
954.715218
954.999931
955.107451
955.238851
955.428536
955.452006
956.010660
956.232049
956.372255
957.155287
957.262479
957.294715
957.483540
957.834363
958.187971
958.366351
958.489027
958.849311
959.397560
959.603876
959.937208
959.996805
960.091177
960.093102
960.201646
960.610836
960.637788
960.698900
960.720118
960.899441
961.079788
961.134715
961.307730
961.509827
961.693491
961.702339
962.033910
962.209423
962.227651
962.363679
962.439987
962.589819
962.705490
962.739405
962.835415
963.309896
963.410534
963.531203
963.690783
963.807027
963.820216
963.884278
964.060488
964.183736
964.356055
964.554547
964.557742
964.657275
965.123113
965.583135
965.592842
965.644820
965.774868
965.880381
965.929615
965.941371
965.945262
965.948334
965.988352
966.042829
966.126100
966.220227
966.262579
966.353101
966.453944
966.786048
967.004897
967.023493
967.065887
967.090790
967.579075
967.699702
968.159150
968.262205
968.566538
968.615322
968.618885
968.637891
968.974787
969.284977
969.310044
969.458156
969.525780
970.171474
970.578657
970.620969
971.062968
971.359150
972.167741
972.361155
972.382904
973.502013
973.714760
973.794140
973.840015
973.982228
974.118912
975.195873
975.363932
975.698002
975.967478
975.973663
976.011305
976.630784
976.657203
976.909844
977.065738
977.080115
977.143562
977.373143
977.427415
977.609073
978.178990
978.526904
978.668298
980.484547
980.600054
981.225595
982.179267
982.236611
982.497239
983.398564
983.552860
983.710802
983.743119
983.821844
983.825940
983.923794
984.001004
984.056177
984.306975
984.363868
984.391557
984.403886
984.635105
984.747500
985.005629
985.139978
985.351578
985.414410
986.059121
986.467369
986.719969
986.801152
987.823063
987.918008
988.118467
988.962447
989.095649
990.109082
990.213530
990.382039
990.473134
991.085937
991.368151
992.106742
992.131604
992.667648
993.443594
993.672888
994.461901
994.845655
995.052954
995.819397
995.937772
996.186399
996.446003
996.458332
996.602020
996.672963
996.834836
996.861788
996.879524
996.885381
996.911350
996.959601
996.990935
997.024727
997.410816
997.479711
997.494456
997.633556
997.838397
997.866455
998.003261
998.295552
999.006618
999.759176
1000.083784
1000.247132
1000.268718
1000.381481
1000.670495
1000.943944
1001.226568
1001.676145
1001.960243
1001.994035
1002.243523
1002.374308
1002.888561
1003.061125
1003.979244
1004.355912
1004.494848
1004.640829
1005.098189
1005.125059
1005.882081
1006.711726
1006.837842
1007.009669
1007.192596
1007.489556
1007.526666
1007.621079
1007.813837
1007.943762
1009.068483
1009.492460
1009.874330
1011.049103
1011.220193
1012.923187
1013.597266
1013.659443
1014.327255
1014.446039
1014.874808
1014.893281
1015.507395
1015.789117
1018.672947
1019.293942
1019.969946
1020.237251
1021.583811
1022.141153
1022.497300
1022.637998
1022.681006
1022.903869
1022.950277
1023.016428
1023.053455
1023.075041
1024.347177
1024.351887
1024.356147
1024.488980
1024.581550
1024.616366
1024.624189
1024.696484
1024.928645
1024.997704
1025.050337
1025.808179
1025.823785
1025.922499
1025.948426
1026.200781
1026.666168
1026.770125
1027.190743
1027.392348
1027.479552
1027.500524
1027.555410
1027.571466
1027.959153
1028.651622
1028.881900
1029.412659
1029.895782
1030.099968
1030.395658
1030.780150
1030.820250
1030.935347
1031.457628
1031.875256
1031.955210
1032.239800
1033.038725
1033.788170
1034.017260
1034.099016
1034.788700
1034.859233
1035.167171
1035.259167
1036.105851
1036.207596
1036.432753
1036.595610
1036.601262
1036.726518
1036.877947
1036.949217
1037.246382
1037.567017
1037.572833
1037.708943
1037.768294
1037.814006
1037.860577
1037.878272
1037.932380
1039.293030
1039.530598
1039.627018
1039.795773
1040.115016
1040.365076
1040.434790
1041.560576
1041.669530
1041.693082
1041.943552
1041.994834
1042.885714
1043.194266
1043.227238
1043.400376
1043.412746
1044.293550
1046.594478
1046.653911
1047.330816
1048.753439
1049.184584
1049.282191
1049.345556
1049.476055
1049.491046
1049.536307
1049.612206
1049.653453
1049.723740
1049.817129
1049.900196
1049.978798
1049.988014
1050.212884
1050.308731
1050.367468
1050.386350
1050.407526
1050.486415
1050.498621
1050.602455
1050.619331
1051.010621
1051.028316
1051.041546
1051.222016
1051.806474
1052.126740
1052.290867
1052.636529
1052.751913
1053.091881
1054.127841
1054.390927
1054.406287
1054.940570
1055.191368
1055.316951
1055.337718
1055.353651
1055.593062
1056.673628
1056.777503
1056.865731
1056.884654
1056.890020
1057.033339
1057.036861
1057.122796
1057.159619
1057.342546
1057.350369
1057.355612
1057.570939
1058.526126
1058.629714
1058.973000
1058.991309
1059.051930
1059.085640
1059.197870
1059.479798
1059.656008
1059.798876
1059.841843
1059.955261
1060.035707
1060.068024
1060.128809
1060.163502
1060.195082
1060.211835
1060.225516
1060.276101
1060.286423
1060.315873
1060.364575
1060.419379
1060.443914
1060.518502
1060.621517
1060.637450
1060.644168
1060.705772
1060.810342
1061.451080
1061.511823
1061.611028
1061.887836
1061.943337
1062.040494
1062.175826
1062.192906
1062.341878
1062.347325
1062.590013
1063.105495
1063.307264
1064.472371
1065.025905
1065.053348
1065.403433
1065.531433
1065.675284
1065.868739
1065.977037
1066.474373
1066.522952
1066.601923
1066.781983
1066.807910
1068.164751
1068.230779
1068.296765
1068.376228
1068.707758
1068.955566
1069.015040
1069.738967
1070.162002
1070.761042
1071.138447
1071.291187
1071.568445
1071.850619
1071.934546
1072.189686
1072.219709
1072.228311
1072.659415
1073.595965
1073.678582
1073.705820
1073.732772
1073.776394
1074.743542
1074.846106
1074.901688
1074.982420
1075.079987
1075.353969
1075.383460
1075.468042
1076.962959
1077.241283
1078.018621
1078.773924
1078.883164
1080.060109
1080.171233
1080.221614
1080.239964
1080.296079
1080.313733
1080.600986
1080.716083
1080.989368
1081.040404
1081.130680
1081.148580
1081.330156
1081.475318
1081.591849
1081.952133
1081.994772
1082.177618
1082.199286
1082.639114
1083.429315
1083.511808
1083.976622
1084.607693
1085.003981
1085.039329
1085.203415
1085.372006
1085.497016
1085.596836
1085.632553
1085.668925
1085.678141
1085.687439
1085.782958
1085.899080
1085.962486
1086.322074
1086.611907
1087.100068
1087.333048
1087.488655
1087.548088
1087.823872
1087.922012
1087.969608
1088.070369
1088.140370
1088.371712
1088.641188
1089.873510
1089.938964
1090.298716
1090.823209
1090.992824
1091.010150
1091.665019
1091.841434
1091.998556
1092.139500
1092.241695
1092.269302
1092.427981
1092.519567
1092.713595
1093.477376
1093.550121
1093.585551
1093.603000
1093.767741
1093.809684
1093.954765
1095.617700
1095.707402
1095.752704
1095.893770
1095.977615
1096.206991
1096.497357
1096.543191
1096.744673
1096.798618
1096.853463
1096.965612
1097.710920
1098.974085
1099.870904
1100.229837
1100.318556
1100.338954
1100.437914
1100.519588
1100.527903
1100.648612
1100.651889
1101.066076
1101.100442
1101.168026
1102.345052
1102.985544
1103.218442
1103.498486
1103.554191
1103.949414
1104.686981
1105.460552
1105.697137
1106.274632
1106.571674
1106.627789
1106.643354
1106.662195
1106.677965
1106.784092
1106.836275
1106.933555
1107.093258
1107.097887
1107.206390
1107.617587
1107.776799
1107.788308
1108.248863
1108.898570
1109.003674
1109.452554
1110.140518
1110.393487
1111.157883
1111.597834
1111.707689
1111.716987
1111.809843
1111.905321
1112.181023
1112.670863
1112.740209
1112.807629
1112.967168
1113.252004
1113.431122
1113.696543
1114.507715
1114.514104
1114.683146
1114.796851
1115.994931
1116.029174
1116.523233
1116.813435
1116.935619
1117.062676
1117.487923
1117.677199
1118.196367
1118.348411
1118.636237
1118.745928
1119.250432
1119.256330
1119.313428
1119.345418
1119.410463
1119.424717
1119.511060
1119.757312
1119.962890
1120.099533
1120.556769
1120.954573
1120.973332
1121.691648
1122.230313
1122.338284
1122.561188
1122.770289
1123.112919
1123.504415
1123.541320
1123.601080
1123.637330
1123.654164
1123.671982
1123.735429
1123.805716
1123.849912
1123.885179
1123.908403
1124.007485
1124.045537
1124.102308
1124.196639
1124.351836
1124.402627
1124.550656
1124.575928
1124.822835
1124.850729
1124.858061
1125.002977
1125.116723
1125.206057
1125.376205
1125.384274
1125.894472
1125.931786
1126.678528
1127.146496
1127.156490
1127.387300
1127.841710
1127.913308
1128.176517
1128.282685
1128.454881
1128.933990
1129.306276
1129.649316
1129.758884
1129.859604
1129.991823
1130.334618
1130.574930
1130.589512
1130.674381
1130.835640
1131.696865
1131.809423
1131.926528
1132.110561
1132.636815
1133.279027
1133.475799
1133.520323
1134.092616
1134.155162
1134.830060
1135.958221
1136.454615
1137.119642
1137.450189
1138.353971
1138.564383
1139.757261
1140.295721
1141.594644
1142.618030
1142.660055
1142.746030
1143.094354
1143.487283
1144.929198
1144.935711
1144.970445
1145.376276
1145.440379
1145.476014
1145.483960
1145.603932
1145.654600
1146.284442
1146.682860
1146.810204
1147.144724
1147.160699
1147.273585
1147.292262
1147.445699
1147.455447
1147.628749
1148.140790
1148.308767
1149.416899
1149.988372
1150.812078
1151.122964
1151.247401
1151.330263
1151.540019
1151.904276
1152.216842
1152.727286
1153.174241
1153.427579
1153.435116
1154.436096
1154.930606
1157.419827
1157.637366
1158.426173
1158.735995
1159.287153
1159.632077
1160.305132
1160.578089
1160.586363
1160.607252
1160.622203
1160.656773
1160.690811
1160.709734
1160.773960
1160.815534
1160.928666
1160.931041
1161.133957
1161.161236
1161.253560
1161.305416
1161.306890
1161.464300
1161.665536
1161.987768
1162.749911
1162.984612
1163.227750
1164.326298
1164.919644
1166.009836
1166.911078
1167.115960
1167.219999
1167.273124
1167.320392
1167.347139
1167.898952
1167.976161
1168.060293
1168.160768
1168.208732
1168.340132
1168.627180
1168.738058
1168.747848
1168.789996
1168.819937
1169.115996
1169.371955
1170.437284
1170.473329
1171.340124
1171.506831
1171.780403
1171.879567
1172.106281
1172.241531
1172.342661
1172.845855
1173.250580
1173.262418
1173.315461
1173.772124
1174.176154
1174.583951
1175.545078
1175.582638
1175.771259
1175.784612
1175.808123
1175.898726
1175.930552
1176.145797
1178.099917
1179.340104
1179.438612
1179.632435
1179.708662
1179.829166
1179.864433
1179.985633
1179.998781
1180.218778
1180.886589
1181.176627
1181.427548
1181.641728
1181.727744
1182.164541
1182.672609
1183.162327
1184.336527
1185.300152
1185.749893
1185.831117
1185.934664
1186.054554
1186.420695
1189.184184
1189.673329
1189.691105
1190.001172
1190.359900
1190.517883
1190.988308
1191.639695
1192.441569
1192.528732
1192.678113
1193.877545
1194.217390
1194.650788
1194.704323
1195.623793
1195.818598
1196.085371
1196.109210
1197.025403
1197.714268
1197.814211
1197.898875
1197.948436
1197.971415
1197.978051
1198.003200
1198.129275
1198.234092
1198.331003
1199.695749
1200.050872
1200.166584
1200.369623
1202.013676
1202.505974
1202.633441
1202.734039
1202.884526
1203.084001
1203.166659
1203.216671
1205.064335
1206.622659
1207.426007
1208.575836
1209.047818
1209.935094
1210.171351
1210.247905
1210.365379
1210.413916
1210.416046
1210.600530
1210.750812
1211.451474
1211.688714
1212.862874
1213.559890
1214.400717
1214.584996
1214.717215
1216.100516
1216.145203
1216.162980
1216.303432
1216.407224
1216.496026
1216.700375
1218.606981
1219.156500
1219.763732
1220.760289
1221.514527
1224.602010
1224.802222
1224.973599
1225.168445
1225.552691
1225.759539
1226.407035
1227.150418
1227.303322
1227.660575
1227.911782
1228.257567
1228.508570
1228.660982
1229.772268
1229.925827
1229.995704
1230.008115
1230.320886
1230.328463
1230.432174
1230.450893
1231.883469
1231.932375
1232.290079
1233.409966
1233.591255
1234.889687
1235.655475
1235.954893
1236.096410
1236.445512
1238.052741
1239.536599
1240.558551
1240.781332
1241.162711
1241.673073
1242.133176
1242.294968
1242.349814
1242.442220
1242.490470
1242.653368
1243.101757
1243.216691
1243.397448
1243.434639
1243.478344
1243.498988
1243.569930
1243.635425
1243.666473
1243.853578
1243.988582
1244.630426
1244.637839
1244.705505
1244.713288
1244.744991
1244.843991
1245.446226
1245.671547
1245.702636
1246.021919
1246.033633
1246.276444
1246.483333
1246.717624
1247.525642
1247.562998
1247.787008
1247.905096
1248.819569
1248.943473
1249.028588
1249.072374
1249.105469
1249.151631
1249.233633
1250.110341
1250.724618
1251.058975
1251.450143
1251.700204
1251.807478
1251.837379
1251.944940
1252.104643
1252.255293
1252.982088
1253.061181
1253.488517
1253.644370
1253.837496
1254.025011
1254.129582
1254.154650
1254.170460
1254.376243
1254.472704
1255.239557
1255.301120
1255.420436
1255.521034
1255.628595
1255.743078
1255.908352
1256.578908
1256.805171
1256.836014
1257.070633
1257.096397
1257.809060
1257.939558
1257.990840
1258.064364
1258.852106
1259.075256
1259.675116
1259.719680
1260.145705
1260.218286
1260.761457
1261.124157
1261.224919
1261.237371
1261.704970
1261.822321
1262.042112
1262.170153
1262.267146
1263.078523
1263.262351
1263.481160
1263.488573
1263.528714
1263.843615
1263.868150
1263.921316
1263.982920
1263.988367
1264.270541
1264.636436
1265.086833
1265.152696
1265.221345
1265.506181
1265.673667
1265.724170
1265.968824
1266.468250
1266.631311
1266.670838
1266.897961
1267.109519
1267.879363
1268.011581
1268.243538
1268.378993
1269.086167
1269.250499
1269.262950
1269.533983
1269.540905
1269.584978
1269.695693
1269.834260
1270.166610
1271.477084
1271.516365
1271.701012
1271.755489
1272.335237
1272.371323
1272.927068
1272.932065
1273.144484
1273.249096
1273.283707
1273.293046
1273.488712
1273.549783
1273.646981
1273.666150
1273.676104
1273.679544
1273.691341
1273.699574
1273.738445
1273.802383
1273.963684
1274.436936
1274.740081
1274.985513
1275.005297
1275.447542
1275.467162
1275.793572
1275.941478
1276.325274
1276.451758
1277.190144
1279.663104
1279.747318
1279.804539
1280.061317
1280.065085
1280.145981
1280.157082
1280.196608
1280.274473
1280.312893
1280.365036
1282.216141
1282.589409
1283.153347
1283.404718
1283.441582
1283.578716
1283.706348
1284.090061
1284.649984
1284.973240
1285.019156
1285.250007
1285.306737
1285.769380
1286.278554
1286.335488
1286.593864
1286.609674
1286.680494
1286.702408
1286.715023
1286.757908
1286.767944
1286.821233
1287.681884
1287.787438
1288.006124
1288.071250
1289.091359
1289.113641
1289.167299
1289.226813
1289.465938
1290.699776
1291.211981
1291.468268
1291.769487
1291.781161
1292.343951
1292.568904
1293.046211
1293.142835
1294.060544
1294.173553
1294.267924
1294.380073
1294.398177
1294.771610
1295.283118
1295.741338
1296.144712
1296.816865
1297.244815
1297.468334
1297.740718
1298.210079
1298.230804
1298.348933
1298.731909
1298.805719
1298.908324
1300.071834
1300.122010
1300.186030
1300.930068
1301.335859
1301.516083
1301.715190
1301.803008
1302.688317
1302.995722
1303.027425
1303.339172
1304.449843
1304.680653
1304.763884
1304.903762
1305.214198
1305.230582
1305.302262
1305.698509
1305.806766
1306.068337
1306.120724
1306.146365
1306.158039
1306.277437
1306.358948
1306.393149
1306.490634
1306.494935
1306.502595
1306.567352
1306.602824
1306.807583
1306.827407
1306.845594
1306.922639
1307.002880
1307.025367
1307.025859
1307.063951
1307.237048
1307.389911
1307.695391
1307.935212
1308.102410
1308.213494
1309.037240
1309.278577
1309.373071
1310.216233
1310.480138
1311.159337
1311.249203
1311.431393
1311.479316
1311.801590
1311.807078
1311.890637
1312.351642
1312.385679
1312.473825
1312.475628
1312.480215
1312.607683
1312.641475
1312.752722
1312.788316
1312.808960
1312.824566
1312.859300
1312.872202
1313.024901
1314.715156
1314.960630
1315.081011
1316.319560
1317.355397
1317.726372
1318.570926
1318.700442
1318.789530
1318.793585
1319.040696
1319.151616
1319.185408
1319.267492
1319.449723
1319.606682
1319.678935
1320.181146
1321.628467
1321.840968
1321.856737
1322.686218
1322.728940
1322.804879
1323.200389
1325.017375
1325.521961
1326.405591
1326.564188
1326.571110
1326.647910
1326.745559
1326.913946
1326.967480
1326.978703
1326.979195
1327.009997
1327.071764
1327.190467
1327.303885
1327.900590
1328.029082
1328.455434
1330.161705
1330.424955
1330.528379
1331.402547
1331.553649
1332.041523
1332.383662
1333.616026
1334.067405
1334.109020
1335.584195
1335.683850
1336.026399
1336.071782
1336.398807
1336.768143
1337.077596
1337.366815
1337.676554
1338.024059
1338.156278
1338.266952
1338.344120
1338.453811
1338.462618
1338.565059
1341.612892
1341.680230
1341.698007
1342.212342
1343.146353
1343.318753
1343.396618
1343.457894
1343.466332
1343.545262
1344.957686
1345.066803
1345.523507
1345.833411
1345.855816
1346.909061
1346.951946
1347.367117
1347.410493
1347.647734
1347.769958
1348.331110
1348.342129
1348.371374
1348.787569
1349.052375
1349.087396
1349.169644
1349.540577
1349.576008
1349.594849
1350.273352
1350.415524
1351.802593
1352.647352
1352.742912
1352.861819
1353.614664
1354.118513
1354.543350
1354.679009
1354.877624
1355.367834
1355.738563
1355.743601
1355.752899
1356.365251
1356.405760
1356.516270
1356.665119
1357.056614
1357.356974
1358.340465
1358.521426
1358.795530
1359.218033
1359.621530
1360.112067
1360.448143
1361.197425
1362.192712
1362.388460
1363.037594
1363.489710
1363.950223
1364.223754
1364.237066
1364.375839
1364.405862
1365.479956
1365.499412
1365.707162
1365.761024
1365.783306
1366.097592
1366.815826
1366.939320
1367.680410
1367.797637
1368.023327
1368.631542
1370.495754
1371.250237
1371.991368
1373.318062
1373.379338
1373.442335
1373.479608
1373.486572
1373.558088
1373.879706
1373.890642
1375.981199
1376.691487
1376.732488
1378.552668
1378.696970
1378.932122
1379.337585
1379.556639
1379.595059
1379.642204
1379.709338
1379.745382
1379.764347
1380.324352
1380.821934
1381.003264
1381.493350
1382.378373
1383.858627
1384.898847
1384.931000
1385.350922
1385.677251
1386.130678
1386.884956
1387.423867
1387.528028
1387.685560
1388.235653
1388.387574
1388.527370
1388.643860
1389.204193
1390.072627
1391.188705
1391.651758
1392.393462
1392.422871
1392.478413
1393.944248
1394.328535
1394.431631
1394.712084
1395.284173
1395.634135
1395.761193
1396.033331
1396.162642
1396.356219
1396.465992
1396.590510
1396.722442
1396.921262
1396.945347
1396.965417
1397.357117
1397.408768
1397.823734
1397.865677
1398.657065
1398.891028
1398.978191
1399.709655
1399.955497
1401.338348
1401.499730
1401.777725
1401.899377
1401.929810
1402.191626
1402.263634
1402.267320
1403.821548
1403.872543
1404.010291
1404.483297
1404.534374
1404.587049
1404.802826
1404.846285
1404.884541
1404.892570
1404.980838
1405.005865
1405.085000
1405.113508
1405.193216
1405.203415
1405.211197
1405.483581
1405.497098
1405.788160
1405.897892
1406.327112
1406.892442
1407.500534
1407.927296
1407.928975
1408.102564
1408.190054
1408.270131
1408.420577
1408.706314
1408.889364
1409.307238
1409.948262
1410.113741
1410.386084
1410.475172
1410.595062
1410.634465
1410.730435
1410.846679
1410.848113
1410.872852
1411.410084
1411.651092
1411.746079
1411.809731
1411.970744
1412.271186
1412.483891
1412.650557
1413.093581
1413.116314
1413.451694
1414.091858
1415.227105
1415.348347
1415.548969
1416.609014
1416.903926
1417.236234
1417.626911
1417.839452
1417.890284
1418.109460
1418.135142
1418.266501
1418.429030
1419.938284
1421.341327
1421.511352
1421.906412
1422.102487
1422.542152
1422.891622
1423.042806
1423.189524
1423.348122
1423.676621
1423.683543
1423.732900
1423.749734
1423.758008
1423.933686
1424.012001
1424.054477
1424.192512
1424.256983
1424.314245
1425.544274
1425.615790
1425.722081
1426.136556
1426.692710
1427.763896
1427.923067
1428.446085
1429.172716
1429.296783
1429.414871
1429.517107
1429.615370
1429.629747
1429.699420
1429.706465
1429.750129
1429.765161
1429.807022
1429.877514
1430.114099
1430.132531
1430.820250
1431.177994
1431.341138
1431.356580
1431.425638
1432.013128
1433.132728
1433.275638
1433.307054
1433.868493
1434.215014
1435.089142
1436.421693
1436.428042
1437.050061
1437.507011
1437.663969
1437.920010
1437.963182
1437.975183
1438.040719
1438.159340
1438.167532
1438.261903
1438.367744
1438.590566
1438.618665
1438.735483
1438.781891
1438.826537
1438.894162
1439.468913
1439.568118
1439.599206
1439.604449
1439.740027
1439.806996
1439.848817
1439.852339
1439.921439
1439.929016
1439.967355
1440.161669
1440.204636
1440.257597
1440.496968
1440.609976
1441.060659
1441.238303
1441.249198
1441.320755
1441.376502
1441.633772
1441.887068
1441.922908
1441.951949
1442.230026
1442.310595
1442.325340
1442.376335
1442.416148
1442.560246
1442.637660
1442.641961
1442.794988
1442.832712
1443.039150
1443.044680
1443.067290
1443.128525
1443.148431
1443.184148
1443.242271
1443.256771
1443.333407
1443.472425
1443.769426
1443.845407
1444.362240
1444.440351
1444.455916
1444.752671
1444.817715
1445.079695
1445.641257
1445.833728
1446.066627
1446.984786
1447.046472
1447.060193
1447.612703
1447.798252
1448.385126
1448.877998
1449.659023
1450.404168
1451.763220
1451.779113
1451.798528
1452.203786
1452.589261
1453.807862
1454.330143
1454.373069
1454.510490
1454.560870
1454.630461
1454.648402
1454.652088
1454.787748
1454.811300
1454.934385
1455.113953
1455.416812
1455.840051
1455.908946
1455.973663
1456.042025
1456.323584
1456.547062
1456.549274
1456.565043
1456.951214
1456.957891
1457.077125
1457.498030
1458.053693
1458.123366
1458.652774
1458.877563
1458.904637
1459.404308
1459.467510
1459.907256
1460.392837
1460.420772
1460.723425
1460.728054
1460.836106
1460.915405
1461.169439
1461.342659
1461.346509
1461.603328
1461.669847
1462.454436
1462.732472
1462.772941
1462.851666
1462.902456
1463.766262
1463.868088
1464.172257
1464.181965
1464.495759
1464.660173
1464.994079
1465.573376
1465.584476
1465.708257
1466.144604
1466.474496
1466.597581
1466.759619
1466.774405
1466.973798
1466.978714
1467.025121
1467.196662
1467.307745
1467.723284
1468.760719
1470.325678
1470.446633
1470.692721
1471.247073
1472.034447
1472.328008
1472.410092
1472.490578
1472.561971
1472.742687
1472.756081
1472.763412
1472.803389
1472.854794
1472.873964
1472.934625
1472.937288
1472.978616
1473.073725
1473.189888
1473.340989
1473.387643
1473.537925
1473.812849
1474.260787
1474.266522
1474.626355
1474.744361
1475.039232
1475.292815
1476.201308
1476.449649
1476.580925
1477.113160
1477.186478
1477.943624
1478.511370
1478.616719
1479.101399
1480.455496
1480.974582
1481.172541
1481.215468
1481.264742
1481.331999
1481.388237
1481.455165
1481.527214
1481.658163
1481.685402
1481.867346
1482.087219
1482.504765
1482.620928
1483.536548
1483.544658
1483.646157
1483.860296
1484.264858
1484.647342
1485.356810
1485.455114
1486.207468
1486.311711
1486.649180
1486.776771
1486.854676
1487.028429
1487.224668
1487.256945
1487.292539
1487.423857
1487.520809
1487.606088
1487.617679
1487.652536
1487.792906
1488.111903
1488.469934
1488.722780
1488.749568
1489.265254
1489.474683
1489.775002
1489.858355
1490.118369
1491.048489
1491.547709
1492.341637
1492.533453
1492.554793
1492.643676
1492.844626
1492.938998
1493.064581
1493.240381
1493.589852
1493.603615
1493.834834
1494.004695
1494.145802
1494.539674
1494.641951
1494.698516
1494.763356
1495.053312
1495.321108
1495.632855
1495.642317
1495.668777
1495.738819
1495.814062
1495.819837
1495.985029
1496.412570
1497.359401
1497.383404
1497.576366
1497.712968
1497.974211
1498.013450
1498.035200
1498.534707
1498.740900
1499.067924
1499.099423
1499.116872
1499.722670
1499.928658
1500.133335
1500.242330
1500.321915
1500.331827
1500.505907
1500.580864
1500.644106
1500.682240
1500.714271
1500.758180
1500.845343
1500.874179
1500.906291
1501.068206
1501.299794
1501.364388
1501.406863
1501.761126
1502.070825
1502.206935
1502.767800
1503.063327
1503.191204
1503.891497
1504.245309
1504.274842
1504.571064
1505.320960
1505.877811
1505.933394
1506.100019
1506.216018
1506.222162
1506.485658
1506.585108
1506.783355
1506.847334
1507.094487
1507.151831
1507.965338
1508.206182
1508.421140
1508.941128
1509.057004
1509.292933
1509.640643
1510.261555
1510.871245
1511.533978
1511.861944
1511.920312
1512.070881
1512.143913
1512.213832
1512.271708
1512.377180
1512.400814
1512.607048
1513.105654
1513.185976
1513.262531
1514.385326
1515.273830
1515.598561
1516.282266
1516.359434
1516.391956
1517.188751
1517.427876
1517.462692
1517.579919
1517.623542
1517.791478
1518.159872
1518.618132
1518.635377
1518.724547
1518.752768
1519.002337
1519.021752
1519.678628
1521.204306
1521.555210
1522.164572
1522.672968
1523.212820
1523.314934
1523.402588
1523.420078
1523.675259
1523.791462
1523.839631
1524.102103
1524.217733
1524.378542
1524.933673
1525.071544
1525.316116
1525.525586
1525.821153
1525.888123
1525.973115
1525.998756
1526.112256
1526.163620
1526.216131
1526.353306
1526.414787
1526.453084
1526.628762
1526.855762
1527.402291
1527.621100
1527.688684
1527.908966
1528.203469
1529.405317
1529.469911
1531.194860
1531.216732
1531.296317
1531.296932
1531.464827
1531.746632
1533.180764
1533.547233
1533.563412
1533.765509
1533.821788
1533.870817
1533.985628
1534.095360
1534.378148
1534.502420
1534.914478
1534.993490
1535.312077
1535.623414
1536.010977
1536.302408
1536.328786
1536.410747
1536.774963
1537.021338
1537.078682
1537.603748
1537.912586
1537.983652
1538.146222
1538.298102
1538.461614
1538.495324
1539.662848
1539.959849
1540.630979
1540.666286
1541.039145
1541.161124
1541.866865
1542.883779
1542.974751
1543.109222
1543.293788
1543.394918
1543.449436
1543.507763
1543.891026
1544.010547
1544.088453
1544.913510
1544.974090
1545.688228
1545.752412
1545.995059
1547.704893
1548.516925
1548.905923
1549.179208
1549.209068
1549.412680
1549.522903
1549.585080
1549.747364
1550.143816
1550.158602
1550.302822
1550.366106
1550.501560
1550.514094
1550.519788
1550.592778
1551.208858
1552.082207
1552.541573
1552.752230
1552.826982
1555.021824
1555.716956
1555.792200
1555.861258
1555.867771
1556.052009
1556.251853
1556.292649
1556.889764
1556.938015
1557.096448
1557.671363
1557.752095
1557.756969
1558.495560
1558.995190
1559.017103
1559.183237
1559.235297
1559.302799
1559.385375
1559.474545
1560.191263
1560.336835
1560.856044
1560.892826
1560.900403
1560.953938
1560.979251
1561.027011
1561.045688
1561.138668
1561.191752
1561.743114
1561.902858
1562.328023
1562.626499
1562.825810
1562.880983
1563.085251
1563.383235
1564.414976
1564.438200
1564.559237
1564.625715
1564.814787
1564.994273
1565.182894
1565.300408
1565.365862
1565.869916
1566.245478
1566.784225
1566.799667
1566.929551
1567.227740
1567.245435
1567.531418
1568.596869
1568.905011
1568.982548
1568.988692
1569.199473
1569.440358
1569.863639
1570.014986
1570.758369
1571.313746
1571.362202
1571.914465
1572.013015
1572.109926
1572.131963
1572.202127
1572.303012
1572.307599
1572.336763
1572.461486
1572.514980
1572.543857
1572.577567
1572.671447
1572.705485
1572.842783
1572.880753
1575.296778
1575.416791
1575.918182
1577.358500
1577.700925
1577.825526
1577.920471
1578.121134
1578.132316
1578.183270
1578.247823
1578.329293
1578.439188
1578.720051
1579.234181
1579.885732
1580.586312
1580.703621
1580.722586
1582.491976
1582.715208
1583.653847
1584.207913
1584.275251
1584.650158
1584.687514
1584.756244
1584.994058
1585.897349
1586.176492
1588.742103
1589.504532
1589.930639
1591.441981
1591.650058
1591.793091
1591.834952
1591.933420
1591.938703
1591.960822
1592.854938
1593.310126
1594.068500
1595.078001
1595.353334
1595.683512
1597.088481
1597.172736
1597.569720
1597.917348
1598.036623
1598.185144
1600.016261
1600.384287
1600.718152
1601.021624
1601.069097
1601.184645
1602.690540
1603.188613
1655.038075
1655.615283
1655.637647
1655.735050
1655.805133
1656.003912
1656.040489
1656.129700
1656.494940
1656.668324
1657.109791
1657.279078
1657.361613
1657.629327
1658.277806
1659.212145
1659.421819
1659.972772
1660.035441
1660.202025
1660.288410
1660.367708
1660.401787
1660.825477
1660.991529
1661.445857
1662.152827
1662.424474
1662.538301
1662.857216
1663.074959
1663.384289
1663.462687
1663.516058
1663.586345
1663.925248
1664.220979
1664.224502
1664.652124
1664.698450
1664.751903
1664.814653
1664.903045
1664.954491
1664.984515
1666.059223
1666.071388
1666.188820
1666.232730
1666.671329
1667.295314
1667.378831
1668.924908
1669.743165
1669.896847
1669.950259
1670.028861
1670.072730
1670.493389
1670.690161
1671.370097
1671.528776
1673.701130
1674.830889
1675.914691
1676.000256
1676.149596
1677.644718
1677.861683
1678.835835
1679.521628
1679.548047
1679.644426
1679.833252
1680.510280
1680.794624
1680.821371
1681.887068
1682.033951
1682.203361
1682.210488
1682.376827
1682.444247
1683.569910
1683.703480
1683.775447
1683.960136
1684.358185
1684.451574
1684.813947
1684.884808
1685.164974
1685.811323
1686.337167
1686.905242
1687.055852
1687.274209
1687.679345
1687.727186
1687.747133
1687.813571
1687.899587
1688.017756
1688.122900
1688.290017
1688.467866
1688.775844
1689.757532
1689.949266
1690.166723
1690.259620
1690.297221
1690.918543
1691.026473
1691.292303
1691.371397
1691.470725
1691.545190
1691.692933
1691.800535
1691.871969
1691.931361
1692.469084
1692.626862
1692.659958
1692.901458
1692.916122
1692.958925
1693.092536
1693.246300
1693.338583
1693.445612
1693.743841
1693.992305
1694.388797
1694.479974
1694.734705
1694.927544
1694.979236
1695.216845
1695.410381
1695.534408
1695.740273
1695.796388
1696.693862
1696.923935
1697.153679
1697.172849
1697.312522
1697.948180
1697.981891
1698.145403
1698.246615
1698.563973
1698.862981
1698.993725
1699.198812
1699.444736
1699.950756
1701.343027
1702.248530
1702.313411
1702.892790
1704.529879
1704.980111
1705.026888
1705.057198
1705.279119
1705.482732
1705.813074
1706.030981
1706.329293
1706.378158
1706.888847
1707.400110
1707.739300
1708.402893
1708.463432
1709.165650
1709.297050
1710.877450
1711.095357
1711.376097
1711.889039
1712.450028
1712.607969
1712.818463
1713.073848
1713.398661
1714.032026
1714.247557
1714.622669
1714.715402
1714.867446
1715.658998
1715.927982
1716.308623
1716.658995
1716.747919
1716.960338
1717.046231
1717.136916
1717.197619
1717.304156
1717.738578
1717.888205
1717.919089
1718.184550
1718.300549
1718.634373
1719.185777
1720.296366
1720.455086
1720.643666
1720.753234
1721.626542
1721.789153
1721.890447
1722.063749
1722.199818
1722.312172
1722.648904
1723.037778
1723.715297
1723.771699
1724.149555
1724.350177
1724.358042
1725.026304
1725.430129
1725.720494
1725.746381
1725.850501
1725.973914
1726.227825
1726.636892
1726.790001
1727.002296
1727.885394
1728.519168
1728.756204
1729.474028
1729.576182
1729.616036
1731.351265
1731.363185
1731.793019
1732.912906
1733.422326
1733.719409
1733.912904
1734.626755
1734.725796
1735.006700
1735.046390
1735.158907
1735.165788
1735.800955
1736.806523
1736.939479
1737.231565
1737.652142
1737.869353
1738.218906
1738.268918
1738.587423
1738.616095
1738.716815
1738.906255
1739.069440
1739.073454
1739.122524
1740.336374
1740.345999
1741.674783
1741.871473
1742.073569
1742.083645
1742.152663
1742.678958
1742.751334
1743.391662
1743.442289
1743.657861
1744.145818
1744.324813
1744.462971
1744.634225
1744.964608
1745.571021
1745.652859
1746.011095
1746.695332
1746.722120
1747.025019
1747.059466
1747.132293
1747.165921
1747.411231
1747.415613
1747.512361
1747.538780
1747.680666
1747.733422
1747.809772
1747.831562
1747.874693
1748.113613
1748.568965
1748.734894
1749.146255
1750.152806
1750.330286
1750.590095
1751.210312
1751.357481
1751.635845
1752.815247
1753.020539
1753.501696
1754.592543
1755.382579
1756.165448
1757.298852
1757.307003
1757.376799
1757.447905
1758.457528
1759.203820
1759.435203
1759.984517
1760.001597
1760.095314
1760.528753
1760.938271
1760.953549
1761.039155
1761.205780
1761.385062
1761.441546
1761.458545
1761.472471
1762.017567
1762.539192
1762.704097
1762.793349
1762.903368
1762.932777
1763.822756
1763.969802
1764.080067
1764.406927
1764.469350
1764.542423
1764.785070
1764.830700
1764.895089
1765.069496
1765.109555
1765.123113
1765.184225
1765.886157
1767.097344
1768.151286
1768.491991
1768.769782
1768.818852
1768.995103
1769.111142
1769.182863
1769.322496
1772.458639
1772.886548
1773.126042
1774.081925
1775.148155
1775.243878
1775.267389
1776.084132
1776.514458
1777.065533
1777.913815
1778.070692
1778.106245
1778.287575
1778.335990
1778.376622
1779.061309
1779.648430
1779.670057
1780.551107
1780.801290
1781.040538
1781.463040
1781.903770
1782.089482
1782.224323
1782.773064
1783.020708
1783.025336
1783.213548
1783.440261
1784.089477
1784.111473
1785.471468
1785.571410
1785.608806
1785.801564
1786.225009
1786.399048
1786.446848
1786.493829
1787.169874
1788.214190
1788.497838
1788.530606
1789.762888
1789.778903
1790.137303
1790.743101
1790.897357
1790.956913
1791.020524
1791.615836
1792.158351
1793.059717
1793.103626
1793.591255
1794.400666
1794.725069
1794.790932
1794.909184
1795.001385
1795.057869
1795.162890
1795.354214
1795.536486
1795.852698
1795.951862
1796.169933
1796.175299
1796.450550
1797.178982
1797.192745
1797.721539
1797.953454
1798.168822
1798.243492
1798.368502
1798.450831
1798.512640
1798.997811
1799.651000
1800.866734
1800.905933
1801.012634
1801.046712
1801.145631
1801.459220
1801.521684
1801.836749
1802.009723
1803.117855
1804.683469
1805.624115
1805.686252
1805.847798
1806.564147
1806.686822
1807.188828
1808.397844
1808.442696
1808.591340
1809.143153
1809.225564
1809.467310
1809.731707
1810.239775
1810.838405
1810.875884
1810.967347
1812.335002
1812.685906
1812.691640
1812.876042
1813.442806
1813.562245
1814.504817
1815.481262
1815.637729
1816.597094
1817.950044
1818.311188
1818.727014
1819.108680
1819.146199
1819.471749
1819.710956
1820.397855
1820.689449
1820.946596
1821.887652
1822.014259
1822.029824
1823.286804
1823.406572
1823.414845
1823.529001
1823.592940
1823.750021
1824.309084
1824.578806
1825.050051
1825.082982
1825.315103
1826.186445
1827.428639
1827.551519
1829.887713
1830.867026
1831.104307
1831.256023
1831.366697
1833.073869
1834.305331
1834.940457
1835.389133
1835.752980
1837.405553
1837.751583
1837.870776
1839.194153
1839.810929
1839.926313
1840.304210
1840.393667
1840.673874
1841.313423
1841.318584
1841.761444
1841.792696
1842.227773
1842.270372
1844.053115
1845.355151
1845.877391
1846.383411
1847.203799
1847.469138
1849.134776
1849.290015
1849.743155
1849.811395
1850.361815
1850.545848
1850.852024
1851.593359
1851.732541
1851.838177
1851.945738
1852.311101
1852.612567
1854.078976
1854.475510
1855.700541
1856.341361
1856.354304
1857.192141
1857.841725
1862.542909
1862.964388
1863.277199
1863.678935
1864.279040
1865.657385
1865.669714
1866.362429
1866.524590
1867.763630
1868.262646
1868.674621
1869.102899
1870.350868
1870.469530
1870.718771
1871.869297
1872.149832
1872.206029
1873.469317
1874.323538
1874.802483
1875.321979
1876.072530
1876.284293
1876.585062
1878.845399
1879.145472
1880.697242
1880.820613
1880.922358
1881.038397
1882.083041
1882.461512
1882.573414
1883.085701
1883.995300
1884.955689
1886.237204
1886.300611
1886.326047
1886.336410
1887.394693
1887.482962
1887.614935
1888.569795
1888.976241
1889.611817
1889.944166
1891.004580
1891.084001
1891.309855
1891.354051
1892.355277
1892.401070
1893.297439
1893.450547
1893.475492
1894.084731
1894.349824
1894.509158
1895.206134
1895.287849
1895.297556
1895.403807
1895.633715
1895.657267
1896.176968
1896.300585
1896.319140
1896.340480
1898.071613
1898.336051
1898.509885
1899.092746
1899.135140
1899.786732
1901.324411
1902.989394
1903.269069
1903.280988
1903.359631
1903.396536
1903.619727
1903.782953
1904.099041
1904.841032
1904.881377
1905.335542
1905.363927
1905.391862
1905.605468
1906.622956
1906.871747
1907.125330
1907.621806
1907.993477
1908.689142
1909.402993
1909.732270
1909.756109
1909.785149
1909.837906
1910.003548
1910.702326
1910.755492
1910.953861
1911.847690
1911.916298
1912.134492
1914.630513
1916.209316
1917.343171
1917.346284
1917.657661
1918.058783
1919.394406
1919.451218
1920.174531
1921.386988
1922.253455
1922.994831
1923.161825
1924.862648
1925.379891
1925.388698
1927.778263
1928.606433
1928.658944
1928.737874
1929.598280
1929.765274
1929.929851
1930.262364
1931.712922
1931.796603
1931.908137
1932.364595
1932.459008
1933.035110
1933.194691
1934.467195
1935.119565
1935.192883
1935.750308
1936.773038
1936.975626
1937.840005
1937.876255
1938.659246
1938.687795
1939.190497
1939.353272
1940.167639
1941.141012
1942.287483
1944.149975
1945.077637
1945.491046
1945.696707
1946.260439
1947.361649
1947.849523
1947.947827
1948.089303
1948.539781
1949.498696
1949.630915
1950.370570
1950.569595
1950.684611
1951.925903
1952.607232
1952.755589
1953.084088
1953.517896
1954.739814
1954.931589
1955.183616
1955.210895
1955.370721
1955.485082
1956.084163
1956.454687
1956.853391
1957.572608
1957.703762
1958.691430
1958.948454
1959.168860
1959.745413
1960.325652
1960.508580
1961.591890
1961.701417
1961.797427
1962.288333
1962.587505
1964.068823
1964.531630
1964.770591
1964.830147
1965.417226
1965.662577
1966.194033
1966.893916
1967.877366
1968.279716
1969.318953
1969.537229
1969.827922
1970.060493
1970.396856
1970.514944
1970.924052
1971.105096
1971.304735
1972.337500
1972.480737
1972.811981
1973.352899
1973.367972
1974.048154
1975.118561
1976.621548
1976.684339
1976.721039
1977.661399
1978.034790
1978.111549
1979.211530
1980.217958
1980.713697
1980.823511
1982.984315
1983.072174
1984.156713
1984.219628
1985.126769
1985.366876
1985.597194
1985.699062
1985.745469
1986.733466
1987.767419
1988.073677
1988.899676
1989.317427
1989.436457
1989.826028
1989.831434
1990.032466
1990.066790
1990.372680
1990.647235
1990.651863
1991.531684
1993.674342
1993.927639
1993.952870
1994.010583
1995.442831
1995.927962
1995.975885
1996.524216
1996.929311
1997.975757
1999.750636
1999.914066
2000.544850
2001.080279
2001.170227
2001.259110
2001.443717
2001.453261
2001.770209
2001.845985
2002.090476
2002.148147
2002.497905
2002.598052
2002.719908
2002.983813
2003.028091
2005.331558
2005.724774
2007.283343
2007.317217
2008.056832
2008.181228
2008.244879
2008.362271
2008.523366
2008.987525
2009.582428
2009.773220
2009.924731
2010.201129
2010.414612
2010.522010
2010.635633
2011.098153
2011.232788
2011.423785
2012.195840
2012.450161
2013.114819
2013.136650
2013.482803
2013.574185
2013.618258
2013.829857
2014.631035
2015.134474
2016.902021
2017.055826
2017.963336
2018.089861
2019.139052
2019.824558
2020.003430
2020.018258
2020.683735
2020.940513
2021.244764
2021.264548
2021.336883
2024.608236
2024.700969
2024.967045
2025.661645
2026.399867
2026.542694
2029.282796
2029.734175
2030.047969
2030.610022
2030.693212
2030.975795
2031.108424
2031.333294
2031.403540
2031.412593
2031.680963
2031.915377
2032.246579
2032.369951
2033.291387
2034.000814
2034.298552
2034.383913
2034.394726
2035.252183
2035.577979
2035.595141
2035.669402
2036.542054
2039.327334
2039.579812
2041.103032
2042.444431
2043.237499
2044.234670
2045.565215
2045.991035
2046.196367
2046.204600
2046.893629
2047.462031
2047.494062
2047.563653
2047.677850
2048.514867
2050.191032
2050.214748
2050.672476
2050.860564
2052.300431
2052.758856
2053.649654
2054.974177
2055.591649
2056.089723
2056.142029
2056.634245
2056.840397
2056.945295
2057.350554
2057.484493
2058.169958
2058.991206
2059.026104
2059.269038
2059.471585
2060.390646
2060.705260
2060.804260
2060.877537
2061.990216
2062.299136
2062.429430
2062.464983
2062.698496
2063.246787
2063.266775
2063.397233
2064.035717
2064.498975
2064.524452
2064.569876
2064.735355
2068.074619
2069.260943
2069.323776
2069.561344
2069.757665
2070.042747
2070.329303
2071.149199
2071.658988
2071.746068
2071.916667
2072.055439
2072.065843
2073.198674
2074.020168
2074.281288
2074.513039
2075.241431
2075.923456
2076.144722
2076.405146
2077.407846
2077.783081
2077.970063
2078.886666
2078.920458
2079.468257
2079.548580
2081.125089
2081.281597
2081.578885
2083.368509
2083.787162
2084.601774
2085.424660
2086.108488
2086.306693
2086.597550
2086.656328
2087.013786
2087.256637
2087.262863
2087.441572
2087.759831
2087.819223
2087.893484
2088.538931
2088.912527
2089.212641
2090.463846
2090.902979
2091.041055
2091.134157
2092.857876
2093.030728
2093.118874
2093.242409
2093.433078
2093.811589
2094.192394
2094.401167
2096.792330
2097.400463
2097.475052
2097.540792
2098.110669
2100.012401
2100.092314
2102.391194
2102.786048
2102.863176
2103.210926
2103.393853
2103.798129
2104.421007
2104.464630
2105.986417
2106.335150
2107.127562
2107.142717
2108.406538
2108.701082
2108.773786
2108.904284
2110.307738
2110.539940
2112.370401
2112.522609
2112.899973
2113.560044
2114.796257
2114.963497
2116.449485
2117.551964
2117.942354
2122.310410
2122.796728
2123.747574
2124.043182
2124.495340
2124.808561
2125.411779
2126.500823
2126.510408
2127.190671
2129.696276
2130.365153
2132.181729
2132.199137
2133.201756
2133.583790
2134.005801
2134.554460
2135.263928
2138.720707
2138.788495
2138.970849
2138.978959
2139.245036
2140.049285
2141.185229
2141.893591
2142.893056
2143.023923
2143.027405
2145.321206
2145.916068
2147.443999
2147.554386
2147.603988
2147.893780
2150.598779
2151.021896
2151.702241
2152.054702
2152.143258
2152.632812
2152.683069
2153.106842
2153.188434
2153.222431
2153.360794
2154.189865
2154.275226
2154.383278
2155.088978
2155.275182
2155.299635
2155.391099
2155.993539
2156.077015
2156.343951
2156.390113
2156.843049
2156.853903
2158.047314
2158.837965
2159.035965
2159.088968
2159.313469
2159.639716
2159.960924
2160.030188
2160.124150
2161.271153
2161.351352
2161.412137
2161.804124
2161.870889
2161.979392
2162.330829
2162.404434
2162.435482
2163.406766
2163.744440
2163.781550
2163.961078
2166.283059
2166.363914
2166.568960
2166.578831
2167.949025
2168.313774
2168.591196
2168.648704
2168.681103
2168.692736
2168.856781
2169.668772
2170.625352
2170.802668
2170.962534
2171.019059
2172.311388
2172.360008
2172.466872
2173.457613
2173.541622
2174.365000
2174.770995
2174.886543
2175.497708
2176.305766
2176.513147
2177.256980
2178.770862
2179.028787
2180.002406
2182.393774
2182.940918
2185.279283
2186.167337
2186.190316
2186.269901
2186.668483
2187.444224
2188.426281
2189.325967
2190.512210
2190.699356
2190.712627
2192.288932
2192.594616
2192.969605
2192.975421
2193.403904
2196.086620
2196.421550
2197.407539
2198.050243
2198.383657
2198.792561
2198.845153
2198.937518
2199.567155
2199.676027
2200.348180
2200.638136
2200.766915
2200.905400
2201.398641
2202.003251
2202.265969
2202.522419
2202.599547
2202.817536
2203.056988
2203.224187
2203.280753
2203.443323
2203.463885
2204.408750
2204.563210
2205.164257
2206.054072
2207.139430
2209.742397
2209.956577
2211.389972
2212.315832
2212.937441
2212.992451
2213.092884
2213.120164
2213.388247
2214.077768
2214.436413
2215.179264
2215.577313
2215.666360
2215.776010
2216.015585
2216.116306
2216.465039
2217.026396
2217.397043
2217.738977
2220.058419
2221.973873
2222.240645
2223.107113
2223.545754
2223.698125
2224.804741
2225.154130
2225.277174
2225.336852
2225.454244
2225.474765
2226.641101
2227.331891
2229.323244
2230.760530
2231.471555
2231.861985
2231.873536
2232.210514
2233.315697
2233.396838
2236.134851
2239.182889
2363.824538
2363.899904
2363.984978
2364.018893
2364.173640
2364.347146
2364.869345
2364.995502
2365.276938
2365.292872
2365.572219
2365.738762
2365.979976
2366.393016
2366.686577
2368.317522
2368.716759
2368.780493
2368.969359
2370.415698
2370.702295
2370.799329
2371.305390
2371.648102
2372.714209
2372.782572
2372.845773
2373.110620
2373.121884
2373.205688
2373.446738
2373.609923
2374.205727
2374.647931
2374.654280
2374.984499
2375.136256
2375.173038
2376.677581
2376.979579
2377.207316
2377.227387
2377.264620
2377.363784
2377.365627
2377.501204
2377.666519
2378.176553
2378.180731
2378.639524
2378.708419
2378.851615
2379.122934
2379.682079
2379.758019
2380.386632
2380.767724
2380.792340
2381.256335
2382.588273
2382.690222
2382.942454
2382.968914
2383.036211
2383.064146
2383.551652
2383.571354
2383.628288
2383.673016
2384.229171
2384.338657
2385.141883
2385.701233
2385.921638
2386.182758
2386.479473
2386.525471
2386.559754
2386.670387
2386.696233
2386.728018
2387.550126
2387.641385
2388.133724
2388.586086
2389.460541
2389.491753
2389.524234
2389.648220
2390.211011
2390.549422
2390.644982
2390.750986
2391.173775
2391.777444
2391.878124
2391.937475
2392.255857
2392.280965
2392.608932
2392.972083
2393.689866
2394.190397
2395.139686
2395.474125
2395.986575
2396.071404
2396.092088
2396.243886
2396.267930
2396.853699
2397.105521
2398.191903
2398.749614
2399.624602
2399.804621
2400.365322
2400.423035
2400.474399
2400.997499
2401.251697
2401.395302
2401.538990
2401.546609
2401.727980
2401.946624
2402.144297
2402.460672
2402.916393
2402.930934
2403.642286
2404.016660
2404.157850
2404.190208
2404.226376
2404.403610
2404.530299
2404.592353
2404.732928
2404.796908
2405.024031
2405.261189
2405.300511
2405.325906
2406.108447
2406.189302
2406.327583
2406.725100
2406.818284
2407.307878
2407.491871
2407.573053
2407.824179
2407.887872
2408.122900
2408.536801
2409.268961
2409.320612
2409.541304
2409.761874
2409.873367
2409.922273
2410.590659
2410.596106
2410.766991
2410.996081
2411.330601
2411.477647
2411.628790
2411.822776
2412.187197
2412.439183
2412.723692
2413.210829
2413.313311
2413.410427
2413.665567
2414.046945
2414.269440
2414.488863
2414.524539
2414.599250
2414.970184
2415.396782
2416.341565
2416.555459
2416.638362
2416.871219
2417.165107
2417.217946
2418.053734
2418.187674
2418.425446
2419.205734
2420.017316
2420.222362
2420.844872
2421.059297
2421.214454
2421.372846
2422.082478
2422.948741
2423.003546
2423.401800
2423.787807
2423.793050
2424.051384
2424.186716
2424.514150
2424.974418
2425.128346
2425.608274
2426.039214
2426.618757
2426.730086
2426.854195
2427.218821
2427.835761
2428.210872
2428.521677
2429.171999
2430.249411
2431.008973
2431.115469
2431.126938
2431.744205
2431.998403
2432.132014
2432.246702
2432.313262
2432.349962
2432.420291
2433.515069
2434.198077
2434.684150
2434.752184
2434.839224
2434.894807
2434.986557
2435.182387
2435.284828
2435.370516
2435.424010
2435.450307
2435.744317
2436.413768
2436.627046
2437.582889
2438.011453
2438.057943
2438.491955
2438.623601
2439.828931
2439.970898
2440.150057
2440.320328
2440.497766
2440.589230
2440.766300
2441.334252
2441.435423
2441.450455
2441.456230
2441.647268
2442.339369
2442.399662
2442.614047
2443.374633
2443.920507
2444.134031
2444.235653
2444.364104
2444.821135
2444.952494
2445.176259
2445.466788
2445.484196
2445.607485
2445.895762
2446.010122
2446.344602
2446.368932
2446.628823
2446.679491
2446.759035
2446.832804
2447.183176
2447.542067
2447.821988
2448.087982
2449.613210
2449.757102
2450.167357
2450.232934
2450.252268
2450.661704
2451.638436
2454.348513
2456.363786
2456.549581
2456.668037
2457.416008
2457.422848
2457.515418
2459.162460
2459.541463
2459.554570
2460.179907
2460.236923
2462.308311
2462.958469
2463.036908
2463.152087
2463.241503
2463.793029
2464.323625
2464.383549
2465.205617
2466.371543
2466.972959
2467.709665
2468.141998
2468.277207
2468.733788
2468.891607
2469.065523
2470.575063
2470.821724
2470.965617
2471.388529
2472.425841
2472.543519
2473.225544
2473.603891
2474.306970
2474.407977
2475.478303
2476.058952
2477.384417
2477.705503
2478.990787
2479.415542
2479.425085
2480.070369
2480.084296
2480.631153
2482.066391
2482.206925
2483.070321
2483.595633
2483.840819
2483.853844
2484.252795
2484.514898
2485.014610
2485.045576
2485.143634
2485.252260
2485.604598
2486.382838
2486.453002
2486.893650
2487.321149
2488.995717
2489.262776
2490.482319
2490.907648
2491.183473
2491.692114
2491.832975
2492.357018
2492.387041
2492.455322
2492.559892
2492.613837
2492.691169
2492.850094
2492.885484
2493.225206
2493.336945
2493.383967
2493.490545
2493.497917
2493.639967
2493.713244
2493.914644
2494.028513
2494.280335
2494.521876
2495.199724
2495.484027
2495.640617
2495.670149
2495.786107
2495.845376
2495.876424
2495.967109
2496.494060
2499.269427
2500.434002
2500.739236
2500.747387
2500.925317
2500.974551
2500.985651
2501.037957
2501.083628
2501.196513
2501.866742
2501.973934
2502.125937
2502.156288
2502.238413
2502.344253
2502.523412
2502.533857
2503.071252
2503.089398
2503.390290
2503.618519
2503.622615
2503.655055
2503.702733
2503.720509
2504.494039
2504.540733
2504.603935
2504.802959
2505.506324
2505.693798
2505.895977
2507.434148
2507.583078
2508.025610
2508.705096
2508.921733
2509.135421
2509.615022
2510.713283
2511.699886
2511.709102
2512.869294
2513.504543
2513.508844
2514.041160
2515.203564
2515.373384
2515.484713
2515.640484
2515.673088
2515.680010
2516.153917
2516.325868
2516.618936
2516.755169
2516.841759
2517.582889
2517.698314
2517.890253
2517.957386
2518.222479
2518.733292
2519.300956
2519.446282
2519.465861
2519.586161
2519.794729
2520.037908
2520.129413
2520.169718
2520.274084
2520.732017
2520.949023
2521.459958
2521.762816
2521.814262
2523.476992
2525.525197
2526.018437
2526.355456
2526.769807
2527.281521
2527.545426
2529.093304
2529.285038
2529.750508
2530.056888
2531.182100
2531.340329
2533.476966
2534.508339
2541.400637
2541.617971
2541.810811
2541.819822
2542.198989
2542.928732
2544.318751
2544.620790
2545.143849
2545.276068
2545.475789
2545.482056
2546.511503
2547.480248
2548.413972
2548.561428
2548.901888
2549.173412
2549.996380
2550.898770
2551.098737
2551.112622
2551.337779
2551.364854
2551.369032
2552.112947
2552.418673
2552.424940
2552.507965
2553.042207
2553.307341
2553.767649
2556.948685
2558.538752
2559.427789
2559.557796
2559.639060
2559.892726
2560.219750
2560.271073
2560.358031
2560.570081
2560.736420
2561.080279
2561.375805
2561.413120
2561.722122
2562.299658
2562.344018
2562.713969
2562.861548
2563.498312
2563.503677
2563.695247
2564.926054
2566.047539
2566.061097
2566.368584
2566.714573
2566.873006
2567.221821
2567.226409
2567.279370
2568.448532
2568.559944
2568.896430
2568.914616
2569.020457
2569.132605
2569.270108
2569.989161
2570.303980
2570.492150
2570.550108
2571.066696
2571.109417
2572.194488
2572.572303
2573.263462
2573.340058
2573.370655
2574.726676
2574.959903
2575.085404
2575.372780
2575.681536
2575.825756
2576.228925
2576.267878
2576.594002
2577.908490
2578.971238
2579.488154
2580.109804
2580.111729
2580.864614
2581.551636
2581.553930
2581.619466
2582.095872
2582.152315
2582.282691
2582.292234
2582.409544
2582.424822
2582.864282
2582.902333
2582.938870
2582.985032
2583.011000
2583.043932
2585.392660
2585.469706
2585.859113
2586.235822
2586.443489
2589.377659
2589.463593
2589.632799
2590.001807
2590.598021
2591.001477
2591.258624
2594.480579
2595.175956
2595.183698
2595.608863
2595.952763
2596.842578
2598.085222
2598.215107
2598.274130
2598.323487
2598.984704
2599.074243
2599.195034
2599.245578
2599.426499
2599.463813
2599.571374
2600.233697
2600.363008
2600.435671
2600.968069
2601.195151
2601.221407
2601.262776
2601.267855
2602.493256
2602.498744
2602.516521
2602.554573
2602.647839
2602.830807
2602.855752
2603.004191
2603.093934
2603.257446
2603.288248
2604.951716
2605.224182
2605.743104
2606.423491
2606.649098
2606.660895
2607.170888
2607.240684
2607.752847
2609.616077
2609.650770
2609.831854
2610.050253
2610.176573
2610.315387
2611.044966
2611.190538
2611.226255
2611.502285
2611.909345
2612.620616
2612.994253
2613.101855
2613.722481
2615.380132
2615.432315
2615.584358
2615.964058
2616.231363
2616.290755
2616.630436
2616.650342
2616.888525
2617.355182
2617.487155
2617.757123
2618.343383
2618.533478
2618.646569
2618.805658
2619.045970
2619.125801
2619.454710
2620.266455
2620.307620
2620.493496
2620.528108
2620.559114
2621.118710
2621.335757
2621.410714
2621.448233
2621.535928
2621.798482
2621.845996
2622.138491
2622.356234
2622.725939
2623.108465
2623.706153
2624.075407
2625.580769
2625.932984
2625.982341
2626.304573
2627.325133
2627.778683
2627.948298
2627.989053
2629.114061
2629.484954
2630.766961
2631.424901
2632.014234
2632.663900
2634.277396
2634.690970
2635.116667
2636.817244
2637.664829
2638.250353
2638.717788
2638.986322
2639.620506
2640.112189
2642.152079
2642.259067
2643.974963
2645.059871
2645.509816
2645.581455
2646.032794
2646.176768
2646.554624
2646.958039
2647.044751
2648.391393
2648.752906
2649.462170
2649.943204
2650.094879
2651.661312
2652.056863
2652.451021
2653.222380
2653.384212
2653.651190
2653.932872
2654.030275
2654.175109
2654.379049
2654.959698
2655.175188
2655.667978
2656.353157
2656.733348
2657.589207
2657.932739
2658.243011
2658.392228
2660.470825
2660.763320
2660.990689
2661.464064
2661.478195
2661.485036
2664.241275
2664.357519
2664.505631
2664.780349
2664.919654
2665.217188
2665.271337
2665.535078
2665.575875
2666.680074
2667.330560
2667.516928
2668.073738
2668.552315
2668.921856
2669.014098
2669.072425
2669.421732
2669.459907
2669.665649
2669.761864
2670.635131
2670.976778
2670.982799
2671.219999
2671.765504
2672.214016
2672.753213
2673.057382
2673.320264
2673.412506
2674.004541
2675.286958
2676.073267
2676.108534
2676.233298
2676.438630
2677.062656
2677.124055
2677.377966
2677.453742
2677.600584
2677.930312
2677.951775
2677.987410
2678.276178
2678.422938
2678.549627
2678.665544
2678.749512
2683.280998
2685.108388
2685.255557
2685.352878
2685.890109
2686.092124
2686.706360
2687.565251
2688.294748
2688.390758
2688.550257
2689.658880
2689.902346
2690.381373
2693.033206
2694.671729
2695.989780
2696.884265
2698.298204
2698.581934
2698.932183
2699.191542
2699.280302
2703.607153
2703.970099
2703.986115
2704.344187
2705.424630
2707.315425
2707.739525
2707.877028
2708.622254
2709.351834
2710.454723
2710.600458
2710.607176
2714.274120
2714.464625
2714.687078
2716.021105
2716.126085
2718.130913
2718.845338
2720.249119
2720.439624
2720.496108
2720.613540
2723.991962
2724.794900
2726.415770
2726.741524
2727.907738
2728.410849
2729.165988
2729.345229
2730.309018
2730.540196
2731.130716
2731.594793
2732.293243
2732.357140
2733.185106
2734.903173
2737.145242
2737.158717
2737.440317
2737.575895
2737.691607
2739.827261
2740.602470
2740.852326
2741.444649
2743.229850
2743.261962
2743.977001
2744.875500
2745.079153
2746.014843
2747.192238
2747.312947
2748.283904
2751.718195
2751.908086
2755.014492
2757.251932
2757.321155
2757.535867
2758.259343
2759.487488
2760.013865
2762.411663
2763.858084
2763.960361
2764.697559
2764.766536
2764.863365
2765.322568
2765.859963
2767.609283
2769.284710
2772.527350
2772.815585
2773.246239
2773.517967
2773.874524
2775.591690
2778.989363
2779.117445
2780.065096
2780.100649
2781.165076
2782.412349
2783.245189
2786.089370
2786.439414
2786.485084
2786.617139
2786.621440
2789.593743
2792.952218
2793.327206
2793.510830
2794.424648
2794.434068
2797.489357
2797.878968
2798.998077
2799.445115
2800.156918
2804.469023
2804.595794
2806.712648
2807.801774
2808.077394
2808.365179
2808.772116
2812.790333
2813.288284
2814.692434
2814.880440
2816.330260
2816.779305
2818.831974
2819.027190
2819.635200
2821.784699
2821.988762
2822.137283
2822.207365
2822.467789
2822.558310
2822.735053
2822.978028
2823.570596
2824.538399
2825.055969
2825.198019
2825.430548
2826.231562
2826.371031
2826.450371
2827.816059
2828.100157
2828.719800
2829.150822
2829.361193
2830.299341
2830.711521
2831.791677
2832.805396
2833.486275
2833.749320
2835.098665
2835.185541
2835.207987
2835.509576
2835.539927
2835.674890
2835.874447
2835.892920
2836.043325
2836.228628
2836.507484
2836.973240
2836.985897
2838.176604
2838.633677
2839.151452
2839.319183
2839.540367
2839.767736
2839.826186
2840.892580
2841.198715
2841.702482
2841.790054
2841.941852
2842.149274
2842.373652
2842.425754
2843.287142
2843.855708
2844.101263
2844.387533
2844.418621
2844.461507
2844.909732
2845.171753
2845.549322
2845.699973
2845.830840
2845.890601
2845.956055
2846.056407
2847.212257
2848.228270
2848.382525
2850.540093
2850.675016
2852.285112
2852.287160
2852.363018
2853.771510
2853.854331
2854.023209
2854.035702
2854.169436
2854.217482
2854.241608
2854.915973
2855.743324
2856.030700
2856.831345
2857.454100
2857.650668
2857.705841
2857.723085
2858.297631
2858.597745
2858.990141
2859.026637
2859.355709
2859.541832
2859.599299
2859.632845
2859.760845
2859.975352
2860.362916
2860.435866
2860.894085
2860.963144
2861.669868
2861.769114
2862.443151
2862.506435
2862.613176
2863.821373
2865.387274
2865.531699
2866.693652
2867.292078
2867.548447
2867.637780
2867.757015
2867.832259
2867.869491
2868.420035
2868.446331
2868.575150
2868.838687
2869.050450
2869.608694
2869.818573
2870.005350
2870.150267
2870.525911
2870.600417
2870.630482
2871.119135
2871.584686
2871.922319
2872.056545
2872.092221
2872.282112
2872.523448
2873.094390
2877.276979
2879.435448
2880.226632
2880.302572
2880.780698
2880.851231
2881.202872
2882.224374
2882.355855
2883.073147
2883.563315
2883.564667
2884.953989
2886.237962
2886.439158
2887.231201
2887.533445
2888.268308
2888.272609
2889.020539
2889.604383
2889.615852
2889.664799
2889.674097
2889.772073
2890.080707
2890.410312
2890.720297
2891.418501
2891.482030
2891.733361
2892.118180
2892.178678
2892.464046
2893.538099
2894.320763
2894.511800
2895.137997
2895.452119
2895.696445
2895.701688
2896.038584
2896.054804
2896.115302
2896.840868
2897.277051
2897.995776
2898.744115
2898.809528
2899.210158
2899.219292
2899.282043
2899.497697
2899.709010
2900.279501
2900.399636
2900.455916
2900.713595
2901.218755
2901.269463
2902.145024
2903.444767
2903.454188
2903.645512
2904.103813
2904.155259
2904.197079
2904.242299
2904.768389
2908.496445
2909.073981
2909.518070
2909.567508
2911.062508
2911.553864
2911.770051
2912.401203
2912.522404
2912.840008
2912.890839
2913.356308
2914.829640
2914.897592
2915.140608
2916.469760
2919.130235
2919.151862
2919.916503
2921.904660
2922.100982
2923.563868
2924.959621
2925.878600
2926.847181
2926.899118
2927.668183
2928.017080
2928.859054
2928.888545
2928.920494
2928.925778
2929.802936
2929.837097
2930.009620
2930.014044
2930.092278
2930.136351
2930.272788
2931.333980
2931.614188
2931.784581
2932.140646
2932.575928
2932.816118
2933.060362
2933.101240
2933.164810
2933.227848
2933.771469
2934.128927
2934.787154
2935.284449
2935.492444
2936.835031
2937.150013
2937.358705
2937.469174
2937.500713
2937.881764
2937.907118
2938.375291
2938.513367
2939.209032
2939.391959
2939.974984
2940.147876
2940.276408
2941.021676
2941.357752
2942.551941
2942.980178
2943.097692
2943.191982
2943.282995
2943.315149
2943.709676
2944.066273
2944.149217
2944.595845
2944.959078
2946.333368
2946.808504
2947.005645
2947.151176
2947.539886
2948.011909
2948.265370
2948.712940
2949.147116
2949.156291
2949.422039
2949.492695
2949.500027
2949.781586
2950.030991
2950.076948
2950.778225
2950.921626
2951.260733
2951.381975
2951.558431
2953.301729
2953.871360
