88.729805
90.971955
91.134116
91.354931
91.367014
92.131656
92.230083
92.558868
92.605768
92.736553
92.886876
93.316383
94.197309
94.345953
94.367375
94.670070
95.095685
95.431107
95.476695
95.506964
95.549850
95.634719
95.805235
95.812035
97.030308
97.064428
97.410499
98.049065
98.219622
98.302157
98.334925
98.763407
98.839020
98.853683
99.443302
99.446661
99.874775
100.522271
100.719124
100.979220
101.327217
101.489091
101.492654
101.626143
101.629993
101.988229
102.238700
102.484746
102.639698
102.648340
103.854490
104.427274
104.472044
105.492070
106.156851
107.451310
107.477852
107.483259
107.700347
108.106015
109.860086
110.724014
110.786888
113.086546
113.114604
113.144955
113.323254
113.626644
113.673994
113.982341
115.968164
115.973243
116.024197
116.065731
116.107960
116.297032
116.686029
116.899144
117.040947
117.514322
117.521613
117.654979
117.683528
117.699830
117.883372
118.246195
118.814925
119.879107
119.887544
120.136172
120.609055
120.624497
121.199452
121.669878
121.687409
122.068337
122.244792
122.418954
122.546831
122.851779
123.160494
123.164877
123.279647
123.374223
123.640873
123.646976
124.986245
125.027779
125.058212
125.082747
125.387407
125.499474
125.509100
125.632389
125.756457
125.813719
126.049772
126.385439
126.624850
126.628372
126.811505
126.906778
127.055380
127.232655
127.256740
127.364096
127.705006
127.706399
128.460554
128.721469
128.905708
128.916234
128.987382
129.008722
129.142415
129.150321
129.254359
129.358643
129.513308
129.639834
129.667850
129.757553
129.869414
130.289459
130.345902
130.399601
130.509455
130.587566
130.616771
130.687345
130.736579
130.779587
130.798223
130.985615
131.036119
131.105096
131.158303
131.763528
131.838648
131.845734
132.291625
134.169928
134.438175
134.547128
134.689464
135.531971
135.949681
136.779162
137.312133
138.133791
138.170778
139.209441
139.241800
139.268137
139.329495
139.359601
139.393638
139.507384
139.677696
139.716731
139.739505
139.850260
139.860951
139.892859
140.101018
140.182856
140.608020
140.687155
140.694159
141.273661
141.664870
141.786399
141.989233
142.003814
142.086308
142.253629
143.877652
143.981445
144.385516
145.220035
145.704673
145.979351
146.116813
146.155602
146.303386
146.308506
147.043697
147.792691
147.879240
148.493640
148.584571
149.495644
150.824018
153.130435
154.665124
154.945044
156.672287
156.891136
157.004063
157.527941
158.333542
158.506516
159.539364
159.691776
159.928607
160.209019
161.011098
161.517363
161.842381
162.083635
162.260214
162.320712
162.392801
162.401485
162.401976
163.853353
164.566467
164.728996
165.064622
165.074084
165.187830
165.192458
165.414666
165.448704
165.461443
165.983478
165.990932
166.048072
166.056632
166.334792
166.495928
166.518579
166.824796
166.857605
167.066296
167.217398
167.320986
167.447265
167.587512
167.891149
168.117617
168.314634
168.378286
168.503665
168.874107
169.422152
169.509356
169.762980
169.766994
170.010296
170.032660
170.225541
170.250363
170.301276
170.616873
170.833633
172.005908
172.209725
172.350833
173.263585
173.623460
174.433157
174.557798
174.635663
174.806344
175.094948
175.097569
175.381012
175.770132
176.433316
177.375150
177.750835
178.413609
178.492252
179.942851
180.365394
180.385300
180.430684
180.573553
180.774298
180.834959
180.916183
180.940308
180.992819
181.093990
181.184225
181.445059
181.619302
181.838070
181.952676
183.044833
183.507763
185.250611
186.039706
186.542080
187.997184
188.022661
188.210913
188.225905
188.682732
188.690022
188.790579
189.147054
189.229466
189.248717
189.322977
189.824819
190.182113
190.232658
191.056118
194.295316
197.254676
197.435269
197.555610
197.641830
197.695939
197.751439
197.863711
197.958001
198.050980
198.238208
198.339379
198.421791
210.404762
212.795187
212.942029
213.004206
213.441823
213.832663
214.569615
215.160422
215.276298
215.675290
215.681761
215.847404
216.285921
217.493135
217.868042
217.956024
225.616937
227.420037
230.956769
231.044833
231.196959
231.650304
238.391788
238.546289
238.739210
239.483617
241.067336
245.399060
246.125117
248.961352
249.102909
249.583165
249.637642
251.673805
252.724388
253.020529
253.375980
255.172895
255.533670
255.877734
260.732805
262.223995
262.305792
262.404383
263.370260
263.878083
263.916872
264.021524
264.282604
264.362844
264.443904
264.702730
264.963727
265.272033
265.456763
265.524429
268.305940
271.447695
271.693578
272.406651
272.440607
273.483694
275.866870
285.842842
297.997517
299.022049
313.065677
324.414464
326.090875
326.105416
326.165709
326.180004
327.708017
327.718748
327.735460
327.763640
327.765238
327.780352
328.070431
365.185434
365.304586
365.391995
365.472154
365.582213
365.614367
365.960274
366.081270
366.300283
366.367580
370.596741
375.999160
379.691909
390.319596
396.098396
396.165325
396.166963
396.388598
396.477399
396.653076
396.972851
397.155942
401.663304
442.339574
442.565673
466.077409
479.670272
479.748219
480.075366
480.552018
482.218639
482.314895
482.397389
482.707292
482.835251
483.038044
483.100058
483.497124
495.538381
497.106493
497.233306
497.765212
499.704996
515.488154
516.969964
517.468652
520.948081
522.654802
524.763587
528.952115
529.220485
533.205074
535.760200
542.127063
542.289838
542.877041
543.492997
545.001718
545.369989
545.593836
545.873388
545.924669
546.073027
546.285036
547.598705
547.656991
548.005724
548.195615
548.530463
548.551762
551.185531
551.353917
552.354284
552.512963
552.811930
555.098317
555.975844
556.067226
556.163686
557.661757
557.791969
558.082867
559.519007
562.767708
562.773197
562.783764
564.283802
564.421059
564.562657
564.692705
564.735058
564.808049
565.164237
565.174886
565.568758
565.595955
565.699953
565.773148
565.981225
566.166815
566.317629
566.906307
569.259540
569.348137
572.079063
572.207882
572.480922
573.666714
574.322770
574.911652
575.107359
575.165235
577.425981
577.958093
578.392596
578.486149
578.985533
579.436134
579.580723
579.650232
579.671327
580.194673
580.360356
582.479954
584.837571
585.379389
585.708380
585.745285
586.660987
586.792182
586.958930
587.029873
587.158897
587.697644
588.417966
589.015613
591.528591
592.721633
593.020273
593.589412
595.085967
595.206676
595.963372
596.241859
596.336271
597.071380
598.010839
598.206013
599.714775
601.857393
602.934764
603.624489
603.830968
604.589998
605.421609
605.835633
606.040474
606.176993
606.293852
607.723397
608.542310
608.962437
610.725274
611.168051
611.340861
611.520922
611.974185
612.263322
614.198968
614.203638
614.530171
614.677873
614.754632
614.925476
615.194010
615.264297
615.307837
615.335158
615.529923
615.584358
615.728210
615.857848
629.743124
629.836759
630.306898
630.587597
630.699254
634.920018
634.933043
634.976829
635.243233
635.273175
635.350753
636.126413
636.304671
640.405012
642.369618
642.938962
646.100951
651.700060
656.652165
656.661094
656.663224
656.665068
656.670392
656.674693
656.711762
656.772915
657.696031
668.647137
672.410132
672.414228
672.415416
672.417956
672.424346
672.441631
672.443802
672.445809
672.483246
677.897953
677.966643
678.119997
678.694011
678.705480
678.771794
678.818652
682.192732
738.200535
738.729329
739.031818
739.175055
739.209298
739.217449
739.222774
739.260211
739.279053
739.336847
739.373138
739.477217
740.925235
741.213348
741.612831
741.827912
744.056136
744.294195
744.310292
744.787026
745.685156
746.153042
746.328433
746.466836
746.590986
746.630636
746.673971
746.721034
746.728489
746.796442
746.828472
746.925097
747.092255
747.429356
747.630633
747.847557
747.918418
747.994112
748.134687
748.227174
748.302131
748.713861
748.756705
748.976128
749.148242
749.374054
749.488742
749.527163
749.568778
750.084424
750.827397
751.749448
752.436429
752.493036
754.603008
754.995978
760.915231
761.210552
765.058458
765.427917
765.477396
768.953713
769.204920
770.888663
772.480983
772.856627
772.983194
775.075430
778.777354
778.917970
779.009516
779.538678
779.794063
780.365414
781.179085
781.190922
781.219553
781.342515
781.436805
781.609083
783.728189
787.551068
787.955753
788.087357
791.957586
792.009646
792.274821
797.382984
798.244209
798.604984
798.805852
798.838129
798.908867
798.914191
799.024824
799.327232
799.345582
799.437619
799.506227
801.451581
802.147901
802.601656
803.700572
804.131676
805.300634
805.984666
806.003425
806.689710
806.890824
807.034143
807.469179
807.848428
808.639898
811.831419
812.069028
812.252365
813.720125
813.903544
814.409441
814.584095
814.683505
814.721638
814.891090
815.303025
815.893258
815.942410
815.985254
816.199762
816.650158
825.207316
827.058954
827.393393
828.019712
828.664627
829.304545
829.470188
829.653647
829.923738
832.174326
834.001551
834.820424
836.167926
837.706670
846.767227
857.672827
859.939389
860.202066
860.225044
860.232172
860.237496
864.778445
871.106806
871.266591
871.565722
871.665992
871.678566
871.875338
872.150876
872.191549
872.230953
872.240620
872.390001
872.466801
872.552079
872.619950
872.649523
872.976916
873.052283
873.405440
873.739796
875.785462
876.250235
876.610437
876.752118
876.783821
877.121864
877.137797
877.201326
877.435208
877.487186
877.501481
877.560750
877.674332
877.751951
877.871063
877.875446
877.879706
878.044570
878.393876
878.432010
878.597939
878.665933
878.712300
879.263212
879.419392
879.635210
879.661998
879.953306
880.824525
880.853320
880.900547
880.935117
881.104200
885.664276
885.895619
885.961277
887.159562
890.288456
890.361979
890.540687
891.260559
891.921859
892.061696
892.345958
897.940070
897.971610
897.993892
898.954363
907.758305
911.732244
912.702710
913.307116
914.975744
915.033661
915.470213
915.532964
915.612795
915.766108
916.262052
916.652974
918.194504
918.397747
919.602094
925.390356
925.966623
926.434263
926.529905
932.179108
932.300759
933.392220
934.801326
934.879478
941.679493
941.779845
942.429553
942.566932
944.128532
944.281641
944.714138
945.093673
946.212045
952.504238
966.424412
967.059087
967.344742
973.232906
973.311468
973.655409
973.657989
973.827400
973.856891
974.140416
974.387937
977.295606
981.896970
985.926615
995.187220
1002.626703
1002.735575
1002.942792
1003.124531
1004.665733
1006.926356
1007.281357
1007.998116
1008.961536
1009.436590
1013.658624
1018.190479
1019.092951
1019.315978
1021.408829
1022.778286
1023.031419
1024.364503
1024.643482
1024.711967
1024.827310
1025.465016
1025.479188
1025.716797
1025.823130
1025.976033
1026.020024
1026.107146
1026.748416
1032.606597
1033.353298
1033.935135
1033.992724
1034.835395
1036.208128
1036.651684
1037.484032
1037.662781
1037.735608
1037.841449
1037.951795
1037.989028
1038.586184
1038.627185
1038.689812
1038.738514
1046.816195
1046.938051
1047.059374
1047.174636
1047.322419
1047.750001
1048.050975
1048.138670
1049.640714
1049.795666
1049.908634
1050.430013
1052.495585
1056.064471
1058.534605
1059.623813
1064.935834
1065.000632
1065.227018
1065.433088
1065.658040
1074.067784
1074.254234
1074.255012
1074.355405
1074.727363
1074.735923
1075.013059
1080.127201
1080.736891
1080.878490
1080.908431
1080.937021
1081.094554
1081.182740
1081.259377
1081.442509
1081.603277
1086.457569
1091.585311
1097.617613
1103.586304
1103.652127
1104.137462
1106.990653
1118.116536
1118.613914
1127.470735
1127.509524
1127.866532
1128.005714
1128.794522
1131.238769
1131.735286
1132.274647
1132.471665
1132.624445
1132.693053
1133.840179
1136.029737
1136.039117
1136.922132
1137.256079
1137.291837
1137.332142
1137.371668
1137.386209
1137.429545
1137.468293
1137.485947
1137.497129
1137.514209
1137.530388
1137.740677
1138.033705
1143.683400
1143.954473
1145.381888
1145.677455
1159.927644
1175.069491
1185.564508
1187.408896
1188.162601
1188.208968
1188.274627
1188.318208
1188.613652
1188.861665
1189.013299
1189.040865
1189.111849
1189.133763
1189.481349
1189.558682
1190.015713
1190.074655
1190.247506
1190.384681
1190.656983
1190.735585
1190.744433
1190.758851
1190.782648
1191.296696
1191.959675
1192.110776
1192.179139
1192.633385
1193.039094
1193.046303
1193.336668
1194.252780
1197.059809
1198.157701
1201.251451
1201.675346
1202.128978
1202.417418
1202.479268
1202.531410
1202.549883
1202.650030
1202.715525
1202.925732
1202.989015
1203.680502
1203.700204
1208.235950
1208.440422
1208.596726
1209.038643
1213.475389
1213.902930
1218.160189
1218.628731
1218.996347
1224.356086
1224.951439
1225.229066
1229.045514
1229.200056
1231.529902
1231.532032
1235.694100
1235.799163
1236.003963
1240.591647
1241.231155
1241.438003
1241.861038
1247.176909
1247.266775
1247.294423
1247.346893
1247.457690
1247.462973
1247.580611
1247.754936
1247.802614
1247.898214
1267.027395
1267.200205
1267.326198
1268.098540
1269.208760
1273.871974
1274.559734
1280.385638
1280.633119
1280.676659
1280.691855
1280.845332
1281.527726
1281.655194
1283.744563
1288.373453
1291.238646
1291.490714
1291.565957
1291.589304
1291.643290
1291.686380
1291.780506
1291.850670
1291.927593
1292.074762
1297.973494
1298.177393
1298.522071
1298.628444
1298.671329
1298.782331
1299.083305
1303.305421
1303.956972
1310.246584
1310.458429
1310.721761
1313.280819
1313.409106
1313.681900
1315.094487
1316.890665
1317.625569
1318.222275
1318.457917
1318.512026
1323.903590
1340.746629
1341.028106
1343.570330
1343.748096
1343.789056
1343.800320
1351.651656
1351.653786
1358.402765
1358.639677
1359.295611
1360.169288
1360.191242
1361.440399
1362.304082
1362.549678
1362.969108
1363.007119
1363.272704
1363.630981
1363.867730
1364.214866
1364.366336
1364.774789
1364.985692
1366.804562
1366.863626
1366.903276
1367.156531
1367.160095
1367.228293
1367.312794
1367.491871
1367.611228
1367.615611
1367.637033
1368.150589
1368.236728
1368.482570
1368.553841
1368.626422
1368.862802
1368.979046
1369.294029
1369.357681
1369.419203
1369.582756
1370.168566
1370.260193
1370.268140
1371.769242
1371.795866
1372.267766
1372.786156
1372.960317
1373.035479
1373.213204
1373.602570
1374.178181
1374.186209
1374.331740
1374.355087
1376.078848
1376.138527
1376.452362
1376.796590
1383.929242
1383.956726
1384.008335
1384.102994
1384.326021
1384.556503
1384.720384
1384.949883
1385.473679
1385.541960
1385.807299
1386.086400
1386.134774
1387.226931
1387.267482
1387.442586
1387.470643
1387.513856
1387.842601
1388.129362
1388.209152
1388.583035
1389.046743
1389.785989
1393.266729
1393.624351
1394.171412
1394.371011
1394.543657
1394.702295
1394.926920
1400.249508
1401.125683
1401.588204
1401.631375
1401.885450
1401.901179
1401.951764
1402.004398
1402.665574
1403.095982
1404.655493
1404.794143
1404.834406
1404.861317
1405.060383
1405.092413
1405.110804
1405.154591
1405.221970
1405.342761
1405.509550
1405.527163
1405.602816
1405.838336
1405.959823
1406.060544
1406.175724
1406.492959
1406.495908
1406.522900
1406.558413
1409.572127
1410.029158
1410.150851
1410.387640
1412.451738
1413.389435
1413.402460
1413.415322
1413.423718
1413.436744
1413.491098
1413.609718
1413.734687
1413.859492
1413.915238
1413.939569
1413.996708
1414.084813
1414.381732
1414.556631
1414.742589
1414.977290
1415.087800
1415.551549
1415.592305
1415.646413
1415.698883
1415.928095
1416.037908
1416.477573
1416.620073
1416.663204
1417.031557
1417.078374
1417.194660
1417.501327
1417.796813
1417.845924
1417.938739
1418.320241
1418.944635
1420.047196
1420.054569
1420.086968
1420.369961
1420.953477
1421.488865
1422.072873
1422.161306
1422.265139
1422.268334
1422.312038
1422.327890
1422.338949
1422.523146
1422.540800
1422.623539
1432.452383
1436.090819
1436.390973
1445.665423
1446.475858
1446.531686
1446.570639
1446.669926
1447.349903
1447.595131
1447.658291
1448.003297
1448.039301
1448.619213
1448.737956
1448.945500
1448.984494
1449.015869
1449.276252
1449.514230
1449.583534
1449.819955
1450.165780
1450.295132
1450.585375
1450.936115
1451.571692
1451.604255
1451.674296
1453.873603
1454.675231
1454.818959
1454.967235
1455.056568
1455.356764
1455.761039
1457.453138
1460.678451
1464.333844
1465.025004
1465.146737
1465.158902
1465.566700
1471.861268
1484.833997
1492.392550
1492.841800
1515.616379
1578.716733
1578.830438
1580.041667
1580.361728
1581.697106
1582.224056
1582.375363
1586.702787
1587.652035
1588.112548
1588.236370
1588.424499
1588.546888
1588.841636
1589.313290
1589.495521
1589.595791
1591.363912
1591.587308
1593.760481
1596.085658
1596.614697
1596.908298
1597.534577
1600.627876
1601.143521
1601.671537
1602.012119
1602.209300
1609.574810
1610.050929
1610.643784
1612.011151
1612.158566
1612.549857
1612.781732
1612.784722
1612.818391
1616.785572
1619.523543
1619.931587
1620.011459
1620.528947
1629.691453
1631.279841
1638.140764
1670.373253
1714.560000
1755.234386
1757.928940
1758.292951
1758.320271
1758.473748
1804.754412
1896.432681
1918.295695
2051.549839
2057.944556
2111.966003
2112.490168
2115.765903
2117.962752
2118.055690
2131.695616
2131.738706
2131.808584
2131.998884
2132.094812
2132.193608
2138.018161
2140.954255
2141.154918
2141.378150
2141.555016
2141.797581
2142.098145
2147.757466
2149.682094
2149.892301
2149.932073
2149.967462
2150.630646
2151.869153
2152.183726
2152.273019
2156.158771
2156.908257
2157.389660
2157.491855
2157.512581
2157.790822
2157.992100
2158.269317
2158.407926
2159.010980
2159.135089
2163.007160
2163.068355
2163.664855
2163.677225
2163.884728
2163.936911
2164.181893
