91.278623
91.359109
91.376230
91.510743
91.673190
92.830843
94.277304
94.525276
95.122268
95.938191
96.038461
96.382075
97.353032
97.605550
97.822638
98.113044
98.822717
99.319767
99.469025
100.012155
100.171694
100.212081
100.700529
101.643715
104.059249
104.168530
104.245453
104.407327
104.753766
106.227507
110.591549
116.108780
116.234445
117.703107
118.390374
118.637117
119.444521
120.864522
121.319629
121.322988
121.380700
121.477612
121.711493
123.263058
123.380285
124.591063
127.336980
130.197340
130.274918
130.535424
130.753372
131.788923
133.161943
134.362849
134.539182
135.411507
135.457464
136.377590
136.716329
136.734024
137.428623
138.999972
139.029996
139.362550
139.851203
139.857183
140.446024
140.938568
141.008200
142.115226
142.311137
142.572995
142.631690
144.152003
144.164987
147.526902
148.526899
149.251236
151.117865
153.634529
156.128952
157.649428
157.912965
160.037356
160.131195
161.752187
162.826650
162.955592
164.872233
165.631877
165.889638
166.217564
167.268393
168.789565
169.421824
169.556787
169.627771
171.098030
171.277435
171.292918
171.347681
172.086354
172.869140
172.945121
173.119570
173.417390
173.454418
174.414152
176.546570
176.811090
179.207004
179.301622
180.656374
180.691845
180.844298
181.338849
181.364900
181.840896
183.246479
184.924529
185.498010
185.554207
186.764288
187.105608
187.409367
190.173102
190.541537
190.625505
190.845338
191.661711
194.640568
195.806904
196.676608
197.094195
197.181563
197.297439
197.592474
197.759713
198.074368
200.663941
201.857925
203.756667
204.396667
204.440084
205.018030
207.166833
210.887434
211.591209
211.662234
212.357243
212.431340
213.158380
213.271060
214.861742
214.991503
216.260977
216.508539
218.864189
220.333507
222.843372
223.771034
224.655729
224.687800
226.254438
226.752594
227.886285
228.600136
229.398938
231.039549
231.570678
235.825766
236.931482
238.755185
239.280579
239.333622
242.501878
243.274998
244.151255
244.417782
245.367357
248.264376
250.549658
250.847642
251.911250
252.918538
253.083197
253.199360
253.700055
255.672033
258.193940
258.198733
258.600878
263.861330
264.602051
264.728207
264.881070
264.969830
264.977981
265.640755
265.815368
266.255729
266.722591
268.287672
272.161710
272.366305
275.645727
278.232187
278.269460
278.315622
278.633964
278.655017
278.668534
279.209001
279.965819
280.459633
281.922601
286.000005
286.117356
288.484147
289.734656
289.804206
290.051400
290.296955
290.479473
295.988675
296.056095
296.643748
298.029179
298.972037
300.295660
303.587901
305.334927
307.218883
308.188652
308.343398
311.781089
312.946852
317.204029
317.480550
319.861350
320.598917
320.811909
321.049600
324.999823
325.875876
326.069002
327.521526
328.395981
328.528404
328.602337
329.652470
330.776207
331.566858
332.998451
334.284800
335.275254
335.411569
337.613251
342.043238
343.095173
343.312343
343.972045
346.252984
346.469294
348.002959
348.627558
349.671752
349.719880
349.920174
350.875894
351.455601
351.833457
353.068401
356.323574
359.058678
359.406674
359.957914
360.168448
361.707561
362.665902
364.994765
365.351567
367.587123
368.163348
368.841605
370.496389
372.191232
373.268275
375.126917
375.327990
375.726449
375.727514
379.550106
380.133007
380.355092
387.134300
389.733253
392.496046
393.488384
394.254705
394.275430
394.862387
396.497510
397.653606
400.236093
401.493402
403.183985
404.167229
405.226332
406.591078
406.620201
409.199575
411.408343
413.280133
415.803720
417.376461
419.028378
420.841882
421.715722
422.447923
427.370824
427.756790
429.428941
429.486653
429.860291
432.354836
433.074258
435.360768
435.892634
436.621804
436.629668
437.088543
439.329915
439.337615
441.497477
442.524221
442.556539
442.662257
445.625016
449.115587
449.754644
450.380104
451.380101
453.999002
454.387589
454.837535
456.032584
456.110490
457.259377
457.401262
458.279240
458.409452
459.644068
461.889331
461.967565
463.537562
463.674245
465.906852
467.885220
470.462546
472.249836
473.480110
474.003497
474.423009
474.919690
475.429274
475.941192
476.074967
479.748301
481.667564
482.017608
482.181939
482.403942
482.734285
485.541437
486.213919
486.538240
486.580879
487.464305
487.492239
488.747295
490.513080
490.875740
490.889339
493.591470
494.364508
494.790656
496.117268
496.376136
496.515523
496.929464
497.428111
497.442734
499.712246
499.748741
500.658299
501.618033
503.999488
504.299315
505.139569
507.402813
507.486659
508.064768
511.623168
511.766036
512.054231
512.243958
514.239365
514.775409
515.268035
516.685169
517.061427
517.317796
518.129705
518.327624
520.074732
522.504315
523.225702
523.716444
523.937055
526.617969
529.138770
530.896691
530.928271
532.559954
532.940063
533.155389
537.243443
537.546097
538.412892
538.742497
538.987889
542.722662
545.443676
546.252104
547.005112
547.128115
547.147653
547.166986
547.256484
547.697459
547.863306
548.136387
550.129132
552.127365
552.849736
552.918671
553.231442
554.601513
554.964009
555.812372
555.820851
556.502876
557.939302
557.970350
558.437908
558.669537
560.772424
562.651505
562.693038
562.859008
562.869166
563.542999
563.546644
564.032717
564.315259
565.861048
565.870100
566.408561
568.860140
569.885204
570.275021
571.177001
572.058296
572.073165
572.343378
574.750392
574.885560
575.009219
575.362417
576.133980
576.309084
576.542966
578.158797
578.561761
579.086377
579.633644
579.963986
581.260288
582.098698
582.465495
584.581857
584.677130
584.959181
585.255076
585.648210
586.761585
587.050803
587.058299
588.126700
588.417638
589.936271
591.560294
591.779103
594.294661
594.663629
594.942484
596.357325
596.921016
597.272904
597.509980
597.542953
597.552783
598.107218
598.227436
598.527017
601.135063
601.570509
602.544497
602.810737
603.933819
604.513444
605.254287
605.353984
606.867743
607.135539
607.357911
608.004219
608.191775
609.249567
612.006502
612.171694
613.235794
613.755412
613.874156
614.115615
614.353510
614.622863
614.883656
614.956319
615.118725
616.543027
616.747131
616.901796
617.795133
621.301350
621.860700
622.032650
623.092204
623.823012
623.888179
624.192184
624.436224
624.514253
624.603750
624.715694
625.997128
629.027471
630.663905
631.449846
631.952507
634.260767
635.024384
635.638333
636.607201
637.248266
639.214510
639.229460
639.467848
640.784876
641.239982
641.735188
644.489175
645.476516
647.881646
648.182661
648.513331
649.091727
649.700147
651.216241
652.284436
653.811384
654.714921
654.759281
655.485911
656.663224
656.749445
656.881746
657.411482
657.443103
657.466245
658.416148
658.914673
659.013837
659.185132
660.816241
661.044224
661.113815
661.885297
663.825408
663.986749
664.639242
664.716124
664.910029
665.302467
665.491620
666.034012
666.439475
666.747822
667.070300
667.782185
667.836621
669.535969
670.349066
670.366884
670.889042
671.963709
671.979274
672.015852
672.415949
673.108582
673.132749
673.479557
674.263122
675.777495
676.140605
677.006991
677.774131
677.862892
678.011085
678.660424
679.903068
680.266220
682.149560
682.323354
737.687511
738.178458
738.336072
738.887885
738.978447
739.895378
740.059382
741.290557
741.407007
742.300836
742.334587
742.910566
742.942884
743.346831
743.806648
743.880335
743.931331
744.061256
744.315822
744.724439
744.860221
744.904868
744.927519
745.905725
746.059080
746.437509
746.667950
746.706944
746.755891
747.294515
748.373565
748.411740
749.447373
749.490217
749.506191
750.201487
750.971412
751.003484
751.030108
751.736668
751.958958
752.006963
753.297777
753.758290
753.836646
754.322473
754.719457
755.701637
755.925074
757.202780
757.362606
759.415603
760.563384
760.631501
761.195848
761.352438
761.883730
762.053059
762.060677
762.071736
762.174095
762.194289
762.905354
762.911089
764.059116
764.818801
765.093765
765.301637
765.762109
765.780500
765.791273
765.846610
766.384701
766.452122
766.477722
766.481367
766.937252
767.908454
770.934211
771.046482
772.288922
773.519155
774.635233
775.805501
776.292925
777.118515
777.184461
777.677537
777.829376
779.082506
779.832607
779.836785
781.263135
785.264763
785.574502
787.151708
787.161989
787.446047
788.351017
789.286748
790.344581
791.029842
792.654643
792.852972
793.817866
796.764242
796.826337
797.385236
798.928527
799.423201
799.818957
800.007168
800.125338
800.880886
801.080812
801.350738
801.861100
802.042921
802.157486
805.636751
805.728993
806.586122
810.601472
811.875901
813.021348
813.055140
814.327480
814.342103
815.020073
815.112274
815.326700
815.929713
816.134185
817.403781
817.570775
819.292733
819.585229
822.886031
823.324017
824.646124
825.040404
825.240494
826.570260
826.708460
827.091190
828.501115
828.859843
829.041828
829.175398
832.831734
833.066926
835.141714
837.568225
837.812101
843.288617
843.294884
844.653363
846.505697
851.222282
853.541642
853.622456
854.591816
856.409948
856.569569
856.637563
858.194534
858.381107
858.872996
859.092541
859.293614
862.531011
863.643935
864.011919
864.158065
865.815388
866.246205
866.667930
867.285156
868.309934
869.845565
870.760694
871.546962
871.564165
871.701545
872.201667
872.346132
872.498708
872.920924
874.099671
874.253763
875.692278
876.859105
878.601748
878.742446
878.756946
878.829978
879.159009
879.549030
880.134881
880.137093
880.901243
880.916644
880.944251
880.947569
880.964608
881.012285
881.090191
881.127834
881.529283
881.624105
882.533786
882.562867
883.597271
885.815173
886.415196
889.986007
890.322207
892.229714
892.428657
892.864143
897.255014
897.944863
898.032148
901.254922
902.826271
903.719199
904.201585
904.778506
905.041428
909.317612
912.549519
912.602071
912.752763
913.749443
915.356959
919.443251
919.463731
920.309432
921.605366
931.434537
931.644867
936.265769
937.098650
938.369311
940.061368
940.696617
941.130506
942.362214
942.548009
949.007032
950.195118
951.979622
953.920348
954.581647
955.454751
956.721889
956.997714
957.523845
958.999634
959.217254
959.405179
960.109773
960.931021
961.638932
962.364703
962.496963
962.541199
963.746693
964.367647
964.663624
966.835855
966.913597
968.271790
970.633789
974.635868
976.639140
978.966528
981.116396
984.127816
985.825608
987.125105
987.786527
990.388756
991.784837
993.076756
993.963008
993.982382
993.999585
994.652488
995.134423
995.423109
997.768028
1000.857108
1002.119127
1002.527990
1002.618388
1002.719314
1003.082588
1003.498373
1003.954545
1004.505866
1005.336699
1006.865531
1006.876590
1009.817395
1012.964557
1013.063885
1013.065441
1013.552292
1013.790884
1016.154685
1016.285757
1018.179912
1018.895073
1019.568701
1021.688381
1025.380844
1026.168996
1028.270653
1029.277696
1029.427978
1029.804810
1031.878533
1031.967007
1033.217761
1033.669837
1033.733407
1034.743808
1034.860544
1035.298529
1037.203497
1044.366664
1044.439245
1045.360148
1045.917614
1046.097838
1046.129132
1046.351053
1046.633964
1046.904300
1047.976673
1049.091400
1049.212355
1049.813443
1049.933496
1049.965527
1051.363000
1052.397732
1054.209516
1055.675884
1056.008847
1058.020966
1058.596823
1059.162522
1059.323617
1059.767296
1059.907338
1060.577362
1061.169725
1067.108352
1067.205263
1069.341860
1069.674578
1071.477678
1071.516221
1073.548739
1074.021212
1074.327552
1074.471608
1075.692872
1077.798093
1081.035039
1082.691092
1086.425375
1086.566359
1089.175880
1095.695032
1095.917691
1096.552407
1097.018737
1097.261466
1097.747784
1099.018854
1099.020534
1100.307907
1100.662374
1103.212421
1103.335465
1103.364792
1103.610388
1104.533012
1104.534733
1106.006876
1106.596291
1108.798874
1110.078341
1110.476349
1110.946775
1112.342897
1113.420431
1126.568223
1127.566828
1127.812424
1127.921787
1128.836792
1128.941568
1130.673848
1131.116462
1131.520778
1131.653325
1132.275507
1132.304589
1132.755517
1135.156797
1137.237524
1137.245430
1137.290732
1138.011423
1141.608571
1141.693112
1143.248814
1143.262781
1143.697818
1143.747543
1144.987443
1145.170780
1145.576120
1145.886188
1148.953805
1149.025239
1151.174205
1152.344351
1152.603996
1153.362166
1155.456451
1155.471114
1157.792317
1158.033449
1159.136707
1161.989202
1164.235858
1164.339446
1164.387164
1165.569884
1166.314250
1169.256407
1169.520148
1170.568561
1170.657567
1171.810345
1172.508344
1172.946944
1173.132739
1173.734154
1176.888934
1178.437632
1178.581484
1178.665288
1180.504310
1181.965967
1182.756045
1184.146555
1184.164618
1185.325220
1186.029978
1188.112097
1188.936335
1189.141955
1190.561628
1192.583905
1192.942223
1193.023693
1193.702932
1193.740902
1194.583491
1198.302208
1199.114158
1201.103094
1201.326653
1202.169405
1202.933350
1204.175094
1204.601979
1205.265859
1206.001746
1208.251556
1208.322621
1208.435220
1209.294848
1209.545687
1211.048059
1213.342597
1213.372375
1213.425746
1214.594335
1215.392072
1216.286351
1217.469972
1218.131354
1218.749317
1218.877235
1219.905085
1219.967058
1220.912947
1220.939489
1221.452800
1221.635686
1223.112090
1223.853752
1224.724931
1226.262405
1227.238236
1227.544330
1228.279316
1228.427141
1229.191045
1229.872456
1230.234583
1230.939587
1231.007662
1232.202793
1234.922742
1235.240468
1235.443302
1235.718390
1235.768730
1236.049142
1238.441370
1239.431741
1239.562650
1240.024433
1240.251884
1240.475443
1240.972739
1241.680937
1244.010701
1244.530278
1244.659016
1247.295447
1248.979886
1249.278321
1251.615580
1251.942441
1253.318287
1254.544916
1254.553846
1254.582600
1258.940580
1260.812493
1263.654420
1264.194273
1266.753700
1267.072041
1267.086909
1268.287611
1268.345078
1268.536893
1273.100861
1274.489856
1274.595000
1274.788209
1278.715863
1280.735273
1280.771604
1281.654129
1282.363720
1282.490941
1282.752471
1283.230351
1283.342336
1284.312965
1284.369039
1284.379976
1284.701716
1286.385009
1286.557409
1288.334950
1288.681103
1288.768266
1289.938780
1289.940705
1290.512015
1291.688387
1292.021432
1292.027453
1292.127764
1292.856033
1293.038592
1293.268419
1293.434225
1293.862052
1296.297329
1297.420820
1297.713603
1297.812152
1297.822556
1298.036572
1298.143683
1298.174771
1298.234573
1298.316575
1298.326897
1298.360279
1299.104440
1299.246244
1300.252467
1300.538573
1300.907418
1302.095258
1302.331965
1304.409170
1304.995267
1305.216369
1307.346534
1310.167450
1310.185595
1310.238761
1310.342431
1310.366392
1311.071805
1311.344845
1311.442125
1311.651144
1312.523919
1312.540959
1315.185500
1315.876372
1316.606362
1317.096284
1318.157640
1318.384271
1318.586819
1319.778836
1320.257577
1320.895570
1322.161562
1323.021681
1325.413540
1326.002708
1326.011474
1326.696038
1326.732206
1327.729869
1328.247521
1329.407590
1334.033367
1334.046269
1334.050775
1334.661243
1334.859694
1336.323973
1337.058918
1339.078246
1340.320236
1340.599255
1340.920463
1341.178102
1342.143324
1343.741379
1344.880271
1345.059840
1348.079575
1350.822134
1350.934364
1351.707771
1352.561213
1353.085747
1355.409326
1356.391260
1358.006477
1358.035599
1358.061281
1358.574879
1358.791680
1359.229420
1360.111985
1360.218726
1360.536781
1360.546365
1360.698491
1361.044890
1361.936876
1362.000732
1362.109891
1362.959770
1363.881533
1364.912660
1364.984259
1365.196227
1366.339338
1366.831923
1366.947185
1367.042417
1367.149158
1367.176151
1367.381524
1367.462748
1367.632937
1367.782605
1368.505221
1369.128878
1369.337078
1369.431081
1369.512264
1372.449505
1373.383107
1373.677117
1374.362952
1374.589133
1374.896415
1375.344927
1375.475220
1379.358720
1380.084204
1380.493394
1380.506911
1382.251766
1382.530703
1383.752745
1384.541225
1384.649646
1384.911544
1385.256960
1385.578578
1385.711985
1385.908060
1385.922232
1386.296402
1386.397819
1386.403922
1386.461921
1386.503782
1387.430461
1388.065915
1388.073042
1388.188058
1388.223898
1388.809134
1391.400673
1392.352379
1393.415209
1393.517363
1394.091213
1394.108948
1395.184476
1395.237601
1396.443546
1396.605829
1397.603287
1400.222310
1400.852849
1400.968602
1400.976998
1401.695724
1402.153902
1402.281902
1402.338181
1402.782474
1403.325932
1405.136814
1405.218406
1405.574185
1406.372086
1406.435860
1409.481933
1413.426872
1414.173409
1414.525542
1414.537421
1414.665912
1414.923059
1415.002440
1415.160504
1415.528120
1415.622001
1415.882260
1415.935017
1416.637399
1416.961024
1417.995674
1418.291282
1418.690437
1419.803279
1420.197437
1420.270223
1420.301681
1420.342272
1421.212549
1421.339238
1421.909443
1422.205911
1422.250476
1422.356808
1422.730854
1422.987674
1423.244902
1423.567503
1424.102892
1424.343982
1425.663508
1425.965261
1426.431058
1426.505318
1428.064256
1428.856668
1429.205443
1431.141007
1431.647969
1433.308488
1433.673728
1433.703588
1434.087752
1434.289070
1436.498493
1438.598758
1439.133082
1439.626609
1440.706150
1441.520312
1441.538621
1443.007365
1443.106652
1443.419136
1443.425362
1443.425853
1443.914260
1443.975291
1444.751892
1444.992737
1445.398282
1445.466767
1445.752873
1446.345605
1446.396928
1446.466314
1446.499369
1446.533980
1447.570678
1448.218583
1448.660132
1449.113805
1449.210634
1449.842442
1449.976709
1450.630554
1450.938737
1451.495834
1451.583242
1451.681423
1451.757650
1452.076360
1452.151071
1452.641362
1453.127270
1453.265510
1453.297213
1454.133535
1456.959160
1460.413645
1461.379809
1462.556631
1462.630113
1463.503872
1463.517757
1465.124700
1465.207398
1468.895846
1469.327032
1469.384581
1469.636321
1470.464573
1471.617475
1472.853647
1473.471283
1474.927493
1476.661699
1476.778025
1476.793795
1477.990892
1478.377062
1479.160668
1480.573870
1482.201334
1482.340475
1482.609050
1483.802747
1484.174991
1488.576471
1488.791470
1489.335624
1490.633851
1491.279708
1492.154696
1492.555694
1493.595095
1494.371656
1495.329341
1498.374390
1498.720584
1502.143857
1504.219709
1506.889318
1508.307681
1509.444813
1511.600169
1513.646531
1515.092378
1515.782595
1516.517253
1519.297208
1521.114194
1521.899233
1522.416804
1522.904678
1523.295150
1523.919749
1524.221952
1525.305344
1526.094930
1527.920763
1527.956808
1529.428419
1530.016481
1530.502021
1530.927636
1570.468536
1573.247795
1573.376287
1574.351708
1577.200026
1578.171556
1578.226278
1578.806641
1578.893885
1578.902815
1579.025080
1579.366359
1579.927634
1580.462326
1581.768253
1582.217912
1582.514504
1584.985661
1585.620787
1585.792410
1586.205164
1586.741658
1587.230024
1587.664200
1588.284908
1588.416348
1588.788879
1589.971927
1590.328525
1591.636091
1591.676396
1591.813816
1592.488673
1592.837284
1593.104712
1593.189171
1593.278136
1593.743401
1593.796403
1594.384097
1596.627886
1596.695552
1597.637468
1597.838049
1597.956137
1598.329569
1598.352343
1599.246172
1599.398789
1600.503071
1600.560824
1600.650486
1601.112433
1601.404191
1601.475297
1601.913160
1602.194596
1602.218394
1602.678129
1602.693530
1602.738749
1602.978980
1603.325665
1603.644334
1604.741693
1606.733046
1606.810173
1606.973932
1608.117535
1610.583204
1612.172534
1612.531999
1613.698908
1614.155039
1614.166671
1615.091343
1615.636644
1615.998525
1616.250593
1616.588349
1617.199391
1617.302077
1618.112758
1618.147901
1618.211799
1618.482790
1619.874447
1620.326564
1621.314765
1621.326152
1621.438464
1623.222272
1624.036024
1624.882381
1624.963523
1625.243812
1625.260851
1626.617201
1626.968433
1627.417395
1631.156347
1633.356964
1634.776187
1635.054428
1635.728998
1635.994952
1637.057536
1640.823644
1642.157220
1642.519552
1643.346657
1643.960648
1644.045558
1645.035807
1647.611986
1647.617106
1647.954739
1653.916426
1654.893650
1656.109097
1656.727101
1657.318441
1658.417111
1659.801108
1662.474281
1665.011139
1665.794867
1666.131313
1666.480128
1668.501463
1668.672225
1668.696556
1669.292237
1669.991055
1670.269747
1673.573089
1674.585907
1674.877665
1676.604826
1676.732498
1677.741670
1678.052434
1678.523064
1679.289057
1680.706068
1681.575404
1684.162437
1684.666573
1693.667369
1693.980672
1694.106173
1694.156841
1694.344888
1696.481935
1696.913859
1700.594852
1702.930227
1704.953324
1708.372296
1708.885484
1710.868316
1712.100803
1713.626849
1713.731543
1715.023340
1716.308460
1716.758036
1716.861624
1717.016617
1719.374889
1720.087429
1721.603645
1721.686139
1723.024261
1724.686090
1724.730614
1726.046372
1728.235192
1728.294052
1728.360120
1729.434378
1729.438106
1729.530511
1730.796093
1732.442849
1733.770404
1733.806817
1737.941320
1738.070999
1738.200842
1738.572800
1739.303485
1739.477156
1740.507054
1741.507420
1741.951672
1743.726592
1744.856351
1745.943306
1748.040049
1749.631058
1750.028984
1750.438830
1750.951117
1753.879552
1754.151240
1755.668275
1756.052521
1760.193823
1760.849060
1761.287414
1761.686651
1762.481848
1763.413893
1763.989053
1765.428224
1765.886034
1766.008914
1767.501169
1770.397368
1770.846618
1771.653816
1775.878758
1776.467681
1777.742193
1778.246410
1778.298470
1778.361385
1778.367119
1778.442322
1778.787123
1779.775160
1781.758403
1788.882002
1788.950856
1789.145252
1791.902024
1796.658545
1798.060155
1798.072934
1800.044585
1801.028362
1802.402693
1804.133868
1804.650947
1804.845752
1804.881388
1804.949996
1805.080699
1805.834363
1805.839032
1806.403707
1806.798889
1806.994473
1808.063693
1809.094451
1809.361510
1810.583429
1814.455665
1814.483354
1814.498468
1817.249792
1817.720955
1818.610319
1818.656522
1818.784768
1818.936238
1819.329536
1821.009510
1821.073736
1822.505861
1823.689933
1825.540833
1827.102351
1828.097065
1828.736655
1828.879155
1829.870715
1830.499860
1830.522388
1832.792515
1833.125847
1833.797304
1834.058711
1836.074435
1838.286602
1839.743959
1841.573560
1844.294820
1844.520550
1844.891976
1846.856090
1849.011036
1849.854075
1850.558956
1850.589512
1850.826138
1854.539776
1855.294833
1857.033953
1858.270331
1858.689352
1858.723062
1859.176571
1862.390333
1862.521610
1863.396065
1864.027709
1864.968356
1865.123676
1865.366446
1865.770803
1866.850550
1867.460567
1867.804713
1869.367255
1869.421158
1870.915625
1871.235482
1871.245885
1871.422136
1872.097280
1873.357496
1873.506550
1874.619843
1874.742067
1877.774295
1879.160586
1880.132608
1880.208138
1880.337531
1882.652713
1882.808443
1883.801559
1884.382495
1888.281846
1889.149952
1889.270047
1890.373878
1891.203031
1891.878257
1894.044385
1894.185452
1898.607944
1900.149596
1902.637916
1903.822561
1905.973535
1906.025103
1908.136796
1908.166287
1910.052168
1911.397499
1912.349245
1914.220954
1916.325233
1918.895841
1920.412017
1921.599037
1921.633976
1921.648189
1921.774920
1922.631188
1923.650519
1924.246938
1926.828564
1929.496289
1932.217344
1933.697884
1933.803397
1933.975347
1935.340380
1935.466373
1937.482752
1938.123244
1938.715279
1939.395953
1940.023460
1940.097884
1940.481638
1942.372925
1943.305380
1944.176108
1944.290877
1948.797870
1949.023314
1949.246464
1950.340956
1950.825554
1950.854636
1953.114071
1957.326725
1958.003876
1958.359040
1959.655465
1961.051177
1961.616302
1961.928417
1962.090414
1962.886472
1964.676751
1965.447660
1965.982065
1969.186816
1970.276024
1971.651912
1973.697659
1973.819761
1974.872310
1975.216579
1975.754220
1975.770235
1976.635023
1976.726077
1977.109586
1977.115771
1978.906624
1980.838789
1981.611868
1981.962527
1982.701445
1985.218396
1985.287741
1985.801953
1990.055854
1990.168084
1990.260654
1991.505920
1991.639900
1994.264863
1994.354196
1994.601513
1994.749379
1994.836419
1995.012096
1995.432755
1995.680686
1998.327562
1998.386422
2003.101573
2003.179643
2003.236700
2005.714371
2006.950994
2008.489738
2009.356288
2009.856492
2009.948815
2010.253353
2010.255196
2010.269327
2010.281697
2014.256456
2014.592164
2015.257805
2015.307203
2017.205535
2018.179973
2019.993068
2020.307231
2021.469635
2021.912289
2023.053722
2025.088369
2025.256632
2025.851249
2026.879263
2027.874386
2027.921695
2027.964662
2028.355748
2030.258790
2031.859425
2032.116859
2032.532726
2033.298022
2034.348483
2034.370273
2034.445148
2035.195453
2036.381942
2036.569170
2037.464842
2037.521490
2038.090015
2038.803702
2039.922606
2040.554004
2040.591032
2041.185116
2043.758428
2044.048015
2044.311101
2045.142262
2046.355538
2047.194808
2047.609160
2048.637256
2050.815877
2050.831319
2050.939494
2052.739604
2052.874895
2053.061140
2053.326643
2053.525996
2053.880627
2054.473073
2054.897582
2055.250043
2055.271014
2057.909985
2059.618181
2062.558945
2063.432663
2063.781724
2064.650895
2065.244897
2065.546363
2068.049797
2069.074616
2069.473894
2070.814147
2071.011738
2071.109755
2072.670249
2073.791160
2075.285217
2075.452703
2075.550679
2075.570381
2078.493041
2078.782669
2078.891090
2079.417385
2079.884042
2081.547551
2082.859008
2083.977339
2086.949929
2087.003832
2087.040410
2087.976346
2088.643379
2088.722719
2090.096599
2090.824704
2092.390031
2093.715374
2094.951383
2095.844762
2095.989924
2096.616735
2097.352458
2097.915085
2099.955261
2100.643963
2101.176484
2101.681029
2102.936453
2103.024312
2104.151736
2105.404006
2106.163405
2106.318643
2106.467533
2109.923287
2110.514422
2110.741709
2111.508316
2111.698739
2112.198861
2112.773693
2113.152492
2113.270252
2114.967921
2115.701268
2117.322179
2117.345239
2117.550531
2117.925888
2120.244634
2120.307466
2120.606147
2120.609628
2120.728084
2121.436652
2121.437225
2121.439683
2123.321303
2123.614126
2123.650540
2123.747779
2124.606587
2124.869755
2125.526262
2125.791437
2127.393587
2128.934707
2130.446377
2132.155351
2132.408525
2133.376655
2136.426783
2137.245409
2137.360998
2137.886351
2140.021023
2140.546294
2140.825969
2140.993905
2141.233930
2142.460396
2142.681170
2143.837512
2144.822026
2145.650975
2145.957847
2148.476764
2149.080596
2149.111972
2149.286953
2149.298340
2149.332050
2149.572280
2149.835940
2149.879112
2150.161367
2151.229235
2151.265321
2151.900365
2152.331592
2152.626381
2154.677330
2154.707886
2155.347313
2157.306102
2157.419520
2157.786317
2157.826212
2158.492795
2158.730609
2159.410627
2159.677686
2160.452731
2163.871089
2164.969103
2165.789450
2165.810094
2165.830738
2165.992120
