65.381007
65.579500
66.073641
66.581094
66.678211
67.171697
67.327918
67.366830
67.413197
67.508634
67.565527
67.696271
67.973775
69.659034
69.904998
70.051676
70.488146
70.493143
70.543401
70.583378
70.607380
70.857810
71.012966
71.075144
72.676762
73.131131
73.161851
73.241395
73.245164
73.434235
73.724232
74.938655
75.176182
75.266294
75.281572
75.287962
75.340718
75.353620
75.400643
75.456594
75.492884
75.580662
75.799388
75.873198
76.136940
76.237496
76.376433
76.462776
76.625469
76.749292
76.773007
76.841779
76.851855
76.870984
76.963922
77.196124
77.261988
77.314417
77.361603
77.389783
77.444383
77.536829
77.606339
78.112399
78.278779
78.312694
79.120998
79.142871
79.854592
79.909437
79.935611
79.953879
80.199025
80.275743
81.320550
81.807729
83.337216
83.450307
83.481518
83.566387
83.615334
83.628769
83.682673
83.710116
83.790643
84.355727
84.446413
84.561633
84.905943
85.411021
85.447311
85.479301
85.585797
85.713060
85.849252
85.915935
86.027059
86.122414
86.484296
86.998630
87.476756
87.933747
87.961231
88.022630
88.625111
88.648540
88.763924
89.186755
89.195766
89.235087
89.251635
89.269371
89.293578
89.309839
89.573868
89.821348
89.899336
89.936568
89.943818
89.987645
90.082591
90.144809
90.263552
90.451436
91.129160
91.371233
91.639398
92.163809
92.296315
92.421980
92.619612
92.892283
92.976497
93.504635
93.624443
93.632225
93.658522
93.999391
94.253138
94.302536
94.357709
94.383227
94.405181
94.411284
94.429061
94.479770
94.516797
94.599660
94.783488
94.884618
94.939505
95.113421
95.140659
95.444582
95.688786
95.697142
95.812280
95.825265
95.909110
95.948308
96.018186
96.724992
96.737853
97.142292
97.226342
97.311744
97.600020
97.671864
97.783112
97.857208
98.768404
98.852987
98.916270
99.042468
99.123896
100.312637
100.701184
100.931133
101.091983
101.225431
101.300675
101.321523
101.413970
101.545574
101.658870
101.954970
102.534267
103.274291
103.364977
103.443866
103.462420
103.540204
103.601889
103.668408
103.857807
104.140227
104.236114
104.391557
104.725709
104.801321
104.861164
104.928379
104.936694
105.372508
105.579151
106.182451
106.710303
106.810204
107.214807
107.233526
107.883725
108.011520
108.081193
108.520530
108.574228
108.647793
109.307331
109.919109
109.937009
110.396498
110.411162
110.782136
111.141437
111.152333
111.170273
111.178834
111.194030
111.211233
111.256289
111.293317
111.310889
111.407882
111.583355
111.953265
112.030679
112.134103
112.246579
113.438065
113.718067
113.850573
113.952768
114.280161
114.395259
114.493440
115.246817
115.345408
115.618529
115.665388
116.419830
116.471316
116.529480
116.666900
117.324227
117.411389
117.422203
117.906227
117.973647
118.283919
118.645760
118.679511
118.750249
118.794158
118.899425
118.946488
118.956114
119.229235
119.280026
119.297638
119.321969
119.365837
119.412654
119.500390
119.577764
119.679713
119.688151
120.958894
121.261629
121.675407
121.832161
121.873326
122.116055
122.282148
122.559529
123.267236
123.339735
123.386511
123.430011
123.505664
123.508163
123.512177
123.650294
123.656479
124.048179
124.145951
124.250317
124.374344
125.007176
125.511598
125.571809
125.865574
126.133248
126.229750
126.323548
126.613381
126.659707
126.749204
127.099331
127.302328
127.553577
127.656018
127.763825
128.136684
128.213402
128.416973
128.457646
128.598344
128.644260
128.656876
128.724828
128.787866
128.815882
128.962232
129.040916
129.298473
129.463050
129.525228
129.700413
130.004091
130.100716
130.113454
130.131354
130.156954
130.216141
130.285404
130.290934
130.434212
130.521006
131.154207
131.232440
131.989668
132.178698
132.474388
132.612710
132.751032
133.216051
133.323653
133.379072
133.489869
133.557207
133.850972
133.925028
134.085059
135.071908
135.237673
135.789486
136.404337
137.097052
137.167667
137.230295
137.314427
137.529958
138.128425
138.400973
138.704200
138.994196
139.006648
139.104870
139.415306
139.599340
139.868324
139.945820
140.046049
140.504351
140.879258
140.958966
141.828874
142.311916
142.406656
142.489190
142.735974
142.884577
143.047803
143.095849
143.146926
143.701811
143.730647
144.075940
144.222618
144.376873
145.002086
145.013023
145.300644
145.555661
145.633239
145.679237
146.214502
147.027804
147.130655
147.582403
147.733094
147.876618
148.128481
148.860723
149.072773
149.161738
149.954437
150.081946
150.190326
150.281830
150.442639
150.882140
151.116677
151.283343
151.417242
151.435264
151.448044
151.523246
151.534387
151.550976
151.646577
151.713260
151.747379
152.071660
152.537825
152.713134
152.858542
153.353380
153.759089
154.134774
154.259866
154.384589
154.492191
155.268260
155.565834
155.604664
156.081357
156.088484
156.271411
156.345098
156.525363
156.594422
156.855214
157.435208
158.329815
158.449910
158.599619
158.711972
158.748180
158.791598
158.810931
158.829650
158.906286
158.920909
158.927749
159.348244
159.875564
159.991931
160.389448
160.753992
161.537720
161.961943
162.022359
162.263368
162.369577
162.540175
162.668175
162.680914
162.739118
162.914591
163.212739
163.298714
163.733053
163.839099
163.923108
164.239319
164.300472
164.365230
164.543857
164.936909
165.043405
165.318574
165.720637
165.792317
165.808701
165.819515
165.839217
165.931377
166.160671
166.389350
166.491996
166.509404
166.521487
166.564946
166.608118
166.641664
166.679593
167.187497
167.617987
168.183235
168.396964
168.414495
168.775352
168.899092
168.988099
169.048842
169.067438
169.110241
169.144893
169.151734
169.223905
169.288335
169.349652
169.387213
169.473679
169.501983
169.573581
169.671639
169.865011
169.882706
169.894011
169.913999
169.928663
170.046136
170.058465
170.266296
170.338345
170.545603
171.074028
171.596308
171.764654
171.810734
171.841741
171.888927
171.985920
172.040929
172.045476
172.125553
172.395151
172.490056
172.654592
172.734300
172.785582
173.009674
173.221929
173.312901
173.334446
173.350216
173.378150
173.437501
173.500662
173.547479
173.674209
174.325309
174.390354
174.823547
175.194358
175.422587
175.750922
176.168346
176.275907
176.426066
176.577167
177.089331
177.390060
177.986806
178.105016
178.115830
178.180178
178.230641
178.329682
178.478244
178.688983
179.062579
179.474719
179.574292
180.052173
180.181934
180.719288
180.755988
180.805263
180.867113
180.910694
180.977091
181.308867
181.324390
181.383414
181.507482
181.595177
181.777039
182.897172
183.597179
183.619215
183.650181
183.685161
183.699210
183.744635
183.887995
183.908803
184.399708
184.464015
184.963645
185.056051
185.181553
185.732014
185.914081
186.126664
186.367918
186.953810
187.401748
188.268339
188.284314
188.558377
188.654387
188.858081
188.897772
188.960481
188.979651
189.009592
189.037773
189.164954
189.446185
189.593068
189.645128
189.711770
190.028718
190.677484
190.908867
191.182561
191.220900
191.274762
191.320719
192.565903
192.578028
192.702996
192.815309
193.046692
194.291999
194.434580
194.574868
194.774589
194.793882
194.918072
195.118285
196.314071
196.419297
196.443259
196.568269
197.176443
197.243658
197.280154
197.363220
197.367644
197.470331
197.600993
197.702164
199.410647
199.637729
199.921172
199.989125
200.146657
200.170127
200.195686
200.243732
200.257741
200.273060
200.350188
200.392090
200.458240
200.632975
200.650424
200.950989
201.432596
201.498378
201.574236
201.707110
201.896018
201.985147
202.140795
202.939351
203.088609
203.180728
203.269775
203.318190
204.361155
204.618588
204.692521
204.757688
204.830310
205.694976
205.754655
205.780378
205.888512
205.935739
206.081516
206.098514
206.218813
206.437212
206.451098
206.588068
206.789509
206.813430
207.022899
207.122842
207.214674
207.411896
208.027197
208.065905
208.433562
208.870932
208.973292
209.254236
210.232320
211.055247
211.561226
212.027884
212.736655
212.780401
212.906557
212.985242
213.237105
213.448868
213.671936
213.736980
214.034022
214.229197
214.395372
215.029105
215.321682
215.642317
215.678730
215.744799
215.782031
215.853261
216.007844
216.638095
216.914412
217.458319
217.670861
217.754296
218.011935
218.157220
218.252861
218.260234
218.275185
218.361569
218.373038
218.484122
218.516767
218.566533
218.701005
218.858906
219.025203
219.144110
219.401421
219.774157
219.782717
219.860541
220.182897
220.213617
220.231926
220.416041
221.202678
221.662249
221.738762
221.811835
221.911163
221.920952
222.419886
223.020360
223.036539
223.101379
223.189074
223.595520
224.008602
224.022856
224.084337
224.133284
224.237773
224.531333
224.940564
225.180631
225.776722
226.184479
226.477752
226.610258
226.968863
227.005932
227.230761
227.728916
227.785482
227.846226
227.861668
227.945595
228.003348
228.074742
228.828324
228.863713
229.050327
229.238497
229.582889
229.688771
229.700608
229.761024
229.949850
230.693274
230.795674
231.669760
231.709368
231.723786
231.809966
231.884349
232.170045
232.250204
232.670208
232.799273
233.151447
233.234924
233.451766
234.190111
234.839286
235.157422
235.225784
235.315364
235.372339
235.496694
236.558295
236.944220
237.437051
237.489848
237.549773
237.635011
237.638083
237.775503
237.914235
237.996032
238.069842
238.129029
238.254531
238.671217
238.868767
238.908908
239.143649
239.224340
239.252931
239.332680
239.479972
239.947284
240.015155
240.049562
240.066806
240.095846
240.168632
240.524780
240.612680
240.651182
241.155482
241.931387
241.955799
242.159616
242.166948
242.209505
242.223145
242.260910
242.270740
242.287944
242.322924
242.342830
242.410127
242.415534
242.485084
242.551644
242.564178
242.708234
242.742313
242.926060
243.127378
243.399229
243.853599
244.396892
244.792934
244.931871
245.311652
245.710889
245.740134
245.895987
246.004408
246.027756
246.118973
246.793298
246.895124
247.125361
247.178322
247.318528
247.524884
247.716495
247.795671
247.976960
248.112374
248.295219
248.454513
248.828314
249.413714
249.463153
249.481421
249.851085
250.205594
251.049697
251.112448
251.217019
251.340759
251.375206
252.206326
252.416532
252.606751
253.421773
253.756170
253.962486
253.969285
254.136115
254.304625
254.551777
254.668513
255.464530
255.648276
255.783854
256.079954
256.394650
257.137664
257.229496
257.320673
257.472061
257.518019
257.567252
257.642619
257.782948
257.886781
258.133361
258.793390
258.813542
258.829066
258.876129
258.934333
259.001836
259.007365
259.253821
259.312067
259.370516
259.710607
259.768893
259.956818
260.187668
260.750172
261.268111
261.705892
261.839790
262.060278
262.260900
262.372516
262.506004
262.547251
262.723133
262.861988
262.985400
263.496622
264.230052
264.431903
265.059205
265.086484
265.138217
265.200435
265.561866
265.664635
265.699410
265.764086
265.818235
265.909043
266.221076
266.485023
266.695270
267.743191
268.081971
268.587049
268.695020
268.859597
269.558456
270.006764
270.368891
270.449254
271.173960
271.190180
271.200543
271.219057
271.293194
271.306056
271.358444
271.436964
271.944827
272.483820
272.706314
272.731464
273.111491
273.300808
274.175304
274.244772
274.329436
274.472960
274.862449
274.886574
275.029975
275.379323
275.592520
276.115374
276.209336
276.311204
276.368261
276.573020
276.660716
276.728300
276.841308
277.652480
277.996626
278.272942
278.724690
278.766182
278.772122
278.891766
279.576576
279.958405
280.274412
280.307958
280.333189
280.394465
280.508416
280.552612
280.932680
281.091564
281.994609
282.311844
282.464870
283.083735
283.289805
283.382333
283.527823
283.696169
283.882332
283.956265
284.267315
284.388311
284.721562
284.810363
284.911124
284.995625
285.062267
285.177979
285.209313
285.297418
285.312164
285.873234
285.936394
286.534492
287.060296
287.503114
287.775662
287.998566
288.264561
288.383140
288.894689
289.344225
289.911808
290.031985
290.116239
291.550331
292.209213
292.415652
292.722483
292.882596
292.963942
293.175419
293.279252
293.834056
294.121431
294.140436
294.153462
294.363218
295.347282
295.529062
295.584932
295.711703
296.190157
296.251187
296.754299
296.762655
296.937595
297.067971
297.286164
297.391677
297.921577
298.047734
298.581893
298.636902
298.715546
300.217508
300.376596
300.453970
300.876800
301.128376
301.297295
301.343498
301.417390
301.488865
301.500293
302.007173
302.056858
302.067712
302.204559
302.303560
302.380032
302.571889
302.990213
303.165030
303.259853
303.318426
303.360205
303.372698
303.395267
303.427666
303.478415
303.492260
305.650033
305.718149
305.817313
305.875436
306.532557
306.598257
306.630164
306.687427
306.916721
307.217367
307.873178
308.514898
308.570808
308.584407
309.319107
309.370429
310.133596
311.513088
311.655834
311.669105
311.706501
311.719485
311.756636
311.863706
312.010834
312.084972
312.247910
313.167012
313.302016
313.644442
313.854853
313.866404
313.958195
313.986376
314.028605
314.120806
314.129777
314.505626
314.598973
314.728694
314.788946
314.797220
314.948649
315.229757
315.357471
315.577467
315.703910
315.778007
315.865989
315.911455
315.915510
315.962655
315.972813
315.994399
316.033925
316.072059
316.117402
316.581847
316.945777
316.999270
317.026140
317.895967
317.970268
318.049772
319.031665
319.248425
319.372984
319.808922
319.836406
320.378429
320.791634
320.806953
321.286717
321.532355
321.556193
321.623491
321.633075
321.712538
321.726423
321.739530
321.856102
321.864417
321.920860
322.038211
322.131722
322.464727
322.844058
322.962473
323.306578
323.323372
323.623322
323.802563
323.860931
324.109599
324.241859
324.615905
325.211423
325.363630
325.842944
326.253609
326.529311
326.797066
326.998999
327.022469
327.600947
327.868129
327.947715
328.032379
328.119665
328.163410
328.190484
328.641536
328.762409
328.862597
328.877588
329.000059
329.206333
329.319547
329.444188
329.642885
329.672909
329.748316
329.964585
330.221076
330.317947
330.883809
330.924360
331.156152
331.408916
331.456061
331.583037
331.671962
331.715871
331.742044
331.790090
331.802583
331.879916
331.931607
331.955896
333.291274
333.339402
333.373850
333.415711
334.057636
334.387773
334.595031
334.623375
334.801469
335.110963
335.198249
335.810314
336.191160
336.255263
336.527606
336.945562
336.997786
337.032151
337.038500
337.081262
337.172070
337.243341
337.457357
337.528177
337.546813
337.621279
338.017444
338.985206
339.050578
339.380224
339.479880
340.415857
340.469514
340.578386
340.808172
341.269012
341.310505
341.407703
341.492736
341.719900
341.850604
341.971313
342.114877
342.284820
342.368502
343.034962
343.067689
343.187988
344.091812
344.229151
344.295997
344.350351
344.383857
344.454513
344.468849
344.585093
344.822129
345.131950
346.097910
346.423542
346.930708
348.167619
348.263834
348.447457
348.580905
348.741714
349.151519
349.609206
349.998326
350.132756
350.577459
351.412552
351.606989
351.732367
351.974236
352.209265
352.340787
352.681779
353.045217
353.630126
353.685832
354.481152
354.779955
354.802811
354.831278
354.955264
355.268362
355.544146
356.014490
356.101857
356.180255
356.644413
356.922900
357.257789
357.371208
357.985649
358.581740
358.631424
359.197123
359.350067
359.412204
359.852360
360.067400
360.655995
360.707809
360.761303
360.763720
360.830812
361.115402
361.423667
361.519596
361.545974
361.559532
361.587999
361.639363
361.654026
361.691628
361.716040
362.331873
362.492477
362.618348
363.238031
363.599749
363.759616
363.820401
363.880325
364.117074
364.787671
364.801966
365.306348
366.150779
366.687764
367.012332
367.802327
368.437371
368.578806
368.596378
368.649994
369.160438
369.239736
369.546732
369.880433
369.966940
370.062377
370.116157
370.191565
370.299003
370.424996
370.534318
370.640364
370.659123
370.711634
371.043328
371.063030
371.154698
371.262300
371.941376
372.700406
372.889764
372.905943
372.934083
372.957921
372.994949
373.008220
373.111276
373.295063
373.371044
373.537956
373.662556
374.578135
374.642688
374.843146
375.193518
375.503790
375.934607
376.468685
376.501289
376.616141
376.889385
377.046958
377.153700
377.741189
378.594427
378.693673
378.813030
379.597373
379.724718
380.034785
380.501647
380.711281
380.989809
381.545226
382.042481
382.405263
382.429512
382.614979
382.631854
382.688788
383.024128
383.669658
383.858893
384.285778
384.875438
385.135002
385.471816
385.713766
385.866424
385.941504
386.525716
386.601820
386.656502
386.692547
386.722775
386.773320
386.832179
386.889359
387.059139
387.664118
388.308992
388.500398
388.697539
388.740792
388.820828
388.935066
389.021532
389.376328
389.627453
389.643674
389.678531
390.010020
390.260163
390.290596
391.381524
391.628227
391.938826
391.971267
392.244019
392.391229
392.708997
392.899133
392.912527
392.933417
392.955290
392.971346
393.038479
393.193349
393.315082
393.636823
393.766298
393.809510
393.844613
394.018939
394.372137
394.702152
394.842808
394.864722
394.938655
395.192730
395.768422
395.995873
396.100813
396.151767
396.173926
396.396954
397.010534
397.683180
397.770629
397.780214
398.313513
398.611128
398.805115
399.149834
399.188623
399.471739
399.693701
400.223109
401.262469
401.348485
401.528873
401.689190
401.712824
402.278564
402.376253
403.950797
403.989299
404.007035
404.070359
404.144865
404.224041
404.273193
404.732723
405.327421
405.475492
405.489172
405.594071
405.794284
406.016082
406.395658
406.487572
406.605988
406.735831
407.179305
407.591363
407.623803
407.731487
407.784817
407.826924
407.886725
408.641905
408.674181
409.439273
409.526149
409.821020
409.930875
410.019840
410.624492
410.720420
410.750566
410.820731
410.838180
411.580785
412.082545
412.097044
412.106588
412.115395
412.145336
412.149842
412.161352
412.205056
412.216689
412.227215
412.272968
412.282102
412.350751
412.360827
412.364186
412.479324
413.173228
413.222216
413.443850
413.794959
413.872087
414.298726
414.447206
414.494925
414.671258
414.945362
415.156593
415.221064
415.323709
415.457772
415.532646
415.635046
416.773489
417.492910
417.537188
417.543619
417.586504
417.628652
417.946747
418.040463
418.202542
418.402509
418.512118
418.815590
419.640648
419.792159
419.881615
420.377272
420.458783
420.476969
420.510228
420.534190
420.535542
420.554465
420.631675
420.784660
420.957143
421.043077
421.185782
422.224609
422.875873
423.156777
423.256883
423.657144
424.021443
424.036311
424.056300
424.082227
424.129618
424.130601
424.249221
424.388649
425.242542
425.319547
425.494938
425.692979
426.101350
426.155663
426.218291
426.264740
426.334577
426.511811
426.862797
427.284603
427.878810
427.885117
427.897897
427.986534
428.102246
429.327155
429.769974
430.039450
430.855209
430.938522
431.593759
431.796019
431.914271
432.392929
433.099162
433.295852
433.552671
433.872732
434.594120
434.787246
435.038659
435.147571
435.244114
435.292979
435.364823
435.413729
435.466813
435.505193
435.911311
436.315709
436.344259
436.807311
437.317100
437.824143
438.584361
440.232305
440.322580
440.396513
440.449597
440.589025
441.019679
441.032786
441.096315
441.188925
441.221652
441.240863
441.326141
441.522094
441.831014
441.845391
442.096108
442.584474
442.910597
443.113923
443.796685
443.855380
443.924521
444.036465
444.607201
444.653036
445.375652
445.412598
446.304952
446.722294
446.849229
447.609979
447.669780
447.677563
447.693046
447.767634
447.804744
447.860122
448.401408
448.962929
449.065984
450.211103
450.248417
450.313667
450.378179
450.429747
450.801828
451.717243
451.723551
452.355031
452.400824
452.426752
452.509204
452.653015
452.674028
452.719165
452.904878
453.029724
453.429821
454.206587
454.319432
454.383903
454.419128
454.740828
454.996091
455.695155
456.479252
456.601068
457.370952
457.381478
457.451151
457.489326
457.499034
459.449672
460.339118
460.372173
460.477645
460.607898
460.728320
460.842066
460.942664
461.081846
461.184942
461.387162
461.393019
461.477642
461.553746
461.623132
461.713736
461.730939
461.867500
462.010409
462.089544
462.113014
462.148567
462.217994
462.227538
462.609244
462.672077
462.742282
463.173304
463.563284
463.646556
463.768576
463.847752
464.383386
464.664945
464.682025
465.448796
465.778524
466.065080
466.324316
466.416558
466.977178
467.580068
467.683983
468.652851
468.817388
468.882596
469.145190
469.158912
469.209375
469.572649
469.683651
469.696184
469.798175
469.904794
470.068101
470.234071
470.666813
470.710272
470.721249
470.774047
470.785884
470.817423
470.862234
470.899671
471.036273
471.753892
471.849697
471.892910
471.959798
472.015913
472.101110
472.141947
472.164106
472.377754
472.414577
472.553021
472.635679
472.809267
473.130598
473.471672
473.561948
473.574973
473.692406
473.862881
474.103235
474.163692
474.348216
474.903757
474.949632
474.999849
475.070013
475.098931
475.405025
475.494195
475.745608
475.986698
476.081070
476.664750
477.050184
477.395190
477.460439
477.557965
478.078648
478.249206
478.457405
478.622556
478.660321
478.705459
478.726676
478.856028
478.906368
479.136440
479.861432
479.872287
480.318095
480.347750
480.377283
480.693371
480.842179
481.167360
481.216922
481.735475
481.852293
481.936507
481.978655
482.008678
482.085929
482.091704
482.272215
482.276803
482.914673
483.089736
483.103867
483.691356
484.178207
484.289864
484.345938
484.380017
484.402094
484.406026
484.445471
484.545249
485.088051
485.222072
485.308498
485.534188
485.612708
485.666488
485.944238
486.172836
486.460948
486.661980
486.702367
486.996214
487.046267
487.120404
487.497851
487.598858
487.727063
489.001411
489.048310
489.646244
489.753641
489.994609
490.037617
490.047898
490.081116
490.124657
490.205962
490.269491
490.444923
490.578248
490.761953
490.814792
491.333100
492.051415
492.304507
492.353864
492.384625
492.454257
492.553093
493.023355
493.129482
493.326049
493.503406
493.618831
493.683057
493.749084
493.828137
493.936353
494.279844
494.438564
494.886666
494.972805
495.058616
495.195136
495.201321
495.809741
496.185590
496.289464
496.416768
496.483410
496.572867
496.630825
496.848896
496.976527
497.466982
498.784993
498.798633
498.911314
499.027886
499.112305
499.347825
499.697664
499.719987
499.894190
500.591124
500.788429
501.523210
501.607465
501.633393
501.701837
502.170214
502.670828
502.857851
502.940140
502.971924
502.977044
503.023862
503.034511
503.064125
503.107379
503.130317
503.191388
503.897334
504.065802
504.306524
504.667750
504.704737
504.776212
504.831263
504.941773
505.045934
505.103401
505.181880
505.277194
505.337569
505.345638
505.779405
506.032169
507.364311
507.970847
508.221727
508.355011
508.431319
508.490670
508.801147
508.874588
509.110026
509.231841
509.280952
510.488904
510.594908
510.645207
510.723195
510.758625
510.838170
510.846484
510.936801
510.977966
511.013356
511.060255
511.132836
511.176131
511.204147
511.245599
511.312486
511.453962
511.520686
511.632671
511.906652
512.027566
512.035758
512.376136
512.456008
512.700826
512.778568
512.978002
513.060946
513.093509
513.136312
513.176453
513.197998
513.235026
513.261650
513.293640
513.378140
513.756242
513.904026
513.959322
513.988321
513.994220
514.010440
514.089001
514.149745
514.335048
514.387395
514.452029
514.482422
514.525266
514.542182
514.580808
514.669117
515.214909
515.767460
515.849175
516.046111
516.197417
516.301414
516.428800
516.726579
517.227561
517.608858
517.762212
518.302433
518.570107
518.616965
518.669885
518.776627
518.852608
519.201587
519.986627
520.129536
520.204206
520.359240
520.549499
520.732221
520.830403
521.877627
521.980928
522.394870
522.538148
522.596884
522.611057
522.628874
522.676470
522.773668
522.833347
523.102003
523.221565
523.226194
523.243889
523.300250
523.325194
523.410022
523.500667
523.627848
523.732582
524.166349
524.211978
524.288328
524.367790
524.429230
524.449792
524.560712
524.688548
524.695511
525.472072
525.679452
525.736387
525.802004
525.866598
526.187069
526.233764
526.290289
526.332355
526.462239
526.590771
527.232164
528.251331
528.811008
528.987996
528.993526
529.043415
529.106903
529.137009
529.155113
529.217536
529.321492
530.147246
530.291384
530.736783
530.759516
530.824888
530.993111
531.327468
531.609805
531.631800
531.713720
532.566262
533.608284
533.886484
533.938176
534.010143
534.277816
534.345277
534.513582
534.662349
534.758154
534.873498
534.934282
535.022551
535.078420
535.298007
535.346545
535.357071
535.609303
536.028979
536.303739
536.361452
536.402371
536.491827
536.517100
536.577065
536.659968
536.719401
536.839905
536.928420
537.046548
537.066250
537.194578
537.383772
537.488138
537.575096
537.776742
537.839329
537.857966
538.006979
538.186056
538.349404
538.417398
538.476421
538.483139
538.555310
538.729185
538.797670
538.942341
539.031265
539.065713
539.069522
539.182121
539.259740
539.618222
539.893146
539.931197
540.036997
540.933366
541.032940
541.045801
541.423657
541.482312
541.534781
541.604127
541.729423
541.898711
542.163026
542.297907
542.318961
542.444462
542.455603
542.587126
542.716600
542.849843
543.396659
543.960760
544.050340
544.610304
545.216963
545.287823
545.303552
545.343652
545.387110
545.434214
545.467556
545.522524
545.671414
545.862287
546.100511
546.214912
546.549514
546.582036
546.623160
546.671206
546.782126
546.851512
547.146179
547.513754
548.006011
548.014858
548.446495
549.078835
549.168947
549.785887
550.124175
550.274417
550.522552
550.546432
550.563471
550.615532
550.628925
550.673613
550.776340
550.822052
550.994493
551.179100
551.243080
551.273800
551.387259
551.513416
551.901716
552.759992
552.847524
553.130476
553.246269
553.690112
553.702728
553.728901
553.816678
553.972244
554.147922
554.441400
554.909942
555.134730
555.193917
555.197276
555.332690
555.682980
555.800740
556.230861
556.910797
557.004145
557.033800
557.081887
557.117522
557.185393
557.215416
557.271409
557.330760
557.372908
557.726269
557.858652
557.909279
558.021632
558.368072
558.596219
558.613012
559.196365
559.261491
559.332024
559.638774
559.708365
559.778652
559.792783
561.154212
561.289503
561.652941
562.190541
562.567250
562.668298
562.801951
563.631473
564.293796
564.411761
565.285396
565.873009
566.598410
567.404790
567.423468
567.452713
567.470285
567.524680
568.158904
568.239677
569.507348
569.613394
570.395771
570.542694
570.552771
570.564813
570.592256
570.606510
570.666312
570.680197
570.849485
570.912932
571.022541
571.033272
571.775427
572.110070
573.288202
573.635215
573.783040
573.819945
573.877371
573.903708
573.939876
573.979566
574.055793
574.144061
574.198170
574.319657
575.519703
575.582945
576.019579
576.295936
578.312643
578.441585
578.995855
579.187671
579.351757
579.436462
579.448340
579.501384
579.523133
579.575153
579.611648
579.699384
579.892838
580.115128
580.178944
580.285153
580.352614
580.879114
580.950385
580.988191
581.098291
581.575721
581.620449
581.714575
581.753815
581.863096
581.954888
582.581166
582.640271
582.654730
582.681682
582.801367
582.847037
583.354982
583.472865
583.719076
585.214730
585.491292
585.535857
585.607332
585.657836
587.028316
587.210097
587.374510
587.924152
588.032983
588.224799
588.322570
588.419604
588.543877
588.836004
589.062922
589.097370
589.113590
589.150700
589.252116
590.452572
590.529946
591.121531
591.243919
591.789752
591.816376
591.887647
591.992300
593.103053
593.117143
593.159946
593.196564
593.207828
593.276887
594.661868
594.679439
595.151135
595.560366
595.629670
595.715932
595.739566
595.827548
596.104069
596.220600
596.860355
596.958822
597.266801
597.353882
597.460050
597.777940
597.828608
597.920645
598.011658
598.035333
598.057206
598.078915
598.149243
598.187745
598.255862
598.595174
598.853796
598.864118
598.953370
599.151084
599.387914
599.466721
601.130353
601.159188
601.238077
601.322783
601.357681
601.955820
601.968353
605.789471
605.952778
606.183875
606.803927
606.807368
607.089992
607.569551
609.543045
609.716675
609.727857
609.768899
609.781760
609.851228
611.496346
611.772498
611.886776
612.594442
612.682834
612.763402
612.788347
613.385421
614.284001
614.680699
615.073956
616.707768
616.895119
617.004810
617.413837
617.615729
617.817334
617.937224
618.633011
619.250278
619.806106
620.181545
621.554811
622.214308
623.832064
625.056031
626.002944
626.333368
627.444572
629.304975
629.331231
629.364163
629.386732
629.409997
629.627290
630.578381
631.226327
632.015790
632.106435
632.254505
633.126584
633.163325
633.229312
633.701786
633.947095
634.437796
634.500915
634.622689
634.718372
635.416125
635.978424
636.021023
636.031795
636.074639
636.127109
636.141732
636.189614
636.588769
637.047071
638.174863
638.492959
638.558659
638.853980
639.397274
639.513149
639.556567
639.603302
640.834478
640.902226
642.168504
642.299208
642.350039
643.267338
643.895583
644.666204
644.703683
645.041603
646.086779
646.161572
646.229361
692.812431
693.386772
693.796495
693.991588
694.341222
694.449070
694.456934
694.548234
694.623355
694.646170
694.699622
694.882550
694.988186
695.289487
695.313162
695.345439
695.373537
695.396147
695.450378
695.514358
695.559864
695.619011
695.642849
695.723008
696.155013
696.682004
697.104507
697.172419
697.347809
697.586852
697.687982
698.131415
698.587341
699.127521
699.177370
699.284685
700.611092
701.250642
701.538632
702.136607
702.457324
702.654341
703.002255
703.583683
703.594373
703.786926
704.459039
704.569917
704.752968
704.807813
704.943677
705.631191
705.697833
705.821286
706.209096
706.378670
706.499666
707.755868
707.877601
708.421509
708.917699
709.349458
709.753283
709.848146
709.957632
710.130606
710.183526
710.322708
710.763561
711.118316
711.277404
711.300628
711.404503
711.473889
711.535165
711.632077
711.754793
711.911711
712.599511
712.976753
713.191875
713.314591
713.790464
714.081444
714.490839
714.655703
714.933658
716.164014
716.667781
717.711155
718.059766
718.534943
719.338660
719.345091
719.385559
720.008110
720.623903
721.101783
721.384858
721.924301
722.491310
723.356590
723.474678
723.820626
724.161249
724.448338
724.634870
724.819927
725.449646
725.481021
725.521818
725.549957
725.621883
725.667144
725.934408
725.986099
725.996708
726.047416
727.341834
727.946650
727.976673
728.067686
728.285839
728.665866
728.878981
729.015828
729.410601
730.967491
731.073864
731.153981
731.357143
731.556659
731.596759
731.941560
731.969413
733.422551
733.493453
733.542277
734.008730
734.075249
734.259364
734.368236
734.479360
734.642053
735.535432
735.589990
735.702876
735.813919
736.028549
736.416850
736.437494
736.535388
736.642785
736.953590
737.170760
737.458627
737.831813
737.902428
738.476360
738.558484
739.536855
739.955753
740.085187
740.661821
741.198643
741.400904
741.572239
741.650186
741.662761
741.695324
741.703188
741.726986
741.773967
741.880381
742.547702
742.929736
743.602872
745.027052
745.048433
745.130353
745.613271
746.482975
747.401912
748.502548
748.600115
748.718612
748.854804
749.040681
749.091062
749.122068
749.163643
749.651517
749.668188
749.821911
750.418862
751.938109
753.230070
753.443512
754.076672
754.151178
755.179028
755.977789
756.244070
756.467139
756.783636
756.929331
757.262090
758.572319
758.685737
758.773350
758.897500
758.974792
759.096279
759.369114
759.440220
762.682409
762.734019
762.799677
762.898104
762.906665
763.026227
763.128791
763.470848
763.644969
763.920712
764.309996
764.931645
765.902479
766.046740
766.477804
767.078892
767.939011
768.116941
768.200294
768.205332
768.838287
768.894607
768.937452
769.089085
769.370849
770.010194
770.115543
770.193285
770.384691
770.527437
770.600428
770.628567
770.639135
771.265823
771.304202
771.321160
771.369083
771.373588
771.457229
771.525591
771.552625
771.718185
771.801661
771.936584
772.310303
772.458291
772.535542
772.758241
772.860477
772.883087
772.946985
773.202371
773.310095
773.390705
773.465743
773.483479
773.541478
773.695693
773.872230
774.144532
774.211011
774.221947
774.257459
774.276465
774.324470
774.391316
774.454272
774.696960
774.719119
774.771999
774.825411
774.830981
774.892421
775.055401
775.085752
775.136297
775.141663
775.175332
775.311319
775.388529
775.510794
775.531274
775.568425
775.610614
775.799521
776.033034
776.042906
777.287639
777.320284
777.374106
777.423831
777.608356
777.695805
777.788908
777.871032
777.889014
777.966674
778.303078
778.572595
778.675159
778.751427
780.000010
780.117770
780.131533
780.190884
780.405883
780.762931
780.841738
780.893266
781.465027
781.871391
782.220984
782.306550
782.870159
783.519949
783.624274
784.241992
784.827638
784.945480
785.087529
785.439048
785.520640
785.867039
786.206802
786.383831
786.482217
786.753044
786.974597
787.562291
787.653632
788.328653
789.002035
789.641093
789.702124
789.753610
789.912044
790.006456
790.088172
790.173327
790.686269
790.730138
791.997317
792.008704
792.130683
792.568136
792.709202
792.798740
792.854651
792.988221
793.149768
793.394504
793.532744
794.067886
794.166559
795.227136
795.287020
795.338957
795.398554
795.489731
795.606712
796.441600
797.239050
797.397852
798.054318
798.802412
799.209595
799.850783
799.925371
800.078438
800.539976
800.560251
800.604979
800.637747
800.702915
802.499953
802.546237
802.632008
803.411640
804.425114
805.083423
805.729935
805.818778
806.541107
807.208960
808.920965
809.469297
809.759785
810.145874
810.529997
811.454095
811.525161
812.108841
812.272067
812.701245
813.232906
813.440328
814.048870
814.121697
814.695956
814.989148
815.219180
815.667978
816.440033
816.641434
816.946668
817.311826
818.292204
818.923192
818.966610
819.294781
819.505152
819.561431
819.581092
819.616686
819.664978
819.713638
819.874980
819.913032
820.005929
820.064092
820.382515
820.446454
820.637778
821.276344
821.554176
821.630280
821.632819
821.735383
821.957468
822.219489
822.307226
822.382920
822.569779
822.630236
822.962053
823.601766
824.378860
824.662262
825.443820
825.678275
826.489897
826.588733
826.823393
828.799754
828.809830
828.944712
829.067469
829.201244
829.308355
829.376676
829.393469
830.407066
830.453719
830.667735
830.699930
830.732698
830.947451
831.409971
831.554765
831.741993
831.855452
831.984968
832.043622
832.110633
832.610796
832.719667
832.954450
834.166170
834.377769
834.525430
835.262464
835.871416
835.927409
835.974758
836.311532
836.421755
836.514243
836.615537
836.657234
837.330002
837.406884
837.668577
837.801124
838.118031
838.123766
838.162883
838.242959
838.297149
838.364406
838.485320
838.791864
838.918308
839.009812
839.154647
839.925391
841.410355
841.426330
841.507021
841.570263
841.608806
841.611756
841.760031
841.988628
842.054902
842.932511
843.035730
843.689083
844.333220
844.403016
845.020447
845.709885
846.193828
846.268744
846.743020
847.207793
848.428524
848.518226
848.983368
849.338900
849.591706
849.651220
849.690542
849.763656
849.818993
849.967186
850.775695
851.885384
852.428554
853.025956
853.220598
853.301453
854.519480
854.710968
855.891190
856.505262
856.644157
857.193267
858.172498
858.225992
858.270556
858.289930
858.316390
858.332037
858.364600
858.439188
858.486989
858.614456
859.073249
859.281285
859.790623
860.021023
860.265759
860.632310
861.084099
862.128087
862.564721
863.942001
864.067256
864.239534
864.341729
864.637338
864.929382
865.683579
866.580234
866.599035
866.646467
866.921103
867.275080
867.288146
867.406725
867.496632
867.633316
867.698196
867.859128
867.907871
867.975987
869.304156
869.819597
869.922529
870.374359
871.521894
872.109588
873.423380
873.631539
873.753231
873.821757
875.475067
876.263424
876.838707
877.070623
877.149635
877.378888
877.430415
877.501276
877.552026
877.563658
877.634355
878.055137
878.264279
878.299218
878.904033
878.980342
879.220040
879.323382
879.425085
879.537889
880.029778
880.819855
881.045955
881.101005
881.337631
881.447485
881.764762
882.649457
882.663260
882.715894
882.762752
883.157852
883.222938
883.286589
883.316654
883.780403
883.839181
883.879608
884.327629
884.655432
884.763607
884.898693
885.360230
885.426668
885.484339
885.611438
885.934162
886.053437
886.214369
886.591611
886.627287
887.096238
887.740088
888.347525
888.433377
889.814262
892.474286
893.597327
893.897933
894.187069
894.307574
894.814536
895.335506
895.399895
895.564186
895.665316
897.134551
898.107351
898.365972
898.719908
899.021824
899.370844
899.471237
899.523011
899.600712
899.754967
900.481352
900.499988
900.597391
900.631224
902.003917
902.107382
902.307267
902.461891
902.612173
902.840607
903.043604
903.126303
903.165870
903.178158
903.212810
903.251763
903.291904
903.312548
903.395779
903.549297
903.643873
903.720468
903.952179
903.969833
904.472084
905.246556
905.848422
906.096763
906.590003
906.828595
907.941765
908.029788
908.197806
908.380774
909.342843
909.464699
910.471045
912.090481
912.201892
913.284669
913.410826
913.470259
913.753416
913.877729
914.002821
914.562990
914.877358
915.088957
915.162481
915.219292
915.236782
915.328123
915.732234
916.423967
917.133312
917.176238
917.193523
917.230674
917.301371
917.392179
917.416550
917.442560
917.490483
917.495685
917.585224
917.700526
917.726904
917.768397
917.864653
917.880340
917.900861
917.946081
918.249882
918.462300
919.144038
919.193764
919.290962
919.422239
919.670292
919.976100
920.055112
920.155628
920.259543
920.376074
920.737505
920.817541
921.289933
921.300992
921.348956
921.401467
921.578742
921.726484
921.790300
921.855263
922.313155
922.413302
922.713375
923.440128
923.655660
923.854275
924.424274
924.475924
924.902236
925.328384
927.236178
929.238794
929.286595
929.366835
929.485660
929.562542
929.723269
929.771561
929.799414
929.820672
929.904476
930.335498
930.581135
930.724127
930.809979
931.474801
931.968573
932.340654
932.416635
932.477870
932.751483
932.957225
932.990034
933.078057
933.179474
933.329879
933.609964
933.919498
934.366863
935.102505
936.002355
938.368901
938.389996
938.468844
938.584474
938.728161
938.795704
938.863002
939.104256
939.180073
939.510948
939.587912
940.563988
940.587827
940.691784
941.024543
941.845545
942.277591
942.788567
943.017370
943.034573
943.087985
943.100355
943.196242
943.289958
943.421358
943.465882
943.526380
944.101868
944.174776
944.508273
944.853524
945.547305
946.634670
946.834145
946.902385
947.549635
947.688407
947.791667
947.850895
948.067164
948.690698
948.772250
948.833444
948.871455
948.967055
949.139907
949.259837
949.318042
949.386568
949.466522
950.338847
951.598653
952.368906
952.640594
952.710021
952.756879
953.254543
953.369559
953.827901
954.005914
954.008945
954.055270
954.078659
954.102252
954.146570
954.178724
954.214113
954.254459
954.466796
954.658406
954.726400
954.752532
954.766254
955.722957
956.275876
956.539617
956.691702
956.788531
956.822118
956.855624
956.899246
956.984893
957.088727
957.184041
957.234790
957.262684
958.180024
959.154831
959.208899
959.277138
959.342674
959.736463
960.029082
960.377528
960.583188
961.129759
961.981276
962.282496
962.305147
962.311537
962.380636
962.417050
962.453668
962.991514
963.026575
963.913974
964.133970
965.097513
965.681275
966.125036
966.140150
966.180618
966.192906
966.228091
966.242427
966.299034
966.313738
966.631014
966.906143
968.207770
968.472371
968.595538
969.116426
969.172951
969.736192
970.211697
970.242540
970.591560
970.724024
970.877501
971.351695
971.433001
971.468063
971.536671
971.560305
971.593277
971.615314
971.653775
972.142305
972.189696
972.315607
972.943565
973.120922
973.162783
973.719552
974.012088
974.132716
974.522941
974.779433
974.896865
975.048622
975.750103
975.764972
975.910461
976.552018
977.202708
977.681940
978.161828
978.255340
978.333041
978.652733
978.784420
978.869248
979.030016
979.640689
980.331438
980.341228
980.379320
980.405576
980.439286
980.504453
980.988436
981.170668
981.236900
981.288468
981.358551
981.418516
981.959926
982.040003
982.872965
982.993633
983.671685
983.699784
983.813816
984.042701
984.237507
984.258028
984.316805
984.364483
984.379761
984.518124
984.531190
984.551055
984.591483
984.860877
985.945416
986.034708
986.247455
986.442711
986.679460
986.689782
986.765312
987.386307
988.068659
988.342804
988.441436
988.519219
988.621373
988.699443
988.800901
988.802949
989.003284
989.099622
989.259489
989.338460
989.785825
989.960643
990.092984
990.172733
990.341857
990.410711
990.444421
990.514831
990.564270
990.689198
991.005164
991.089664
991.117599
991.239250
991.594783
992.337715
992.833085
992.858399
992.961249
993.431347
993.920287
994.645647
994.735309
995.403776
995.444244
996.195533
996.290355
996.311286
996.397507
996.515144
997.243167
997.598618
998.267863
998.939402
998.955459
998.966026
999.008993
999.031644
999.163290
999.609262
1000.938455
1001.431695
1001.466348
1001.539748
1001.577103
1001.890652
1002.205389
1002.593690
1003.183227
1003.446354
1003.538227
1003.558994
1003.624940
1003.716854
1003.876065
1004.063457
1004.386304
1004.847186
1004.904243
1004.948193
1005.022536
1005.072835
1005.173187
1005.619036
1005.911859
1005.960806
1005.973463
1006.754980
1007.261082
1007.693660
1008.695378
1009.714012
1010.144748
1010.318705
1010.570363
1010.654331
1010.999542
1011.128648
1011.200860
1011.862815
1011.888947
1011.933102
1011.995443
1012.034478
1012.216586
1012.408238
1012.717855
1012.754309
1012.797891
1012.876780
1013.019648
1013.358879
1014.130319
1014.205276
1014.448620
1014.902661
1014.988636
1015.312302
1016.352399
1016.759992
1017.219850
1017.669919
1017.739796
1018.948854
1019.528765
1019.558093
1020.024832
1020.237865
1020.504556
1020.566528
1020.669829
1020.779725
1021.120184
1021.462856
1021.550060
1022.022656
1022.141686
1022.162575
1022.224425
1022.241423
1022.271283
1022.857871
1022.874952
1022.907351
1023.552717
1023.598305
1023.640535
1023.859180
1024.912876
1025.571471
1025.757143
1025.845862
1025.911439
1025.992745
1026.187100
1026.556150
1027.218555
1027.667968
1027.728712
1028.135322
1028.350525
1029.660344
1029.832745
1029.903442
1029.989417
1030.229402
1030.988227
1032.374477
1032.432804
1032.529142
1032.988959
1033.046999
1033.154724
1033.295872
1033.644892
1033.778872
1033.866281
1033.962291
1034.122813
1034.515456
1034.633052
1035.641242
1035.711611
1035.763835
1035.777434
1035.800289
1035.881677
1035.977073
1036.011274
1036.388680
1036.431073
1036.465807
1036.594995
1036.700180
1036.797993
1037.097943
1037.107323
1037.143163
1037.197189
1037.319782
1037.747610
1037.826785
1037.878190
1038.184120
1038.780662
1038.907474
1039.110349
1039.297126
1039.373844
1039.474156
1039.496970
1040.012820
1040.244490
1040.367616
1040.473047
1040.504340
1040.554926
1040.622060
1040.787579
1041.135084
1041.519002
1042.339553
1042.682880
1042.759598
1043.126477
1043.323863
1043.974472
1044.103496
1044.694508
1044.779131
1044.871332
1045.202493
1045.371699
1045.633352
1045.843149
1045.922734
1045.968896
1046.120489
1046.524518
1046.632325
1047.007314
1047.525335
1048.584929
1048.791572
1049.171026
1049.364521
1049.558180
1049.839206
1049.885655
1050.192118
1050.202440
1050.223534
1050.242908
1050.279567
1050.348298
1050.363453
1050.802954
1051.452252
1051.805368
1051.910103
1052.037325
1052.474450
1052.714762
1053.135053
1053.693297
1053.764854
1054.142669
1054.288568
1054.415749
1054.459986
1054.521917
1054.686577
1054.704476
1054.749327
1054.813348
1054.821458
1055.008317
1055.178916
1055.716884
1056.169779
1056.239657
1056.272138
1056.350454
1056.449946
1056.975340
1057.319977
1057.401610
1057.847706
1058.478572
1058.531246
1058.641306
1059.030671
1059.148677
1059.184681
1059.201556
1059.270533
1060.012401
1060.534886
1060.815299
1060.925972
1061.560730
1061.975572
1062.345851
1063.174472
1063.721779
1063.832371
1063.863009
1063.921336
1063.973519
1063.984456
1064.316682
1064.467251
1064.510300
1065.513738
1065.536553
1065.634570
1065.868206
1065.880371
1066.062848
1066.265436
1066.448200
1067.042652
1067.503575
1067.618468
1067.743232
1067.904041
1068.585083
1069.004800
1070.142792
1070.223401
1070.263501
1070.318060
1070.339195
1070.443438
1070.662042
1070.803067
1070.859305
1070.970020
1072.055910
1072.116490
1072.535183
1072.646185
1073.506304
1073.549189
1073.581015
1073.612595
1073.627709
1073.721303
1074.230723
1074.293064
1074.406482
1074.600428
1075.706511
1076.021412
1076.254024
1076.296704
1076.392714
1076.426834
1076.721500
1076.840038
1077.067776
1077.619016
1078.037504
1078.222029
1079.266673
1079.583416
1080.481710
1080.986501
1081.044664
1081.102746
1081.461473
1081.566822
1081.633505
1081.995387
1083.195310
1083.765228
1083.965891
1083.996365
1084.313764
1084.375450
1084.454912
1084.627026
1084.910920
1085.018317
1085.039002
1085.388431
1085.465969
1085.928366
1086.052393
1086.630953
1086.663721
1086.696325
1086.724915
1086.741258
1086.765875
1086.797496
1086.838252
1086.894735
1086.917796
1087.146557
1087.204884
1087.209144
1087.312773
1087.589745
1087.661548
1087.905423
1088.251863
1088.349512
1088.444744
1088.514212
1088.948593
1089.580851
1089.995530
1090.047263
1090.299331
1090.389606
1090.924503
1091.503022
1091.515843
1091.526902
1091.760742
1092.028457
1092.336230
1092.820951
1093.264466
1093.603410
1093.834301
1094.048481
1094.184837
1094.304686
1094.730015
1094.888120
1094.943212
1095.417815
1095.572152
1095.651738
1095.791411
1096.271954
1096.528609
1096.905605
1096.982856
1097.083740
1097.584026
1098.105160
1098.575708
1099.070587
1099.189862
1099.376722
1099.975393
1101.448192
1101.646643
1102.130504
1102.236672
1102.392771
1102.432584
1102.453801
1102.517002
1102.563533
1102.620713
1102.730568
1103.165891
1104.847913
1105.304617
1105.484308
1106.288067
1106.543002
1106.747474
1107.172680
1107.449733
1107.601572
1107.901481
1108.301251
1108.433674
1109.370307
1109.750866
1109.930680
1110.156165
1110.533693
1110.626304
1111.456031
1111.465247
1111.511286
1111.548150
1111.566623
1111.617782
1111.670866
1111.722721
1112.207933
1112.405524
1112.451359
1112.521564
1112.628797
1113.184215
1113.224847
1113.300705
1113.315041
1113.322168
1113.680609
1115.610972
1115.865457
1116.208087
1116.382003
1116.967813
1118.206034
1118.269932
1118.664212
1119.265546
1119.615672
1119.934464
1119.983206
1120.059392
1120.291758
1120.371343
1120.424468
1120.437944
1120.497132
1120.567951
1120.925082
1120.964035
1121.029161
1121.066967
1122.077368
1122.731008
1123.351962
1123.403940
1123.570606
1124.293468
1124.988887
1125.257871
1125.589893
1126.166323
1126.405612
1126.411387
1126.427771
1126.463980
1126.769992
1127.173489
1127.354286
1127.826432
1128.011653
1128.043848
1128.111555
1128.121508
1128.162755
1128.184627
1128.218747
1128.244552
1128.382095
1128.385823
1128.482693
1128.684134
1128.771871
1128.855634
1129.058836
1129.385697
1129.397125
1129.440215
1130.564403
1130.824663
1130.962371
1131.025408
1131.031962
1131.063091
1131.131494
1131.195965
1131.199488
1131.319788
1131.389911
1131.486577
1131.498496
1131.560182
1132.418458
1133.207388
1133.210624
1133.777879
1133.993329
1134.195753
1134.492140
1134.932009
1134.987018
1135.087534
1135.131812
1135.170314
1135.369585
1135.547228
1136.075080
1136.723190
1136.892396
1137.002127
1137.076347
1137.372488
1137.627382
1137.702584
1137.729987
1137.764147
1137.785242
1137.806868
1137.878262
1137.928356
1137.957437
1138.344223
1138.976236
1139.060695
1139.200205
1139.570647
1140.118364
1140.613448
1141.017969
1141.285069
1141.333647
1141.394596
1141.498020
1141.559542
1141.573263
1141.694423
1141.886976
1141.894267
1142.535414
1143.205151
1143.342203
1143.749018
1144.001454
1144.043561
1144.092508
1144.154767
1144.246886
1144.335892
1144.588943
1144.920064
1145.686835
1145.876029
1146.355835
1147.063214
1147.193917
1147.601920
1147.681178
1147.760435
1147.936317
1148.313764
1148.360008
1148.379914
1148.437217
1148.544041
1149.120471
1149.695631
1150.092861
1150.811628
1150.867292
1150.945239
1151.560172
1151.684608
1152.411607
1152.434831
1152.505979
1152.620585
1152.689930
1153.030513
1154.044477
1154.614600
1154.828493
1155.122749
1155.179602
1157.004861
1157.036032
1157.446205
1157.467873
1157.507482
1157.564826
1157.610291
1157.684838
1157.800182
1158.097961
1158.138388
1158.212977
1159.115612
1160.618967
1160.765972
1160.957952
1161.294684
1162.922107
1162.997678
1163.067924
1164.208251
1165.716234
1166.572872
1166.944829
1167.423939
1167.863316
1168.000451
1168.382444
1168.853361
1169.024000
1169.100390
1169.463009
1169.735475
1170.166825
1170.565243
1170.963988
1171.063931
1171.575112
1171.779871
1172.311409
1172.681155
1172.839055
1172.882022
1173.635604
1174.111478
1174.450708
1175.010386
1175.398523
1177.101844
1177.142272
1177.242132
1177.884303
1177.951437
1178.168156
1178.961388
1179.013325
1179.026801
1179.957330
1180.655329
1180.978463
1181.681377
1181.825270
1181.942333
1182.270218
1182.381056
1182.442537
1183.436923
1183.578071
1183.609283
1184.206889
1184.280412
1184.318710
1184.402227
1184.506921
1184.819569
1185.054310
1185.341645
1185.483366
1185.531167
1185.610711
1185.699799
1186.289951
1186.366013
1186.703565
1187.007693
1187.078881
1187.346924
1187.371786
1187.733955
1188.034478
1188.078961
1188.115497
1188.123238
1188.174807
1188.740588
1189.018010
1189.081784
1189.159035
1189.249352
1189.390950
1189.716214
1189.726904
1189.817303
1190.488924
1192.414945
1192.487608
1192.640143
1192.696504
1192.774861
1192.849285
1193.150464
1193.479578
1194.237706
1194.770924
1194.932101
1195.498414
1195.622318
1196.110111
1197.087334
1197.168108
1197.189980
1198.250435
1198.295695
1198.306386
1198.326129
1198.389740
1198.400553
1198.711398
1199.480832
1199.563817
1199.632179
1199.654216
1199.661056
1199.702303
1200.296264
1200.831324
1200.841196
1200.853565
1200.872489
1200.900219
1200.943104
1201.001308
1201.063526
1201.074831
1201.117676
1201.714299
1201.875272
1201.978450
1201.994629
1202.007777
1202.031084
1202.079130
1202.116731
1202.148966
1202.182799
1202.348114
1202.413158
1202.557542
1202.581955
1202.669036
1202.744279
1202.774057
1202.844877
1203.792364
1203.855729
1204.509737
1204.556472
1204.808991
1204.842086
1204.976681
1205.128233
1205.475328
1205.491466
1205.512765
1206.026322
1206.737961
1207.087964
1207.118848
1207.137157
1207.170458
1207.215063
1207.260078
1207.297597
1207.492854
1207.558431
1208.138834
1208.539341
1208.832205
1208.906097
1209.077883
1209.589228
1209.638912
1209.649439
1209.920758
1210.014802
1210.120315
1210.396221
1210.432348
1210.505667
1211.194163
1211.262525
1211.314463
1211.404165
1211.661189
1211.700470
1211.706286
1211.730616
1211.763180
1211.806925
1211.965563
1212.026102
1212.030157
1212.611707
1212.726723
1213.720330
1213.788406
1213.823754
1213.829734
1213.935985
1214.017700
1214.119526
1214.237819
1214.407762
1215.567790
1215.588147
1215.623045
1216.555909
1216.601252
1216.671130
1216.959160
1217.306665
1217.629635
1218.918072
1219.350159
1219.422904
1219.435192
1219.489096
1219.549471
1220.333322
1220.554957
1220.627333
1220.704215
1220.773888
1220.779336
1220.854129
1220.940472
1221.658092
1221.821891
1221.963653
1222.007603
1222.101524
1222.414623
1222.583132
1222.701875
1223.178977
1224.210637
1224.405402
1224.429937
1224.456602
1224.501862
1225.974129
1226.196623
1226.511974
1226.659021
1226.692526
1226.710917
1226.722673
1226.816020
1227.289027
1227.583488
1228.447130
1229.157704
1229.226721
1229.354025
1229.412270
1229.517087
1230.156268
1230.641111
1231.134843
1231.191245
1232.203776
1232.287744
1233.086259
1233.214054
1233.239368
1233.603092
1233.796342
1233.918034
1234.447401
1234.551153
1234.851635
1234.860646
1234.909757
1234.919137
1234.932982
1235.001958
1235.495977
1235.571425
1235.632988
1235.705897
1235.921633
1235.975332
1236.241490
1236.546519
1236.600381
1237.107876
1237.281382
1237.451448
1237.783716
1237.930107
1238.894551
1239.117087
1239.242179
1239.327990
1239.604019
1240.486339
1240.528282
1240.549089
1240.567726
1240.601354
1240.657388
1240.664392
1240.884470
1241.012920
1241.021481
1241.041224
1241.083044
1241.142641
1241.215672
1241.234104
1241.333023
1241.684296
1242.166682
1242.507469
1243.382702
1243.889254
1244.214477
1244.586516
1244.857631
1245.207306
1245.359923
1245.851648
1245.906002
1246.569636
1246.922056
1247.055503
1247.182438
1247.698166
1247.854633
1247.928852
1248.233267
1248.413245
1248.422912
1248.521216
1248.594289
1248.977224
1249.041900
1249.264271
1249.782579
1250.327757
1251.448627
1251.479388
1251.519570
1251.749478
1252.205117
1252.632003
1253.424865
1254.099640
1254.266143
1254.411674
1254.433096
1254.456689
1254.521119
1255.651164
1255.878902
1255.884227
1255.911014
1256.071455
1256.180654
1256.792801
1256.815452
1257.099674
1257.319465
1257.489162
1258.369147
1259.086848
1259.321180
1260.429312
1261.180723
1261.187236
1261.199892
1261.231636
1261.258547
1261.300122
1261.316833
1261.612360
1261.671342
1261.682033
1261.772759
1261.880238
1262.493000
1262.710129
1262.842675
1263.633859
1263.764890
1263.849185
1263.940567
1264.064799
1264.560701
1264.715325
1264.723804
1264.734208
1264.772301
1264.785900
1264.842506
1265.424507
1265.593303
1265.677926
1265.974968
1266.382602
1266.561434
1266.670797
1266.822185
1267.025142
1267.428598
1267.560079
1267.780280
1268.277535
1268.368220
1268.639662
1268.687053
1268.763156
1269.501911
1270.224404
1270.301819
1270.341222
1270.364283
1270.418022
1270.590300
1270.600417
1270.677627
1271.145923
1271.225098
1271.582761
1271.690117
1271.850353
1272.224113
1273.063547
1273.162834
1274.294354
1274.831340
1275.065795
1275.766784
1275.883028
1275.914977
1276.104991
1276.245811
1276.482888
1277.139599
1277.273989
1277.286072
1278.642463
1278.657864
1279.344353
1279.547187
1279.674204
1279.719711
1279.831859
1280.220979
1281.142948
1281.483940
1281.593262
1281.982669
1282.039685
1282.339922
1282.557133
1284.130038
1284.195205
1285.098619
1285.126390
1285.257093
1285.480858
1285.497160
1285.595791
1286.427525
1287.966925
1288.326840
1288.806154
1289.168323
1290.960732
1291.017421
1291.073577
1291.146609
1291.162747
1291.193754
1291.231969
1291.328020
1292.223980
1292.319416
1292.615967
1292.751708
1293.489070
1294.974239
1295.042273
1295.152169
1295.334359
1296.615588
1296.687473
1297.806090
1297.881539
1298.620662
1299.047588
1299.444900
1301.463818
1301.790884
1302.225388
1302.475694
1302.731735
1303.050609
1303.091241
1303.195771
1303.870177
1303.931863
1304.174428
1304.215388
1304.297882
1304.338432
1304.411628
1304.745042
1306.378609
1306.584105
1306.858414
1307.623219
1307.907604
1308.074967
1308.097454
1308.375409
1309.652992
1309.697229
1309.771121
1309.957980
1311.110308
1311.241093
1311.486689
1311.613542
1311.767757
1311.777382
1311.812977
1311.863521
1311.901041
1311.996068
1312.044196
1312.189317
1312.198246
1312.273408
1312.723476
1312.796221
1312.818913
1312.847012
1313.217331
1313.268572
1313.608335
1314.293268
1314.329313
1314.339676
1314.397184
1314.458583
1314.467185
1314.567250
1315.973202
1316.182344
1316.619100
1317.232353
1317.594194
1317.721580
1317.799649
1317.925560
1318.050693
1318.429409
1318.648218
1318.922813
1320.013251
1320.326308
1320.590705
1320.909660
1321.039462
1321.083781
1321.114542
1321.170493
1321.534792
1321.581036
1321.704612
1322.233610
1322.338959
1322.901258
1323.006280
1323.375411
1323.713536
1323.778908
1323.880858
1327.465021
1327.889981
1328.771891
1328.843694
1328.987054
1330.185380
1331.949199
1331.953869
1332.257669
1332.474839
1332.542546
1332.767867
1332.899430
1333.392302
1333.412332
1333.500477
1333.553807
1333.600748
1335.289692
1335.328768
1335.392256
1335.437640
1335.504364
1335.567688
1335.673405
1335.971103
1336.067645
1336.536351
1336.616714
1337.669837
1337.873654
1337.995674
1338.069279
1338.160538
1338.786734
1339.170652
1339.180769
1339.420140
1339.807908
1339.819745
1341.180436
1342.041784
1342.230405
1342.612193
1342.690673
1343.371960
1343.939584
1344.283607
1344.435569
1344.529326
1344.572129
1345.699389
1345.965343
1346.116895
1347.395830
1348.231250
1348.620780
1348.666409
1348.682015
1348.831969
1349.430067
1349.864038
1349.925151
1350.068675
1350.204662
1350.411551
1350.413599
1350.526853
1350.566257
1350.713958
1350.726533
1351.387177
1351.527997
1351.608156
1351.664435
1351.778222
1352.018944
1352.327823
1352.760812
1352.992113
1353.260032
1353.909617
1354.396221
1355.255398
1357.138493
1357.949583
1360.482058
1360.588513
1362.395054
1362.835046
1364.270162
1364.714537
1365.007606
1365.039882
1365.121843
1365.194875
1365.440225
1365.921874
1366.259835
1366.698762
1366.784901
1366.795428
1366.839910
1366.889390
1367.287562
1367.400120
1367.491297
1367.647601
1368.570266
1368.636744
1369.132851
1371.758469
1372.197724
1372.563784
1372.828631
1373.292585
1373.610148
1373.648036
1373.714842
1373.740851
1373.792256
1373.807534
1373.851566
1373.990707
1374.057431
1374.214758
1374.264361
1374.354637
1374.365942
1374.419886
1374.628618
1374.837064
1374.875935
1374.974853
1374.981079
1375.156347
1375.601664
1375.712666
1375.922381
1377.217905
1377.270989
1378.704548
1378.938716
1378.985411
1379.054592
1379.133645
1379.707781
1380.062167
1381.163786
1381.560402
1381.876326
1382.104637
1382.184550
1382.370918
1382.515016
1383.628145
1384.255652
1385.022505
1385.033728
1387.316511
1387.329290
1387.394990
1387.629322
1387.660698
1388.019712
1389.246341
1389.256212
1389.276979
1389.287670
1389.294060
1389.321298
1389.373071
1389.457859
1389.541294
1389.611991
1389.678387
1389.942784
1390.078034
1391.441101
1391.646884
1391.885025
1391.895798
1392.401613
1392.412713
1392.523141
1392.589619
1393.089167
1393.156874
1393.279386
1393.801462
1394.028626
1394.133320
1394.230149
1394.485780
1394.596495
1394.896159
1395.704791
1395.885548
1396.029358
1396.650926
1397.318328
1397.928018
1398.225428
1398.238781
1398.303826
1398.399672
1398.852157
1399.166976
1399.184015
1399.234314
1399.332823
1399.401267
1399.671808
1399.744922
1400.073421
1400.190321
1400.985068
1401.047613
1401.530737
1401.561784
1401.702932
1402.351534
1402.400113
1402.564403
1402.644152
1402.662257
1402.870702
1403.364434
1404.021187
1404.518973
1404.615557
1404.904817
1405.186417
1405.698785
1405.772349
1406.303601
1406.371430
1406.381875
1406.794015
1408.415621
1409.351967
1411.659244
1411.912745
1412.024238
1412.090839
1412.162396
1412.275937
1412.365558
1412.407460
1412.418519
1413.258854
1414.301573
1414.681313
1415.447142
1416.090460
1416.474706
1416.628019
1416.795423
1417.336177
1417.868739
1418.596557
1418.740818
1418.907075
1419.018772
1419.237376
1419.359519
1420.188262
1420.243313
1420.314952
1420.454912
1420.576727
1420.673352
1421.011272
1421.689405
1422.380728
1422.885806
1422.987059
1422.995415
1423.334728
1423.503319
1423.611617
1423.694848
1423.974564
1424.091505
1424.691200
1425.239532
1425.372979
1425.399890
1425.819484
1426.947523
1427.949896
1428.100874
1428.241080
1428.881531
1429.036032
1430.209413
1430.692782
1430.780846
1431.101317
1431.206380
1431.216251
1431.592796
1431.663329
1433.280307
1433.647432
1433.909166
1434.042286
1434.589061
1435.171144
1435.744788
1435.838259
1435.886715
1435.959828
1436.625674
1437.019587
1437.125059
1437.174907
1437.248430
1437.350748
1437.608591
1437.709148
1438.450934
1438.477763
1438.534328
1438.975754
1439.346688
1439.514624
1439.635333
1439.683297
1440.513147
1440.547635
1440.578478
1440.593920
1440.659046
1440.680509
1440.741007
1440.768410
1440.852541
1441.042473
1441.256694
1443.297362
1443.329147
1443.391693
1443.455672
1443.536200
1444.282327
1444.348887
1444.358922
1444.460790
1445.709742
1445.722481
1445.755044
1445.777449
1445.827789
1445.954028
1446.022636
1447.555891
1447.646331
1447.721902
1448.039793
1448.147476
1448.251105
1448.577147
1448.832655
1448.873124
1448.941568
1448.958648
1449.020129
1449.075180
1449.323110
1449.727017
1450.492723
1450.535117
1450.586849
1450.660372
1450.739466
1451.069071
1451.391918
1451.501404
1452.063416
1452.649636
1452.751462
1452.831089
1452.894126
1452.946022
1453.032489
1453.109371
1453.164954
1453.239337
1453.275914
1453.303480
1453.372457
1453.423698
1453.675725
1454.819615
1454.997996
1455.093924
1455.180718
1455.322849
1457.153843
1457.765212
1458.538619
1458.662892
1458.864251
1460.237312
1460.615455
1461.037752
1461.669888
1462.402130
1462.529229
1462.592266
1462.689219
1463.342449
1463.897539
1464.192901
1465.042698
1466.011976
1466.596393
1468.101386
1468.523766
1468.564890
1469.017866
1470.443602
1470.782587
1470.805934
1471.150735
1471.305032
1471.690015
1471.730360
1471.803228
1472.241336
1472.244081
1473.080771
1473.463214
1473.478124
1473.517036
1473.594163
1474.118492
1474.296750
1474.530304
1475.267420
1475.365069
1475.377725
1475.724739
1476.498145
1476.658708
1476.765286
1476.921795
1477.189427
1478.681477
1478.869647
1479.090627
1479.224525
1479.570964
1481.008824
1481.128714
1481.205719
1481.551012
1482.504274
1482.589061
1484.224061
1484.295209
1484.699894
1485.129892
1485.868646
1485.897400
1488.690422
1490.544640
1491.572449
1491.696476
1491.764511
1491.839263
1491.857326
1491.916431
1491.985449
1492.539515
1492.647813
1493.352612
1493.708554
1493.824922
1494.745293
1496.183439
1496.392950
1496.553472
1497.306358
1497.349038
1497.662546
1497.803694
1497.839903
1497.853338
1497.877135
1497.942016
1498.187080
1498.353828
1498.478264
1498.568581
1499.236352
1499.247247
1499.639398
1499.773788
1500.251464
1500.309094
1500.630753
1501.152911
1501.556695
1501.957202
1502.022984
1502.233231
1502.566031
1502.893834
1502.898708
1502.946181
1504.390185
1504.758825
1504.911974
1504.981934
1505.008108
1505.144504
1506.044641
1506.110095
1507.308380
1507.762463
1508.625121
1508.676076
1508.767539
1509.707284
1510.361702
1511.513866
1511.912407
1512.207729
1514.063995
1515.842314
1515.869880
1517.800161
1518.024090
1518.202716
1520.145572
1520.216965
1520.499794
1521.305027
1521.445970
1521.595761
1521.859830
1521.991680
1522.035507
1522.109522
1522.141471
1522.176778
1522.323251
1522.376786
1522.512486
1523.225518
1523.393044
1523.564749
1526.124626
1526.266716
1527.435264
1527.523942
1527.545037
1527.733821
1527.799767
1528.043889
1530.654188
1532.045271
1532.107940
1533.051372
1559.826964
1559.929815
1559.980728
1560.770314
1561.820611
1562.751877
1563.041792
1564.263342
1565.148201
1565.195715
1565.280502
1566.017536
1566.740603
1568.335749
1568.498074
1568.551854
1568.898294
1569.335501
1569.559101
1569.680957
1569.812316
1570.569585
1570.905948
1571.040215
1571.393004
1571.852288
1572.031160
1572.116398
1572.280402
1574.008054
1574.073016
1574.224896
1574.631956
1575.050445
1575.302349
1575.657062
1576.572723
1576.602911
1576.638587
1576.710636
1576.835195
1577.642312
1577.997844
1578.526310
1578.990428
1581.004186
1581.835182
1583.091016
1583.709716
1584.059761
1584.162447
1584.569344
1584.956293
1586.128937
1586.210857
1586.358845
1586.602025
1586.733384
1586.776678
1586.857984
1587.208643
1587.632415
1588.069581
1588.108820
1588.184146
1588.257710
1588.764959
1588.800717
1588.813292
1589.335327
1589.802066
1590.551429
1590.833357
1590.843597
1590.888038
1591.136584
1591.188644
1591.438991
1591.606436
1593.042493
1593.179668
1593.599631
1593.839698
1594.133381
1594.417562
1594.479452
1594.550723
1596.035236
1596.496691
1597.019382
1597.384417
1597.845463
1597.919724
1598.079877
1598.159626
1598.308270
1598.602322
1598.629888
1599.237038
1599.378473
1600.364093
1600.568566
1600.666051
1600.743055
1600.877527
1601.635860
1602.337341
1602.640650
1602.651054
1602.726748
1603.012198
1603.275735
1603.340288
1603.434414
1603.455672
1604.634747
1604.712325
1604.918395
1605.318533
1605.758812
1606.711337
1607.021117
1607.253033
1607.269253
1607.289405
1607.302636
1607.409009
1607.497769
1607.892009
1607.920968
1607.940260
1608.018166
1608.025006
1608.158659
1608.533647
1608.651080
1608.723907
1608.774861
1608.867062
1610.536591
1610.546176
1610.580582
1610.585784
1610.618348
1610.686833
1610.747453
1610.946191
1611.028029
1611.440906
1611.449917
1612.102902
1612.128584
1612.355011
1612.756009
1612.800655
1612.884787
1613.415055
1613.471744
1613.596590
1613.803848
1613.863158
1614.003241
1615.080858
1616.193905
1618.951496
1619.618324
1619.640443
1619.681444
1619.903570
1620.127621
1620.231127
1620.863304
1621.039596
1621.167473
1621.243208
1622.260367
1622.503424
1623.246193
1623.432069
1623.455990
1623.488676
1623.499244
1623.548355
1624.557445
1624.798044
1625.007596
1625.151406
1625.257329
1625.311355
1626.869309
1627.209564
1627.605320
1627.641979
1627.690189
1627.900314
1628.724838
1628.920463
1630.262436
1632.366510
1632.573768
1632.637297
1632.791511
1633.730642
1633.876091
1634.425733
1636.555981
1636.911677
1637.175050
1637.206139
1637.466685
1637.501133
1637.639332
1637.945590
1638.406554
1640.054129
1641.559491
1642.739343
1642.777190
1642.806600
1643.280998
1643.390034
1643.841454
1644.025610
1644.597862
1644.605727
1645.117317
1645.587456
1646.119772
1646.184120
1646.198333
1646.296596
1646.314578
1646.401249
1646.723727
1646.818877
1647.162737
1648.211558
1648.526828
1649.279140
1649.312645
1649.371955
1649.492746
1650.384732
1650.794865
1651.165102
1651.234079
1651.613000
1652.384645
1653.995725
1654.166118
1654.758728
1655.456276
1655.551140
1657.260974
1657.673933
1657.814876
1657.882296
1657.945293
1658.178396
1660.285256
1660.647055
1660.741714
1661.213245
1661.258752
1662.033510
1662.942208
1663.097119
1663.121285
1664.537272
1665.606492
1665.668465
1665.681981
1665.719009
1665.783890
1666.485453
1667.537347
1667.630408
1668.434289
1669.009121
1669.091492
1669.130445
1669.192868
1670.838927
1672.350556
1672.380621
1672.401265
1672.446607
1672.471880
1672.526725
1672.580956
1673.209160
1673.396429
1674.327572
1675.022377
1675.396669
1675.525571
1676.763996
1676.986286
1677.937705
1677.947740
1678.832476
1679.395267
1679.470715
1679.563571
1679.967560
1679.983370
1680.021668
1680.743875
1680.825016
1681.629716
1681.764024
1681.862656
1682.254029
1682.351309
1682.461696
1683.951739
1684.040909
1684.516250
1685.552210
1686.777610
1687.103611
1687.821148
1688.026071
1689.393398
1691.276657
1691.428045
1691.979899
1692.512420
1692.653855
1693.151396
1694.091141
1696.871588
1697.689436
1698.004214
1698.044928
1698.071511
1698.116936
1700.003021
1700.119675
1700.542259
1700.917412
1701.540577
1701.781832
1703.753482
1704.104837
1704.599470
1704.705843
1704.717230
1704.827576
1705.045238
1705.848218
1706.391060
1706.700268
1707.466138
1707.496980
1707.529339
1708.717507
1709.320438
1709.760512
1709.774725
1710.475141
1710.525563
1710.930002
1711.427461
1712.515891
1712.919101
1713.813504
1716.137001
1716.195123
1716.296090
1716.622868
1716.711916
1717.281669
1717.303501
1717.529887
1717.859656
1718.413148
1718.439854
1718.884106
1719.008543
1719.745823
1720.153580
1720.424407
1720.766259
1720.980357
1721.101599
1721.117286
1721.788375
1722.308035
1722.518241
1722.700472
1723.363205
1723.963965
1723.994235
1725.183099
1728.054354
1728.166257
1728.766894
1728.814490
1729.087857
1730.827510
1731.954647
1732.481106
1733.364163
1733.624300
1734.932726
1735.672259
1735.719854
1735.740785
1735.770685
1735.785472
1735.812547
1735.970898
1736.668897
1737.270886
1738.303406
1739.295580
1739.489976
1739.586642
1739.593933
1740.171796
1740.173558
1740.253266
1741.595034
1742.385807
1742.461133
1742.483866
1743.038915
1743.112315
1743.262433
1743.336776
1743.481528
1743.551242
1743.561441
1743.609160
1745.595597
1745.671537
1745.683661
1745.758044
1746.088100
1746.158469
1746.803999
1746.833695
1747.583959
1747.649946
1749.202412
1749.500232
1749.702369
1750.529556
1750.567199
1750.636503
1750.900818
1751.374316
1751.742915
1752.447631
1752.964751
1753.025454
1753.096520
1753.190892
1754.123715
1754.196500
1754.352804
1755.711447
1755.770675
1756.757238
1756.874506
1757.682156
1757.966541
1758.592737
1759.008481
1759.717868
1759.855206
1760.827597
1761.211679
1761.555456
1761.762222
1761.886454
1763.826811
1764.059587
1764.672307
1764.708884
1764.785725
1765.387346
1765.834179
1766.144000
1766.495805
1766.862070
1767.211131
1767.461233
1768.901550
1769.379717
1770.238075
1770.946314
1771.505869
1771.771494
1771.804058
1771.912561
1772.071281
1773.610803
1773.701857
1774.334034
1775.546163
1775.787704
1778.093466
1779.563602
1781.880996
1782.397010
1783.047414
1783.093453
1783.166280
1785.627935
1785.833390
1785.998418
1793.161339
1794.591048
1794.635940
1795.392061
1795.534930
1796.308419
1796.924744
1798.996091
1801.197117
1801.427968
1801.978307
1802.607862
1804.722299
1804.912599
1806.104904
1806.297457
1806.695465
1806.725448
1806.768415
1807.351890
1812.054508
1813.178860
1815.293993
1815.654236
1815.973069
1817.362514
1817.524961
1817.743688
1818.105364
1818.754580
1818.865295
1819.227300
1819.247370
1819.668111
1819.936399
1820.364186
1820.651848
1820.797706
1821.225492
1823.504179
1824.701563
1826.326159
1827.613204
1830.295880
1830.365307
1830.456812
1831.209206
1831.522181
1831.953285
1832.324219
1832.412733
1833.000796
1833.178030
1833.696666
1833.863987
1834.210386
1834.314179
1834.324746
1834.374062
1834.406584
1834.416742
1834.442998
1834.537820
1834.593935
1834.804306
1834.934518
1835.212349
1835.723325
1835.958845
1836.154266
1836.415959
1836.589220
1836.697190
1836.918579
1837.747118
1837.989274
1838.162698
1838.224794
1838.658888
1839.434424
1839.682765
1839.982633
1840.982262
1841.065288
1841.123205
1841.359872
1841.422909
1843.511091
1843.940721
1844.325540
1844.893491
1844.964311
1845.499945
1845.542953
1846.458573
1846.476636
1848.156447
1848.216166
1848.884634
1848.946074
1849.315287
1849.799393
1849.961718
1850.267566
1851.261133
1851.435049
1851.909366
1851.924890
1851.972239
1852.381061
1852.433531
1854.289920
1854.510039
1854.880072
1855.318262
1855.413248
1857.370030
1857.825423
1857.884201
1859.338813
1859.820093
1859.892142
1860.000236
1860.383662
1860.391813
1861.061263
1862.265446
1862.587556
1862.953452
1863.036273
1863.098081
1863.105536
1863.702077
1864.427643
1864.559985
1864.606433
1864.648294
1864.708465
1864.749343
1866.960241
1866.984202
1867.178721
1868.390359
1868.705997
1868.776448
1868.829614
1868.874015
1868.989317
1869.541335
1871.429222
1872.487301
1872.525435
1872.571023
1872.599654
1872.871793
1872.908657
1872.962355
1873.707581
1873.757225
1873.786839
1873.835909
1876.938424
1876.965376
1877.056963
1877.126144
1877.176566
1877.784658
1877.866619
1877.945999
1878.078505
1878.715474
1878.940344
1879.201792
1879.579894
1881.523814
1881.754501
1881.805537
1882.619576
1882.760397
1883.037778
1883.125309
1883.459584
1883.687281
1883.708662
1884.342108
1885.093806
1885.301596
1885.602202
1885.634232
1885.654958
1885.796762
1885.854597
1886.068326
1886.148198
1886.825185
1887.176253
1887.317279
1887.402312
1888.423936
1889.594409
1890.001428
1890.014290
1890.476687
1890.609930
1890.636227
1890.672722
1890.721300
1891.053117
1891.591660
1891.725558
1892.911391
1893.231657
1895.425638
1895.479419
1895.963976
1897.605120
1897.778135
1898.145833
1898.867139
1899.350630
1899.485798
1899.759780
1899.772477
1899.814011
1899.847926
1899.931361
1899.970150
1900.431237
1901.143572
1901.896417
1902.837801
1903.174861
1903.204803
1903.706931
1904.020767
1904.245637
1904.352133
1904.467845
1905.429053
1907.321856
1907.908977
1909.180621
1910.237102
1910.327706
1910.858752
1910.919823
1911.500800
1911.581041
1911.879434
1913.399706
1913.436201
1913.476465
1913.539011
1913.760850
1913.810821
1913.851453
1913.869926
1914.331996
1914.438451
1914.439557
1914.702234
1914.981827
1914.986537
1915.243602
1915.336663
1916.113633
1917.618995
1918.032978
1918.292296
1918.343946
1918.386258
1918.434222
1918.530150
1919.324447
1919.736504
1919.740682
1919.808717
1919.883633
1919.991480
1920.471286
1920.572826
1920.699474
1921.125581
1921.344184
1921.463788
1922.295849
1922.600141
1922.759844
1922.953257
1926.185533
1926.316524
1926.968156
1927.695811
1928.035205
1928.133919
1928.775680
1929.039299
1929.236152
1929.460531
1930.701005
1931.025777
1931.125924
1931.133952
1931.603067
1933.118218
1933.903421
1934.276444
1934.553334
1936.326820
1936.341852
1936.553984
1936.929792
1937.796096
1938.400461
1938.449039
1938.542264
1939.019571
1939.235963
1939.431260
1939.479265
1939.706757
1939.832259
1940.280730
1940.403896
1941.572567
1942.029681
1942.120161
1942.506332
1943.095788
1943.602586
1943.659479
1943.807468
1944.178442
1945.046344
1946.045686
1948.031590
1948.515738
1949.056901
1950.309990
1950.825431
1951.568036
1951.629312
1952.681042
1952.775332
1952.846356
1953.803960
1954.169446
1954.245427
1956.305797
1957.218918
1957.631549
1957.704458
1958.739067
1960.005960
1960.018330
1960.263352
1961.051546
1961.164186
1961.417851
1962.839695
1962.955981
1963.259904
1963.329659
1963.363451
1963.404575
1963.466834
1963.879301
1964.788040
1965.458842
1965.478298
1965.691781
1966.390927
1966.447985
1966.523884
1966.592164
1966.677893
1966.773453
1968.623862
1969.750548
1969.909228
1970.018918
1970.941624
1971.497492
1971.642941
1972.109885
1972.821811
1973.516001
1973.523988
1974.324675
1974.439567
1974.955295
1975.209656
1976.918548
1977.809510
1978.777354
1978.850017
1981.206077
1981.855785
1982.782587
1983.659213
1984.515809
1984.881541
1985.491436
1986.431918
1986.518876
1987.037594
1988.550492
1989.045166
1990.920110
1991.056630
1991.875052
1992.008622
1992.554455
1992.615649
1993.141903
1993.690358
1993.825526
1994.573373
1995.846943
1996.132762
1996.793569
1997.090161
1997.609943
1997.986898
1998.219633
1998.852833
1999.323136
2002.932367
2003.496878
2003.724616
2004.915364
2005.526487
2005.575967
2005.876285
2006.657761
2007.427482
2007.617905
2008.274166
2008.622776
2009.499116
2009.817252
2010.494566
2011.526922
2012.796355
2014.069105
2014.490501
2015.079465
2016.087450
2016.838533
2017.554391
2019.324518
2020.352532
2020.482499
2023.315579
2023.500063
2027.491779
2028.232868
2029.251789
2029.678961
2029.733069
2031.263130
2031.785206
2031.796879
2031.901573
2032.139960
2032.609075
2032.869868
2032.883016
2032.910705
2032.933396
2032.974520
2033.417462
2033.481687
2033.585398
2033.684193
2034.261402
2034.345206
2034.979922
2035.041485
2035.136430
2035.167805
2035.424051
2035.749069
2035.846963
2036.833075
2036.974838
2037.530788
2037.649777
2038.316769
2038.868828
2039.552983
2039.609754
2040.704778
2041.093939
2041.581036
2042.220708
2042.849157
2043.007099
2044.517499
2044.919112
2045.551985
2046.306918
2047.154504
2047.278531
2047.345254
2047.909396
2048.123863
2048.234865
2048.506184
2051.265495
2051.275735
2051.418030
2052.429087
2053.105418
2053.226045
2053.705687
2054.037955
2054.513992
2054.553723
2054.590833
2054.614999
2054.657925
2054.713426
2054.788096
2055.076700
2055.197942
2055.306568
2055.853056
2055.956603
2056.309637
2056.935424
2057.196544
2057.343427
2058.587382
2058.615931
2058.680566
2058.717962
2058.741228
2059.302748
2059.415921
2060.600934
2061.276733
2063.412388
2064.673874
2065.235845
2065.571512
2065.931919
2066.802401
2068.614390
2069.387960
2069.458944
2069.620244
2070.345155
2070.351421
2071.106765
2071.878083
2072.314184
2072.865423
2074.526269
2076.058419
2076.514427
2076.618465
2078.003732
2078.105477
2079.838249
2081.018880
2081.038828
2083.946373
2086.529638
2086.590423
2086.961111
2087.106601
2088.060764
2088.239268
2089.071084
2089.175654
2089.328271
2089.484370
2090.628915
2090.876559
2091.866440
2092.536832
2092.972319
2093.363978
2093.695263
2093.780541
2093.963264
2094.040801
2094.112481
2096.943800
2098.322760
2098.399232
2098.581627
2098.848358
2099.621765
2100.021780
2100.041400
2100.365844
2100.636590
2101.416223
2101.465293
2101.474959
2101.553644
2101.656125
2101.686600
2103.659889
2104.961556
2105.316229
2105.939313
2106.177987
2107.406746
2107.640300
2108.184248
2108.284477
2108.303933
2108.352512
2108.390277
2108.401992
2108.458148
2108.550554
2108.607283
2108.760965
2109.166715
2109.373440
2109.607977
2109.789553
2110.006641
2110.054810
2112.015114
2112.140452
2112.272753
2112.506552
2112.658473
2112.805192
2113.679237
2113.871503
2113.911644
2113.947034
2114.017935
2114.182349
2114.439127
2115.147039
2116.443013
2116.805345
2116.892058
2116.949811
2117.702451
2117.776753
2118.307594
2118.944686
2119.184302
2119.840236
2120.333230
2122.704118
2123.454792
2123.801395
2125.322363
2125.362176
2125.440901
2125.636936
2126.466007
2126.561034
2127.115592
2128.542884
2129.645650
2129.705779
2130.010030
2130.994094
2131.210813
2132.211876
2132.721254
2133.726495
2135.162470
2137.261384
2138.001695
2138.023854
2138.215465
2138.496082
2139.267850
2139.477115
2139.594015
2140.393759
2140.683469
2141.299671
2141.472686
2142.004961
2142.595768
2144.415703
2144.475546
2145.270497
2145.417871
2145.615708
2146.332713
2149.178204
2149.993759
2150.942556
2151.474790
2151.585915
2152.506573
2153.003581
2153.851699
2153.984082
2154.339287
