65.334231
65.645117
65.864663
65.933640
66.514534
66.562294
66.593669
66.615378
66.685993
66.834432
67.094446
67.109642
67.194061
68.043530
68.282491
68.485898
68.756890
69.365105
69.667963
69.866742
69.891809
69.958492
69.980078
69.990769
69.993800
70.015754
70.118031
70.147768
70.425641
71.490683
72.292639
72.383447
72.566211
72.609423
72.640840
72.666440
72.827044
73.154396
73.523692
73.880330
74.210550
74.660127
74.852721
74.888028
75.151892
75.290132
75.334574
75.337851
75.352965
75.363246
75.378319
75.486536
75.519590
75.592581
75.896914
76.442296
76.578365
77.381468
78.450852
78.502994
78.570373
78.668104
79.102444
79.213117
79.622349
79.906243
82.795643
82.834350
83.018834
83.431219
83.579781
83.940229
85.545656
86.619218
87.313940
87.373005
89.263063
89.313812
89.386025
89.822822
89.871892
89.901425
89.949061
89.988465
90.054533
90.128998
90.137887
90.189537
90.240860
90.273260
90.328146
90.338181
90.348749
90.415022
90.487439
90.521928
90.524508
90.743644
90.852475
91.010990
91.081646
91.115766
91.349197
91.426611
91.447624
91.591680
91.731517
92.063826
92.264735
92.385485
92.491244
92.522947
92.540355
92.557926
92.870984
92.914811
95.325020
97.664369
97.725972
98.535956
98.547507
98.618081
98.631188
98.646344
98.913976
98.943713
99.012198
99.029975
99.120210
99.565650
99.643474
99.659571
99.844874
99.924296
100.030423
100.916306
100.934697
100.937810
101.021737
101.054177
101.072404
101.100749
101.102879
101.126267
101.153219
101.154406
101.251932
101.253652
101.411758
101.452882
101.597594
101.648712
101.651333
101.735711
101.826806
101.837701
101.879030
102.191268
102.581043
102.583624
102.640722
102.685860
103.423181
103.515382
104.701051
104.725750
104.739226
104.804475
104.806523
104.836997
104.846377
104.875500
105.363988
105.411133
105.423258
105.429934
105.442509
105.453609
105.589146
105.649439
105.655255
105.768878
106.140877
106.530652
107.267277
107.279032
107.322778
107.345142
107.366318
107.410063
107.485635
107.496735
107.657462
107.679621
107.867996
107.913257
107.920548
107.930419
108.002755
108.203991
108.235571
108.348621
108.411126
108.497469
108.595937
108.621046
108.627927
108.653486
108.726886
108.945736
109.039288
109.568000
110.134108
110.445814
110.494106
110.559396
111.651226
111.760056
111.945933
113.469440
113.539113
113.603953
113.741742
113.816248
113.956209
114.238996
114.678333
115.002081
116.463780
116.743660
116.851016
116.917494
116.982170
117.205770
117.446369
117.516820
117.911634
118.045450
118.225019
118.265774
118.331310
118.740992
118.769787
119.345807
119.379395
119.433011
119.566950
120.574525
120.802058
120.814346
121.570099
121.787228
121.894953
121.896878
121.939026
122.159391
122.182369
122.204733
122.210877
122.271293
122.318479
122.357596
122.381476
122.394051
122.397123
122.620559
123.051213
123.065344
123.245937
123.278868
123.298161
123.942584
124.210012
124.226273
124.361236
124.386058
124.415427
124.488212
125.170442
125.490749
125.627884
125.866721
125.903831
125.993738
126.263296
126.479852
126.912635
127.079793
127.309251
127.571640
127.684321
127.764193
128.067052
128.080978
128.299418
128.428524
128.495739
129.669857
130.075648
130.304410
130.381865
132.124385
132.213924
132.564378
132.588872
132.806410
132.898447
133.485609
133.663457
134.245622
134.253773
134.354289
134.452306
135.225262
136.384922
136.390124
136.506491
136.557486
136.737874
136.792801
136.987361
136.999076
137.100493
137.136210
137.188762
137.224356
137.283215
137.780306
138.469294
138.507428
138.625311
138.647224
138.707558
138.945044
138.961183
139.213783
139.335680
139.365540
139.515331
139.529175
139.570749
139.865416
139.875082
140.113879
141.383393
143.871631
144.019415
144.405545
145.034117
145.939907
146.440151
146.473861
146.648801
146.978488
147.025633
147.090473
147.226214
147.243991
147.274547
147.554222
147.810550
148.127212
148.221501
148.234035
148.371907
148.506829
148.562862
148.589855
150.729564
150.878249
150.899589
151.087309
151.219364
151.309804
151.365509
151.593533
151.642767
151.643218
151.817134
151.998587
152.623104
152.918999
153.032294
153.964012
153.989939
154.005873
154.009149
154.094019
154.186547
154.421494
154.504356
154.741842
154.894131
154.965197
155.407196
155.504804
157.164708
158.640333
158.720246
159.636357
160.102359
160.161874
160.259523
161.278484
161.364746
161.408041
162.118164
163.290849
163.456492
164.168868
164.174070
165.892342
165.967749
166.207201
166.638838
166.681272
166.992527
168.467251
168.523571
168.538563
168.899789
169.090335
169.102172
169.130271
169.336340
170.056622
170.097050
170.124411
170.358129
171.332321
171.386634
172.056576
172.156846
172.605645
172.640133
173.324943
174.244127
175.205581
175.318835
175.461949
175.666627
175.768699
175.775539
175.901737
176.030106
177.539482
179.410043
179.434906
180.487864
180.778967
180.803748
182.473318
183.048602
183.090217
183.101440
183.103488
183.158538
183.174267
183.176806
183.187415
183.210557
183.232758
183.235297
183.256678
183.258604
183.327375
183.343514
183.371981
183.486054
183.565353
183.599636
183.651860
185.102623
185.821839
186.460570
186.570383
186.830275
186.907402
186.998538
187.147551
187.352105
187.671101
187.885691
188.152545
188.180603
188.247777
188.263342
188.308275
188.711813
188.726190
188.830106
189.675848
189.719593
190.313349
190.360044
190.399980
190.421115
190.440940
190.569923
190.803313
190.841692
190.852055
190.860165
191.006966
191.877612
192.058245
192.113377
192.141394
192.697508
192.798433
192.912794
192.996680
193.040957
193.375191
193.395507
193.469440
194.180055
194.224579
194.277990
194.321777
194.406932
194.487665
194.705613
195.352003
195.385795
195.403121
195.496755
195.730391
195.748168
195.801743
196.192829
196.298220
196.562002
196.901356
196.946412
197.202330
198.453535
199.040000
199.663247
199.796326
199.806321
199.823974
199.824302
199.841792
199.846175
201.609708
201.886597
202.091110
202.312786
202.506035
202.559406
202.648084
202.683679
202.749379
202.777764
202.996695
203.017216
203.042120
203.598889
204.051415
204.164506
204.547482
204.639601
204.977603
205.333791
205.568532
205.689979
205.738926
206.101996
206.354063
206.386749
206.468383
206.764155
206.792499
206.937416
207.006351
207.123661
207.279309
207.302943
207.310397
207.314289
207.348490
207.427584
207.476449
207.533752
207.701402
207.721636
207.752765
207.918572
208.008028
208.075366
208.169124
208.275169
208.313262
208.316744
208.318628
208.487956
208.523387
208.580403
208.747315
209.492132
210.130575
210.156462
210.726380
210.804367
212.263895
212.421222
213.231084
214.448210
214.671196
214.822052
214.918513
216.328397
216.448778
216.917729
217.382543
217.518776
217.718047
218.640302
218.993582
219.083121
219.137597
219.212268
219.301929
219.453604
219.516477
219.561533
219.665326
219.717059
219.786322
219.835761
219.869962
219.877499
219.963597
220.139479
220.753347
220.875530
221.147095
221.546414
221.588398
221.636731
221.790945
221.817692
221.990257
222.023598
222.140908
222.987796
223.031542
223.149097
223.547474
224.073851
224.186532
225.313096
225.777705
225.859666
225.994260
226.022031
226.112225
227.487007
227.825377
227.890627
227.896525
227.986391
228.599112
229.198520
229.336760
229.415854
229.515592
230.242427
230.254879
230.326436
232.737423
232.836301
232.852193
232.953569
234.017505
234.033971
234.251428
234.422190
235.266458
235.291361
235.500134
236.004106
236.559647
237.411492
237.429432
237.489029
237.528269
237.595525
237.667492
239.170478
239.172731
239.238881
239.297659
239.343452
239.394120
239.413576
239.445852
239.461949
239.511757
239.556526
239.586427
239.756206
239.819858
240.065823
240.609649
240.630088
240.635986
240.684155
240.759644
240.820306
240.867205
240.988774
241.060536
243.279094
243.300762
243.368305
243.478487
243.604562
243.676692
244.215562
244.485857
244.538614
244.647240
244.694712
244.709663
244.851794
245.219860
245.470536
245.555814
245.590508
245.652767
245.929861
247.112090
247.135027
247.210107
247.373210
247.924040
248.020255
248.144937
248.745533
250.579804
251.082015
251.780301
252.411331
252.545065
252.634808
252.662456
252.769976
252.838052
253.179781
254.074962
254.509957
254.685020
254.742651
254.770668
254.792786
254.810317
254.813184
254.834647
254.854308
254.900265
255.331205
255.426560
255.550956
255.619195
255.661220
255.692186
255.878554
255.928730
256.182231
256.284508
256.529080
256.811090
256.881992
257.307484
257.404846
257.492132
258.143601
258.204344
258.242355
258.411274
258.513265
259.301499
259.523707
259.739075
259.798999
259.816489
259.840532
260.100588
260.140442
260.224000
261.419418
261.472420
261.572977
261.626634
261.672100
262.145638
263.449887
263.970202
264.173363
264.966799
265.281004
265.307177
265.313157
265.387581
265.451930
265.464381
266.285507
266.931896
266.954711
266.995220
267.003986
267.983585
268.269486
268.350259
268.857876
269.712220
270.115185
270.120632
270.350418
270.436024
270.448312
271.174124
271.179489
271.393546
272.178586
272.314327
273.029407
273.058365
273.185300
273.390223
273.679688
273.837179
273.866752
273.934213
274.250711
274.810839
274.858598
275.564749
275.657564
275.684475
276.139991
277.378376
277.604311
277.634089
277.693768
277.935104
277.957181
278.767534
279.349412
280.337981
280.470405
281.825894
281.911214
281.990185
283.037532
283.070095
283.410022
284.001690
284.021391
284.078367
284.228608
284.234301
284.299715
285.737206
285.847183
286.491402
286.500823
286.518559
286.578975
286.600028
287.570575
287.716680
287.787663
288.286515
290.118042
290.983404
291.043410
291.079045
291.255009
291.268854
291.510231
291.542262
291.818250
291.843318
292.180828
292.845281
293.562778
294.473728
294.512640
294.536765
295.265034
295.365304
295.913103
296.244429
296.350802
296.736154
296.788214
296.802591
296.834580
297.159885
297.353503
297.795871
299.278787
300.014551
300.606874
302.370284
302.850540
303.085650
304.504996
304.618988
305.257718
306.029896
306.300559
306.330010
306.722857
306.802647
306.852086
306.870231
307.435069
307.473408
307.550208
307.636183
308.540948
308.812022
309.363548
309.378253
309.456773
309.779415
309.847859
310.054175
310.274785
310.659072
310.943375
310.981509
312.739185
314.004193
314.071450
314.138665
314.281452
315.215708
315.236270
315.287511
315.455283
315.691213
315.877335
315.981783
316.406415
316.886999
317.751624
317.801267
318.068449
318.110515
318.206648
318.292255
318.512538
318.744289
318.751703
318.759977
318.761820
318.786806
318.788649
318.792991
318.804378
318.827069
318.883103
319.012905
319.048253
319.059845
319.276564
319.313551
319.337800
319.427666
320.105882
321.488364
321.699144
322.585969
322.710815
323.108946
323.589038
323.702784
323.793224
323.833897
323.861381
324.085473
325.363261
325.378867
325.386895
325.441126
325.765571
326.662308
326.675620
326.678241
326.887834
327.018455
327.375544
327.536804
327.583171
327.613235
327.643259
327.649526
328.037540
329.600860
329.660539
329.689825
331.728814
332.352594
332.400517
333.253591
333.380936
333.519913
334.011884
334.151721
334.711521
334.738268
335.016796
335.756083
336.074260
336.884081
336.901161
336.937370
337.007043
337.039196
337.122468
337.634345
338.728796
338.748580
339.006996
339.034890
339.169935
339.211428
339.257836
339.296338
339.503841
340.365025
340.570808
340.623811
340.716708
340.767908
340.857487
340.953293
341.731205
342.654116
342.907003
343.197123
343.383122
343.404462
343.425147
343.632445
343.728005
343.923180
345.785672
346.160988
346.231890
346.460611
346.641080
346.667868
348.442952
348.864758
349.171016
349.243228
349.730120
349.754860
349.812654
349.842022
349.969039
350.000128
350.066360
351.386010
352.356925
352.478986
352.491151
352.780739
353.034240
353.084703
353.396449
353.430405
353.740841
353.881047
353.904886
353.929175
353.949901
353.982956
354.043044
354.184847
354.211021
354.236826
354.255258
354.285568
354.485125
354.506015
354.516787
355.276431
355.304038
355.447071
355.632824
355.647980
355.682263
355.738501
355.950305
355.990323
356.077978
356.769956
356.793590
356.832993
357.030584
357.042463
357.086085
357.156905
357.215150
357.346509
357.436621
357.562327
357.832049
357.871780
357.998592
358.500762
359.709327
360.164024
360.434770
360.647393
361.156567
361.205719
361.209201
361.498665
361.507594
361.530737
361.597706
361.666478
362.161930
362.254500
362.416579
362.508698
362.640261
362.678354
363.717796
363.738931
363.750195
363.789804
364.633457
364.743229
364.796109
364.813885
365.014876
366.157496
367.275663
367.504343
367.636480
367.643730
367.810109
367.878390
368.015237
368.265011
369.341686
369.371341
369.575444
369.643520
369.664737
369.879532
369.946706
369.991721
370.088509
370.151301
372.373709
372.407542
372.412129
372.430725
372.460380
372.471808
372.872684
372.918559
372.997693
373.019771
373.100831
373.456159
374.321684
374.354371
374.748897
376.351949
376.408392
376.423301
376.479949
376.566292
376.573338
376.916296
377.421619
377.440911
377.609093
378.728448
378.800046
379.321795
379.429806
379.498742
380.760433
381.848617
382.502257
382.515937
383.121121
383.202550
383.870116
384.723436
385.038868
385.077166
385.680589
386.773606
387.457679
387.500605
388.244972
388.286300
388.355973
388.357734
388.373996
388.397056
388.540662
388.581704
388.600873
388.650721
388.710687
389.107589
389.142036
389.213880
389.325128
389.423636
389.559050
389.566915
389.742060
389.763441
389.792031
389.943460
390.077276
390.143386
390.196060
390.986138
391.009567
391.018824
391.152845
391.163986
391.316808
391.394181
391.751885
391.919411
391.983718
391.999775
392.075141
392.178401
392.218911
392.532951
392.656036
394.342892
394.605568
394.648781
395.422147
395.571814
395.676508
396.058173
396.436357
396.698870
397.334487
397.483090
397.498040
397.537198
400.981033
401.169940
401.497170
401.750303
401.881948
402.021622
402.984468
403.074417
403.283968
403.326812
403.334799
403.386737
403.440026
403.663176
403.887923
403.987743
403.999498
404.017480
404.045906
404.061553
404.101816
404.147896
404.316283
404.353475
405.147320
405.871616
406.951526
406.989742
408.920801
409.603891
409.664881
409.763881
409.822331
409.843425
409.909985
409.934397
410.033070
410.053345
410.078454
410.134897
410.183721
410.190889
410.248356
410.367959
410.665083
410.741146
411.502305
412.656558
412.698296
414.232207
417.205903
417.355981
419.172639
419.379036
419.788227
419.916882
419.951165
420.115702
420.178125
420.405903
421.266473
421.337907
421.426790
421.471068
421.719532
421.820293
421.829837
422.116106
422.192660
422.498386
422.532383
422.558474
422.765732
422.829138
422.859448
422.862316
422.952632
423.094231
423.143916
424.166195
424.266506
424.398725
424.995348
425.493053
426.117734
426.140140
426.147062
426.156524
426.203996
426.224108
426.253722
426.284319
426.297917
426.352763
426.773299
427.160945
427.531919
427.550720
427.828306
427.849687
427.897201
427.907236
427.973345
428.088771
429.829448
430.492303
430.656471
430.909071
431.519990
431.836733
431.881748
433.189683
433.220895
433.264476
433.322353
433.403781
433.417175
433.458913
433.546240
434.493112
435.484426
435.586580
436.553441
436.999619
437.911224
440.442552
440.813937
441.267200
441.448817
441.565225
441.598525
442.281083
442.391593
442.798858
442.923254
443.198300
444.192768
444.195308
444.615188
444.678881
444.718039
444.814213
444.877414
444.950487
445.353370
445.594501
446.337229
446.532608
446.594294
448.440607
449.588634
449.604690
449.799823
449.886167
449.922007
449.987011
450.161336
450.173297
450.184315
450.211922
450.236621
450.282332
450.305761
450.315387
450.333778
450.337464
450.387722
450.389852
450.416681
450.427945
450.451702
450.560451
450.577736
450.679480
450.719375
450.811699
451.226665
451.232195
451.265782
451.563725
452.317348
452.380795
452.401070
452.505518
452.774748
455.588782
455.970488
457.434522
458.726973
459.886428
461.439672
462.123213
462.249861
462.288814
462.414193
462.490706
462.681252
463.776686
464.600433
465.391575
465.434501
465.511055
465.758126
465.801871
465.814979
465.842954
466.066432
466.136965
466.199634
466.428928
466.577695
466.606203
466.743460
466.783232
467.142083
467.343606
467.359826
468.080804
468.133028
468.316692
468.508221
468.979630
469.532795
470.776218
470.799606
470.832783
470.907904
470.981673
471.080837
471.398973
471.841546
471.932641
472.777810
475.227013
475.246920
475.346043
475.798364
476.304753
477.435412
477.951754
478.027448
478.279434
478.646477
478.686495
478.714429
478.776812
478.846362
478.881874
478.911775
478.939054
478.985134
479.146926
479.338783
479.347835
479.361843
479.980462
479.998239
480.037110
480.401203
480.767754
480.882606
480.968294
482.264719
482.416108
483.314934
484.036813
484.154245
484.349993
484.419543
484.432937
484.447191
484.475494
484.493394
484.513464
484.544102
484.558684
484.593541
484.636918
484.807311
484.809482
484.945224
485.197414
485.210849
485.306327
485.369324
485.552660
485.611766
485.661082
485.705892
485.761475
486.002934
486.017884
486.270976
486.388163
486.430269
486.447882
486.467748
486.500884
486.638756
486.820946
486.891930
487.525990
487.595295
487.714898
487.919452
488.022958
488.207401
488.379556
488.453038
488.523489
489.018778
489.156321
489.333760
489.444311
490.084557
490.105897
490.124329
490.153943
490.197320
490.253107
490.338796
490.584392
490.825605
490.939269
491.184824
491.242660
491.291525
491.320443
491.374633
491.519754
492.436398
492.664832
493.082583
493.281935
493.344727
493.761905
493.843210
494.626488
494.653399
494.749942
494.969774
494.982636
494.997709
495.027487
495.071846
495.146639
495.170970
495.174410
495.267471
495.646024
495.691858
495.695749
495.736095
495.738020
495.786926
495.875113
495.899361
496.542188
496.664044
496.667525
496.681492
496.881459
496.902513
496.908124
497.015808
497.080197
497.110753
497.138934
497.636762
497.784095
497.818665
499.423805
500.403855
500.467630
503.116186
503.517798
503.564452
503.930266
504.301199
504.324178
504.731443
504.873902
505.320284
506.575135
506.613146
506.648822
506.762158
506.857431
508.092662
508.183716
508.207677
508.229878
508.364677
508.524667
509.923082
511.268495
511.430124
511.503770
512.073359
512.095027
512.118702
512.152371
512.174981
514.188820
514.215567
514.451333
514.507981
518.687908
518.691676
522.477158
522.623508
522.639688
522.646692
522.657915
522.664960
522.670244
522.679665
522.689413
522.696745
522.716570
522.724803
522.729390
522.735002
522.742907
522.758021
522.766213
522.794803
522.818601
522.839081
522.861486
522.884178
522.910556
522.937754
522.942751
522.947461
522.966180
522.989117
523.015127
523.073823
523.089674
523.150828
523.171840
523.180728
524.364104
524.379382
524.424479
524.631572
524.731597
525.555139
525.697556
525.756047
526.329569
526.339645
526.349804
526.379663
526.402560
526.465475
526.469652
526.492549
526.602322
528.528015
529.079828
529.096049
529.124925
529.130824
529.147494
529.160479
529.173463
529.179116
529.181286
529.192264
529.226752
529.238712
529.271030
529.299866
529.313628
529.327186
529.347011
529.360036
529.365565
529.387561
529.614234
529.636434
529.668915
529.702339
529.841275
530.514657
530.678661
530.732646
530.797814
531.164611
531.398246
532.075028
532.355645
534.447268
538.350100
538.400850
538.517750
539.157012
541.570007
541.587907
541.651395
541.706035
542.812078
542.815396
542.850621
542.884209
545.654088
546.848891
547.954770
548.051108
549.145190
549.332378
549.402460
553.524675
553.602908
553.652142
556.490506
557.060055
557.200179
558.865039
559.712133
559.737119
559.934382
560.530186
562.087076
562.200003
562.665308
562.678170
562.709545
562.721014
562.751078
562.897306
564.355564
564.910039
568.088044
568.728822
570.405724
572.088812
573.854679
573.988864
575.500001
575.576269
575.656346
576.510034
578.285937
579.514900
582.471680
584.784855
584.795709
584.826634
584.837161
584.961188
585.155625
585.502843
585.518776
585.571533
585.657508
585.697772
585.889505
586.119537
586.145137
588.493537
588.510863
588.692726
588.829286
590.091510
593.128325
593.894236
594.690130
594.700001
594.734694
594.766807
594.811290
594.871665
594.887557
594.917786
594.986680
595.064873
595.191276
596.472955
599.231734
599.521853
599.772938
602.095411
602.105487
602.118226
602.184622
602.198426
602.202604
602.226319
602.233938
602.440212
602.466509
602.552238
602.572390
602.987110
603.302175
603.351572
603.425096
605.094871
605.173309
605.191168
605.305487
605.514260
605.750190
605.811384
606.545920
607.521382
608.990781
609.600143
611.052954
611.688899
612.398694
613.232558
613.424701
613.447721
615.462625
615.573791
616.055767
616.224563
616.265114
616.289403
617.112003
617.393275
617.463808
617.491292
617.519800
617.570550
619.889992
620.582994
621.111542
621.894615
622.188790
622.932992
623.273001
623.318958
623.357379
623.656182
625.462927
626.151916
626.356593
629.300429
629.970862
630.682665
631.105618
631.667794
633.201500
635.975885
636.069478
636.679782
636.952494
636.980961
637.068001
637.087580
637.426360
640.809615
642.796380
643.532431
643.701965
643.804897
644.252590
646.105457
646.107341
646.125322
646.160466
646.187909
646.199337
646.249800
646.251069
646.276628
646.333686
693.127946
694.695281
695.509238
695.579320
695.632896
695.633920
695.964467
696.801444
698.195640
698.197565
698.220052
698.235904
698.264494
698.269327
698.277069
698.291937
698.345882
698.347889
698.397409
698.531430
698.855219
699.878113
699.936850
700.163113
700.164342
700.333629
701.355049
702.978580
703.005123
703.040717
703.053210
703.063818
703.122432
703.314698
703.333417
703.350702
703.389409
703.401288
703.414641
703.415828
703.451914
703.465308
703.518679
703.528755
703.576924
703.602196
703.615058
703.641723
703.738266
703.782502
703.807078
703.852544
703.916278
704.146391
704.226017
704.331940
704.352543
704.443228
704.488694
704.530924
704.603587
704.644751
705.321165
705.518346
706.417951
707.433841
707.864822
708.153754
708.450550
709.280481
710.750126
711.438828
711.521567
711.535206
711.934689
711.968563
712.015299
712.042701
712.088289
712.686592
713.236152
713.956106
715.359724
717.862994
718.180434
718.239826
718.254612
718.892360
718.987715
722.075402
722.214912
723.330540
724.687258
725.897134
725.937275
726.173614
726.571008
726.999941
728.810906
729.752330
729.815613
730.190848
731.041137
731.442217
731.476460
731.627069
731.684905
732.433449
732.842066
738.258043
738.281882
738.366382
739.370598
739.379241
739.398574
739.735388
739.790930
741.850317
742.098125
742.286541
742.626181
742.869361
742.921011
742.961644
743.935918
743.956521
744.006042
744.644035
744.678195
744.751432
744.834376
744.867267
745.770353
746.135552
746.893722
747.967406
748.749783
749.737452
749.767025
749.767434
751.238595
751.353815
751.526380
751.611453
752.023798
752.048824
752.110920
752.650568
755.150971
756.889436
757.152031
757.220229
757.261271
757.474222
757.511455
757.558927
757.804933
757.974098
758.031892
758.142812
758.416056
758.507397
758.541844
758.592799
760.181514
760.220672
760.241480
760.304558
760.351785
762.085417
762.945946
763.569439
763.648451
763.756626
763.813110
763.923087
764.407603
765.563658
766.249329
766.356726
767.404360
767.951667
767.975301
768.021586
768.506307
768.625910
768.966164
769.176781
770.382316
772.116521
772.190659
772.236698
774.115328
774.144655
775.569695
775.655588
775.658332
779.429642
780.281487
780.367954
782.448968
782.675722
783.203860
783.255306
783.675474
783.706604
783.771607
783.817032
783.963300
783.980462
784.571965
784.632218
785.084948
785.195172
785.493443
785.926963
788.168172
788.185825
788.822999
789.058314
789.124096
789.266555
789.800182
789.805998
789.812838
792.225464
792.780800
794.535731
795.954135
797.720207
797.764608
797.780419
797.797868
798.747075
799.255798
799.317115
799.483044
801.154744
801.170924
801.187594
801.386619
801.482547
801.638523
801.738547
801.755218
801.771930
802.594324
803.498107
806.682296
808.997192
812.861932
813.953229
816.019907
822.427648
823.140352
826.542244
827.044495
827.454300
827.504148
827.677000
827.687895
827.793695
828.323389
828.606095
828.721316
829.447086
830.476452
832.230236
832.254280
832.268780
832.291267
832.303759
832.318382
832.331080
832.348529
832.358646
832.373596
832.381870
832.498770
833.707459
834.588795
835.043656
835.112550
835.156296
837.905981
838.994985
840.019354
842.214973
842.259948
842.297057
842.341663
842.370212
842.378854
842.412564
842.459259
842.470072
842.628383
842.728858
843.006894
843.289068
844.086968
844.627436
844.834652
845.231759
845.431439
845.766410
847.319409
847.333171
848.002621
850.294088
850.372772
850.996593
852.199834
853.117420
853.752545
853.798748
853.811937
853.827707
856.452506
856.676352
857.997025
858.967695
859.025449
859.130552
859.159265
859.420795
859.502592
859.771904
859.937137
859.985265
859.999928
860.838093
860.897239
861.029048
861.072548
861.100646
861.122724
861.146030
861.550920
861.793567
861.837271
861.853614
861.872538
861.951140
862.468710
862.581760
864.520028
864.589373
864.625091
864.660234
864.706642
864.730931
864.756859
864.967721
865.250877
865.355899
866.318541
867.695247
868.117586
868.149125
868.228956
870.971597
870.991872
872.142520
872.196506
872.221983
872.233329
872.347771
872.561787
873.928008
873.941443
873.959956
873.994813
874.025492
874.060431
874.082877
874.084598
874.447708
875.108803
875.646730
875.775549
875.805245
875.891507
875.996078
876.074639
876.223447
876.292014
876.541174
876.557189
876.600648
876.603146
876.799017
877.391340
877.945774
878.036050
878.061732
879.237489
880.279552
881.278403
881.754235
881.788600
881.819320
883.136061
884.487291
885.110170
885.138637
885.206057
885.302354
886.608323
887.130522
887.131791
887.738409
889.432064
889.842401
891.696456
891.709194
892.153651
892.402606
892.654633
892.663439
892.761006
893.693174
893.733765
894.934548
895.124808
895.956419
896.134103
896.209224
896.516465
897.463992
897.852703
897.889321
899.566674
899.970212
900.498268
902.217851
902.237020
902.272901
903.176151
903.511859
906.850796
908.692644
908.890112
909.132759
910.694728
912.464486
912.545219
913.086259
915.321446
915.329311
915.616645
916.922204
917.185290
918.924370
919.423754
920.273101
920.323482
920.407654
920.972083
920.977654
920.985723
921.074975
922.023690
923.077509
923.164467
923.181343
923.190026
923.398226
923.705958
924.111258
924.530237
924.617482
924.681667
924.721684
925.277102
925.884088
926.261289
927.149097
927.178342
927.190753
927.205048
927.244370
927.486444
927.783404
927.810150
927.864996
928.424018
928.819732
928.894198
928.916726
932.264223
932.402176
935.192740
935.369769
935.634985
935.784325
935.845765
935.865262
935.897866
936.147558
936.159969
936.215634
936.248689
936.320369
936.328684
936.448819
936.540611
936.576778
938.128794
938.191135
938.500219
941.459988
941.466378
941.482598
942.640046
944.435732
945.501676
945.511875
945.519534
945.527112
945.565327
945.577533
945.596252
945.631273
945.674977
945.742602
945.835500
947.016704
949.254676
950.404628
951.830569
951.879107
951.891436
951.926620
951.948042
952.146207
952.207933
954.212639
956.747776
956.884009
956.958024
957.667656
958.931272
959.275991
959.432212
960.336773
960.625213
962.343485
962.545992
962.605220
963.781100
963.848765
963.906642
964.046193
964.756562
964.811735
964.879278
965.047869
965.287076
965.300388
965.306941
965.620531
967.001743
969.061089
969.605571
969.678438
969.785098
970.505175
970.586358
970.764575
973.907558
973.930086
975.042396
976.063242
976.592445
976.697836
977.459077
977.630044
979.198034
980.207084
980.716831
982.457590
982.614835
982.700032
983.421870
985.217925
985.804964
985.808323
985.840927
985.932759
986.140795
986.871398
987.122934
987.141734
987.157750
988.703908
989.458268
989.628867
989.647217
991.637422
992.269476
995.973816
996.039434
996.482703
996.493107
996.997612
997.032468
997.068227
997.190492
997.920645
998.224486
998.292111
998.913311
999.207158
999.439524
999.455744
999.853302
999.874560
999.965041
1001.137971
1001.944146
1002.125967
1003.624940
1003.784151
1003.806433
1004.182733
1005.015900
1005.056778
1005.130998
1005.174784
1005.786112
1005.835100
1005.922222
1006.056079
1006.608957
1008.398582
1008.611041
1009.297736
1011.644088
1013.177467
1013.248819
1015.972823
1015.979991
1016.164434
1016.532460
1017.009111
1017.655706
1017.956024
1018.254909
1020.462449
1020.519465
1020.560835
1020.585370
1020.611543
1020.642058
1020.774441
1020.820849
1021.355500
1021.689078
1021.971948
1022.205420
1023.078482
1023.593144
1023.597527
1023.764685
1023.864914
1024.093594
1027.033252
1027.843809
1027.961242
1028.085842
1029.296046
1030.094807
1031.365919
1031.982490
1033.200026
1033.504645
1033.542984
1034.079027
1036.354601
1036.440371
1037.144842
1037.145784
1037.236142
1037.298115
1037.423657
1037.641236
1038.008525
1038.351278
1038.717624
1040.415089
1040.435241
1041.204634
1041.515233
1043.008471
1043.376620
1043.752100
1043.961324
1044.729119
1044.856218
1045.236695
1045.312512
1045.372355
1047.065518
1047.235953
1047.281050
1047.430226
1047.612334
1047.674307
1048.591032
1048.693309
1054.377411
1054.456095
1055.536701
1055.582536
1055.600886
1055.641313
1055.643730
1055.963177
1057.247805
1057.373348
1058.487583
1058.996388
1059.395052
1059.428557
1059.747594
1059.764060
1061.117911
1061.153055
1061.315461
1061.383291
1061.907866
1062.088008
1062.103736
1062.225551
1063.292314
1063.887913
1063.900365
1064.070595
1064.109548
1065.100247
1065.564160
1065.603932
1065.685811
1065.875579
1065.917194
1069.334323
1069.379011
1069.975716
1070.211727
1070.275830
1070.332600
1070.430904
1071.358935
1071.760179
1072.293274
1073.556029
1073.699062
1075.926917
1079.191388
1080.915640
1081.422520
1081.471590
1081.512591
1081.645793
1081.772401
1081.931162
1082.002514
1082.004931
1082.038968
1082.101760
1082.193510
1082.970071
1083.276329
1083.295990
1083.501568
1083.565507
1083.636695
1083.752653
1083.801559
1084.010660
1084.026061
1084.208292
1084.430991
1085.389496
1085.591347
1086.181171
1086.705132
1086.908908
1087.705006
1087.794627
1087.812157
1087.874621
1087.880724
1087.938806
1087.969321
1089.177108
1089.345659
1089.376870
1089.380147
1089.844552
1090.529608
1091.035382
1091.077857
1091.252183
1092.091986
1092.137984
1094.102385
1094.362481
1094.883246
1095.285514
1096.047534
1096.131420
1096.167178
1097.198305
1097.216942
1097.224643
1097.589637
1098.248438
1098.293453
1098.533028
1098.754376
1099.934433
1099.958149
1100.496282
1100.681953
1100.853453
1101.174538
1101.210337
1101.277143
1101.471621
1101.692232
1101.967811
1102.119076
1102.224179
1102.300201
1102.410342
1102.452654
1102.515773
1102.931313
1104.147333
1104.643564
1106.853192
1106.872812
1106.952069
1108.422124
1108.445880
1108.511826
1108.539638
1108.574208
1108.649452
1108.701757
1108.830945
1108.856340
1109.088174
1109.121720
1109.234893
1109.661450
1109.778268
1109.815255
1110.110904
1110.162678
1110.203802
1110.740541
1110.946816
1111.500268
1111.691592
1111.710065
1111.977165
1112.012595
1112.049172
1112.201626
1112.212808
1112.409375
1113.243197
1113.305620
1113.335603
1113.381192
1114.787922
1115.101184
1115.839201
1116.260147
1116.317983
1116.388393
1117.084959
1117.838746
1117.933855
1118.364099
1119.691162
1120.413614
1121.019249
1121.266647
1121.481359
1122.284913
1122.505974
1123.506872
1124.142203
1124.489339
1124.530053
1125.164564
1125.193728
1126.488105
1126.882673
1128.165335
1128.792187
1129.029018
1129.110077
1129.323274
1129.405481
1129.426616
1129.505300
1129.885000
1129.976463
1129.984778
1130.269082
1130.935255
1131.352310
1131.939144
1132.028928
1132.639150
1132.843950
1132.845793
1132.902031
1132.937093
1134.156841
1134.171873
1134.286029
1134.702510
1135.047967
1138.244895
1138.425569
1138.543493
1138.550374
1139.521741
1139.582771
1139.656458
1139.710566
1139.774218
1139.941990
1140.106977
1140.768481
1140.793180
1140.843438
1140.962058
1145.673400
1145.724150
1146.691011
1150.043136
1150.122189
1150.136566
1150.757028
1150.782013
1150.792417
1151.051080
1151.153971
1151.347507
1151.392768
1151.457894
1152.037560
1153.148314
1154.520719
1154.592645
1155.143148
1156.657889
1157.523128
1158.210683
1158.642319
1158.713303
1158.748119
1160.319959
1162.358211
1164.287345
1164.485181
1164.618834
1164.872172
1164.897485
1164.931236
1164.979732
1165.734257
1165.750804
1165.757891
1165.782180
1165.800735
1165.810852
1165.816545
1165.858939
1166.023393
1166.147011
1166.160527
1166.189322
1166.198497
1166.214431
1166.226514
1166.242734
1166.251991
1166.265672
1166.270136
1166.341325
1166.489027
1166.687683
1167.971697
1167.986115
1168.078029
1170.370273
1171.317391
1173.995192
1174.097838
1174.235668
1174.566830
1175.336428
1176.104919
1176.607416
1176.827863
1177.062728
1178.013327
1178.032497
1178.086728
1178.124739
1178.687242
1178.789233
1178.924360
1179.434639
1179.989115
1180.210135
1180.557926
1180.697190
1180.720251
1180.742738
1180.758139
1180.764078
1180.791071
1180.809421
1180.824494
1180.844196
1180.856033
1180.881879
1180.920586
1181.039903
1181.087539
1181.220536
1181.401170
1181.686825
1182.617764
1183.816008
1183.848530
1184.520479
1186.700534
1186.757919
1186.794947
1186.809283
1187.329106
1187.345654
1187.404718
1187.436872
1187.618980
1187.639501
1187.664036
1187.845243
1187.875717
1187.895132
1188.769669
1188.771963
1188.850278
1188.869734
1188.875674
1188.899185
1188.954317
1189.055365
1189.068145
1189.234401
1189.248000
1190.543155
1191.824507
1193.041920
1194.638582
1194.818601
1194.856899
1194.904207
1194.938409
1195.259372
1195.638743
1195.947991
1196.745482
1196.803154
1197.024829
1197.100073
1197.746954
1197.942497
1197.976412
1198.015406
1198.793810
1198.874911
1199.236547
1199.666954
1201.049682
1202.186404
1202.655846
1204.236861
1204.333691
1204.339917
1204.415406
1204.607754
1204.613652
1204.760904
1205.689590
1205.723177
1205.937930
1206.476554
1206.627738
1206.683484
1206.712566
1206.814638
1207.779738
1208.514847
1208.561541
1208.797512
1209.146696
1209.174876
1209.218294
1210.385940
1211.429233
1213.859594
1215.906161
1216.616161
1217.420329
1218.569871
1218.608292
1218.627379
1218.735718
1219.707699
1220.953825
1221.173371
1222.141829
1222.328033
1223.452590
1223.636869
1223.725466
1224.674918
1225.814057
1226.848010
1226.862756
1227.374920
1229.199606
1229.274685
1229.315973
1229.375037
1229.416571
1229.649142
1229.970883
1229.990543
1230.155407
1230.233395
1230.269972
1232.173056
1232.231014
1232.343450
1232.412140
1232.721388
1233.332675
1234.374083
1234.393866
1235.413975
1235.451412
1235.566141
1235.606118
1235.638518
1235.683615
1235.696230
1235.802522
1236.224041
1236.425236
1236.488479
1236.563190
1237.131141
1237.165629
1237.802189
1238.077399
1238.396477
1238.549012
1238.575227
1238.846587
1238.887629
1238.902129
1238.917612
1238.944031
1238.959841
1238.980731
1238.996582
1239.002685
1239.009034
1239.022674
1239.055483
1239.091364
1239.122330
1239.150428
1239.163412
1239.182787
1239.197532
1239.218381
1239.238861
1239.252091
1239.493018
1239.857521
1239.898644
1239.941898
1239.958815
1239.984497
1239.999119
1240.030618
1240.503542
1240.518328
1240.542659
1240.551383
1240.589312
1240.709652
1240.747336
1241.124086
1241.868657
1241.915802
1241.941606
1242.005627
1242.015130
1242.027950
1242.040689
1242.056458
1242.074972
1242.086400
1242.093281
1242.103235
1242.113475
1242.178683
1242.254582
1242.329539
1242.604585
1242.649805
1242.708132
1242.714153
1242.932593
1243.114332
1243.229553
1243.485921
1243.583693
1243.619246
1243.791974
1243.983831
1244.046541
1244.221481
1244.232663
1244.244582
1244.258222
1244.264899
1244.447089
1244.499313
1244.536422
1244.606259
1244.652913
1244.673475
1244.754084
1244.758671
1244.817080
1244.826337
1244.842148
1244.847759
1244.853903
1244.859023
1244.864799
1244.899451
1244.911288
1244.934472
1244.951470
1244.999475
1245.028229
1245.075907
1245.114450
1245.140951
1245.158523
1245.541376
1245.556367
1245.571727
1245.626450
1245.627597
1246.198374
1246.253220
1246.290207
1246.319247
1246.427177
1246.838252
1247.099658
1247.168512
1247.251415
1247.501681
1247.638200
1247.764152
1247.833866
1249.169695
1249.192059
1249.696236
1250.365440
1250.512364
1251.116032
1252.125573
1252.142981
1252.163133
1252.174520
1252.184269
1252.190126
1252.220477
1252.231864
1252.285153
1252.311409
1252.347044
1252.358103
1252.378911
1252.540744
1252.606935
1252.648673
1253.445550
1253.455544
1253.479916
1253.495685
1253.504410
1253.529559
1253.793587
1253.902090
1253.916672
1253.929902
1253.967176
1254.505431
1254.951485
1255.452099
1256.264950
1257.168445
1257.848668
1258.222346
1260.339773
1260.353372
1260.374180
1260.700180
1260.716155
1261.091635
1261.147873
1261.173350
1261.280543
1262.973215
1263.180472
1263.521997
1263.557018
1263.605637
1263.660605
1263.690711
1263.722578
1263.835546
1263.896576
1263.937782
1263.966618
1264.120095
1264.277299
1265.976607
1265.992950
1266.132746
1266.640732
1266.653020
1266.666742
1266.682102
1266.757140
1266.773320
1266.785280
1266.820260
1266.841149
1267.001631
1267.381699
1267.459072
1267.478323
1268.673741
1268.746076
1268.798833
1269.347000
1269.400453
1269.847327
1269.905162
1269.964513
1269.975982
1270.006702
1270.324511
1270.524764
1270.793462
1270.991421
1271.026115
1271.147684
1271.393567
1271.476756
1271.520174
1271.537951
1271.649526
1273.177375
1273.191014
1273.220055
1273.292759
1273.313403
1273.758433
1274.018161
1274.172375
1274.234593
1275.074478
1275.571814
1275.816509
1276.496404
1277.554074
1277.572506
1279.214592
1279.231468
1279.276360
1279.317238
1280.872735
1280.894976
1280.907305
1280.925696
1280.950968
1281.437327
1281.521295
1281.594450
1281.627095
1281.669284
1281.705124
1281.716347
1281.779835
1281.820672
1281.917542
1282.463744
1282.560123
1282.568561
1285.211996
1285.248246
1285.317755
1285.337784
1285.348639
1285.371740
1285.387264
1285.640970
1285.672141
1285.863997
1285.994496
1286.782976
1286.791127
1286.850314
1287.224648
1287.233823
1287.279780
1287.408968
1287.425106
1287.599759
1287.645594
1287.671398
1288.431329
1288.585789
1288.609792
1288.640471
1288.652513
1288.683110
1288.748155
1288.827003
1289.486664
1289.530327
1289.582346
1289.946726
1290.115768
1290.786406
1291.352146
1291.439186
1291.455324
1291.476214
1291.508490
1291.555021
1292.196209
1292.750275
1292.759777
1293.838664
1294.384906
1295.020032
1295.038505
1295.070331
1295.087411
1295.109284
1295.811297
1295.935980
1295.981158
1296.006595
1296.031908
1296.040305
1296.060867
1296.159212
1296.238469
1296.247808
1296.307159
1296.377938
1296.641229
1296.835338
1296.935199
1297.107968
1297.177887
1297.269268
1297.373757
1297.498440
1297.549517
1297.779507
1298.102231
1298.465423
1299.225969
1299.766272
1300.892549
1300.941292
1301.000315
1301.236572
1301.308170
1301.332582
1301.344215
1301.952266
1303.105782
1303.510794
1303.568671
1303.914250
1304.444068
1305.249587
1305.276580
1305.391964
1305.461555
1305.480479
1305.744466
1305.775514
1306.091848
1306.856571
1306.903060
1306.942341
1307.024671
1307.071283
1307.093402
1307.384259
1307.403756
1307.420262
1307.422392
1307.428454
1307.442094
1307.466629
1307.485307
1307.670938
1307.719803
1307.739218
1307.758100
1307.785257
1308.262564
1308.372378
1308.550267
1308.606095
1308.654060
1308.667453
1308.725371
1308.731228
1309.518029
1309.669622
1310.569144
1310.861722
1310.894735
1311.053046
1312.305725
1312.651878
1312.852337
1314.376090
1314.410578
1314.429952
1314.461614
1314.531451
1314.565489
1315.376824
1315.673620
1316.356547
1316.611564
1317.285274
1317.919949
1317.973606
1318.272860
1318.999532
1319.030866
1319.055770
1319.248077
1319.317668
1319.819428
1319.958159
1320.038728
1320.049091
1320.127324
1320.200438
1320.783217
1322.615235
1323.855421
1324.398428
1324.623135
1324.807250
1325.092291
1325.118423
1325.421855
1325.456384
1325.506683
1325.522084
1325.540925
1325.585162
1326.238024
1326.583890
1326.665032
1327.456010
1328.265544
1328.289260
1328.308838
1328.358318
1328.548332
1328.665068
1328.921149
1328.980460
1329.127916
1329.177395
1329.194516
1329.223107
1329.223721
1329.275208
1329.463665
1329.496187
1329.556316
1329.838244
1330.525143
1331.077120
1331.356631
1331.553690
1331.647570
1331.974513
1332.050780
1332.077158
1332.401848
1332.433756
1332.449567
1332.683694
1333.084938
1333.272699
1333.305098
1333.344051
1334.041764
1334.966026
1334.991872
1336.629289
1336.780308
1336.782152
1336.793252
1336.856207
1336.866775
1336.879759
1336.951562
1337.329910
1337.988506
1338.012303
1338.043884
1338.304307
1338.603848
1338.745692
1338.814751
1338.942218
1339.499397
1340.017951
1340.148736
1340.476334
1341.293117
1341.336781
1341.367992
1341.541007
1341.754368
1341.865452
1341.877330
1341.882900
1342.116004
1342.136893
1342.217216
1342.227415
1342.303805
1343.975178
1343.989555
1344.248136
1344.691528
1345.090273
1345.104036
1345.181737
1345.208852
1347.185951
1347.697459
1347.714662
1347.719946
1348.020429
1351.189832
1353.537618
1353.579930
1354.053468
1354.085458
1355.268997
1356.626248
1357.150413
1357.904896
1357.918290
1357.929923
1357.991608
1358.432010
1358.499430
1358.539530
1358.562345
1358.598636
1359.084134
1359.103959
1359.263539
1359.767962
1360.273408
1361.092772
1361.125908
1361.475502
1361.534894
1361.745510
1361.767547
1361.780244
1361.806500
1362.057544
1362.365809
1362.912993
1362.936586
1362.979348
1363.039068
1363.105956
1363.110216
1363.462595
1363.483853
1363.581051
1363.694756
1363.772867
1363.911270
1364.055982
1364.396687
1364.411023
1364.432978
1364.548526
1364.809073
1364.956652
1365.080474
1365.109228
1365.785477
1365.816402
1366.048440
1366.068552
1366.842163
1368.781578
1369.099592
1369.116918
1369.147761
1369.193472
1369.232179
1369.264865
1369.586033
1370.046996
1370.752532
1370.802831
1370.859971
1370.929152
1371.364598
1372.756541
1373.892526
1375.690301
1376.825958
1376.951378
1378.031862
1378.121196
1378.884116
1380.751278
1380.772372
1380.808827
1381.719368
1382.306734
1383.001293
1383.066870
1383.479788
1383.549911
1383.584850
1383.614013
1383.648051
1383.877222
1384.017592
1384.079524
1384.130847
1384.160543
1384.208384
1384.291574
1384.560067
1384.581530
1384.644813
1384.656241
1384.662139
1385.221816
1386.812580
1387.179868
1387.199570
1388.126249
1388.137882
1388.436890
1388.496650
1389.155901
1389.169705
1390.397563
1390.500741
1391.348367
1391.403704
1391.582781
1391.603630
1392.186941
1393.206968
1393.456292
1394.055946
1394.130207
1394.155438
1394.284216
1395.209830
1395.618079
1395.800719
1396.627128
1396.705403
1397.309604
1397.312225
1397.345444
1397.374116
1397.526610
1399.165051
1399.200317
1399.332905
1399.744758
1400.135803
1400.167875
1400.319427
1400.365875
1400.699576
1403.774484
1404.376719
1404.577423
1404.705833
1404.734136
1404.929106
1406.536458
1407.823053
1407.852667
1408.085770
1408.702996
1409.215939
1409.390223
1410.555003
1410.796298
1410.960671
1411.158098
1412.049224
1412.142612
1412.296131
1412.757545
1412.963410
1413.640397
1413.670216
1415.811604
1415.890248
1415.919903
1415.929242
1415.991747
1416.104837
1416.615731
1417.287680
1418.049454
1418.212762
1420.118630
1420.499026
1423.654625
1424.338780
1425.836646
1426.686321
1426.846761
1431.761756
1432.982077
1434.513162
1435.263099
1435.467940
1435.493007
1435.881677
1435.978793
1436.029583
1437.152748
1439.141601
1440.459940
1440.802693
1441.046856
1441.271808
1442.113536
1442.607145
1442.636677
1442.761933
1443.214049
1443.640648
1443.724984
1443.732644
1443.760906
1443.849994
1444.027802
1444.123525
1444.162028
1444.331807
1444.340531
1444.518789
1444.529070
1444.832174
1445.106647
1445.128765
1446.071419
1446.833480
1446.938460
1446.940713
1446.951322
1446.965535
1446.971474
1447.001620
1447.016612
1447.035331
1447.038075
1447.056425
1447.115571
1447.151862
1447.160013
1447.172055
1447.202529
1447.271834
1447.330611
1447.435756
1448.853299
1448.874230
1448.894792
1448.911872
1448.919122
1448.943575
1448.964956
1449.207276
1449.244508
1449.433129
1449.644933
1450.054574
1450.587300
1451.697275
1451.938447
1452.316140
1453.226516
1458.178949
1459.954606
1460.594237
1461.547295
1461.555159
1461.577073
1461.594481
1461.681275
1461.727642
1461.934039
1462.036398
1462.716006
1462.983066
1463.262700
1463.531233
1464.011735
1464.435261
1464.642929
1465.860792
1466.597335
1466.666926
1466.699284
1466.720952
1467.147837
1467.306189
1467.664916
1468.236227
1468.282962
1468.475392
1468.804465
1468.818514
1468.839895
1468.842967
1468.867461
1468.877292
1468.906742
1468.918456
1468.928041
1468.960522
1469.154918
1469.171548
1469.202350
1469.490504
1469.513728
1469.524460
1469.530112
1469.544899
1469.829079
1469.866271
1469.873644
1469.881426
1469.909402
1470.112399
1470.497546
1471.349391
1471.368479
1471.771607
1471.781806
1471.847301
1472.509993
1473.554637
1474.141430
1474.917294
1475.020227
1475.325665
1475.455959
1475.578143
1476.958700
1478.121759
1478.145188
1480.349245
1483.763507
1483.893801
1483.939430
1483.976663
1484.042977
1484.130959
1484.135588
1484.171592
1484.175729
1485.513277
1485.720781
1487.185879
1487.255142
1488.975012
1489.210081
1489.224663
1489.319731
1489.662362
1490.009539
1490.027725
1490.117386
1490.144625
1490.976686
1491.003146
1491.024568
1491.069583
1491.159982
1491.366584
1491.838525
1492.574822
1493.146460
1493.180457
1493.868298
1495.025050
1495.426335
1495.627858
1495.638835
1496.050278
1496.594391
1496.745779
1500.127191
1500.224389
1500.691210
1500.832645
1500.908954
1501.123707
1501.432136
1502.224261
1502.314086
1502.404690
1502.621901
1503.447941
1503.876137
1503.902392
1507.586949
1507.836805
1508.011049
1508.267459
1508.398039
1508.959601
1509.568389
1509.618196
1511.236772
1511.856783
1512.463852
1512.954593
1513.370788
1513.468805
1514.202235
1514.204856
1517.038674
1517.066322
1517.664993
1518.000906
1518.409974
1520.106619
1520.362619
1520.381501
1520.500040
1520.527114
1520.542147
1520.714957
1521.156833
1524.235141
1524.358595
1526.258074
1527.005962
1528.189379
1528.203960
1530.738156
1531.449303
1532.254454
1532.664259
1533.573284
1560.159068
1560.228045
1560.559493
1560.964424
1560.967537
1561.095086
1561.181676
1561.385206
1561.724027
1561.944269
1562.714071
1563.015537
1563.105362
1563.109908
1563.165737
1563.190108
1563.280794
1563.294720
1563.298447
1563.359191
1563.439145
1563.767112
1564.015247
1564.692931
1564.764406
1565.401539
1565.513728
1566.502543
1566.531707
1566.549770
1566.598881
1567.114691
1567.276810
1569.573069
1569.596580
1571.485655
1571.506135
1571.629957
1573.277327
1575.629619
1577.545728
1577.874432
1578.142925
1579.316756
1579.439145
1579.499520
1579.764081
1580.485550
1580.635218
1580.864553
1580.965028
1581.730775
1582.239539
1582.275625
1582.580367
1582.687764
1583.235031
1583.398625
1583.511265
1583.584215
1583.651553
1583.708160
1585.230070
1585.278812
1585.829847
1585.936343
1585.956209
1586.017526
1586.392883
1586.434417
1586.492088
1587.041853
1587.079250
1587.161375
1587.248046
1587.889439
1589.346181
1590.377390
1590.401188
1590.436495
1590.506004
1590.530089
1591.306813
1592.106107
1592.196956
1593.359155
1593.661153
1594.055557
1594.139976
1594.285711
1594.296852
1594.318971
1594.350838
1595.017380
1595.451515
1595.622031
1597.448110
1597.460726
1598.683464
1598.781194
1598.895923
1598.975877
1598.995128
1599.405588
1599.810888
1600.106824
1600.189809
1600.797655
1601.384120
1601.558159
1601.736581
1601.854259
1601.939825
1601.971364
1602.280735
1602.356183
1602.382725
1602.444493
1602.853356
1603.323003
1603.372237
1603.400090
1603.488481
1603.606610
1604.008714
1604.388454
1604.508017
1604.565279
1604.843356
1605.066015
1605.077647
1605.133844
1605.369610
1605.526569
1605.624996
1605.834957
1606.073303
1606.653420
1606.801613
1607.579689
1607.784776
1607.798415
1607.846216
1608.262492
1608.753807
1608.933868
1609.056502
1610.074563
1610.106020
1610.174136
1610.400891
1610.565919
1610.720829
1610.778583
1612.017418
1612.137800
1612.217262
1612.650865
1612.847759
1612.870369
1614.049526
1614.071112
1614.085161
1614.344356
1615.161958
1615.201567
1615.840911
1616.022979
1616.214262
1616.547758
1616.559227
1616.636928
1616.750510
1616.808632
1617.000079
1617.072046
1617.169981
1617.181450
1617.211802
1617.252024
1617.774469
1617.940521
1617.966162
1618.176123
1618.363802
1619.119186
1619.374285
1619.492209
1619.607265
1621.391114
1621.564621
1621.774172
1622.227558
1622.477005
1623.087596
1623.433912
1623.830733
1624.018084
1625.187205
1625.784238
1626.141164
1626.162299
1626.212270
1626.279117
1626.678968
1626.696090
1627.122483
1628.176916
1628.474409
1628.598272
1628.842598
1628.854477
1629.154959
1629.327278
1629.763338
1629.805117
1630.181007
1630.259036
1630.339482
1630.506148
1630.621942
1630.912184
1631.523021
1631.804498
1631.933235
1632.050586
1632.134308
1632.362496
1632.561725
1632.868270
1633.312236
1633.541243
1633.553121
1633.585807
1633.648886
1633.756283
1633.985536
1634.393006
1635.325788
1635.467715
1635.975455
1636.404634
1636.609597
1636.716831
1636.910531
1637.164564
1637.304975
1637.706711
1637.721661
1637.773107
1639.495107
1639.669678
1639.845274
1639.932723
1640.937267
1641.005957
1641.049088
1643.468104
1644.048056
1645.496771
1645.519708
1645.754286
1645.834240
1645.939999
1646.032650
1647.469568
1648.518308
1648.975790
1649.979105
1650.120868
1650.304369
1650.391122
1650.798797
1651.341230
1652.021207
1652.043940
1652.112507
1652.140196
1652.254638
1652.270653
1652.471071
1653.018624
1653.181481
1653.331886
1653.483971
1653.913272
1654.030213
1654.074122
1654.537421
1655.982490
1656.345272
1656.649687
1656.661934
1657.472164
1659.607286
1659.621048
1659.814953
1659.960402
1660.658811
1660.674253
1660.906619
1661.147709
1661.844398
1662.624932
1662.639677
1662.715126
1662.830469
1663.063532
1663.870525
1664.328458
1664.349798
1664.775414
1664.794460
1664.829276
1664.908165
1664.946135
1664.960266
1665.453384
1665.639219
1666.289132
1666.963046
1667.001754
1667.215237
1667.700941
1667.754557
1668.154122
1668.176282
1668.187832
1668.523622
1668.608328
1668.925030
1669.006582
1669.046723
1669.855396
1670.085837
1670.451241
1670.638182
1670.669885
1670.863995
1672.142356
1672.394752
1672.417362
1672.438456
1672.457830
1672.512553
1672.526807
1672.556790
1672.603402
1673.132155
1673.342075
1673.363210
1674.008535
1674.015375
1674.221486
1674.714685
1676.950856
1677.003407
1677.059768
1677.454500
1677.867090
1677.966254
1678.012989
1678.331249
1678.479811
1678.564966
1678.635868
1678.914314
1680.006881
1680.094536
1680.143729
1680.606003
1681.313014
1681.729618
1681.883259
1683.243786
1683.261399
1683.332383
1683.386491
1683.405373
1683.450552
1683.462021
1683.504210
1683.690086
1683.801620
1684.351345
1684.388659
1684.416922
1684.479222
1684.509860
1684.535788
1684.544635
1684.601037
1684.627087
1684.651049
1684.669891
1684.683325
1684.784579
1684.908851
1684.929577
1684.937277
1684.949647
1684.978237
1685.023089
1685.033656
1685.087805
1685.350851
1685.379564
1685.392876
1685.404058
1685.456200
1685.567611
1685.689344
1685.762744
1685.791498
1686.809149
1687.132897
1687.286129
1687.332577
1688.025539
1688.785060
1688.854897
1688.996454
1689.042616
1689.049866
1689.091809
1689.162629
1689.183887
1689.521357
1689.631130
1689.865503
1690.095288
1690.103726
1690.122445
1690.193306
1690.217226
1690.355917
1690.406093
1690.462372
1690.631864
1690.862264
1691.227464
1693.173924
1693.467238
1693.674619
1693.755761
1693.862339
1693.913457
1693.947290
1694.195917
1695.550546
1695.639634
1695.765504
1695.825920
1695.915868
1695.972557
1696.068280
1696.134226
1696.317317
1696.338493
1696.382771
1696.431186
1696.505528
1696.520192
1696.811704
1696.865034
1697.544274
1697.585971
1697.722040
1697.756611
1697.768038
1697.782129
1697.805025
1698.572534
1698.617836
1698.644541
1699.401974
1699.432366
1700.479590
1700.666778
1700.684063
1700.924375
1701.213716
1701.448376
1702.293135
1702.507561
1702.890906
1702.984786
1703.080264
1703.269007
1703.561093
1703.572849
1703.775109
1704.087962
1704.888115
1704.905359
1705.105940
1705.250529
1705.750651
1705.850921
1706.440827
1706.561167
1707.989156
1708.043551
1708.078162
1708.231393
1708.363284
1708.735160
1708.849275
1708.923044
1709.928612
1710.110188
1711.017615
1711.541453
1711.635374
1711.636890
1711.915131
1711.956992
1711.973622
1712.079790
1712.147702
1712.206520
1712.323748
1712.337715
1712.359342
1712.385311
1712.401080
1712.412877
1712.507986
1712.774881
1714.631721
1715.212206
1715.385754
1715.521167
1715.529441
1715.537838
1717.240300
1717.739643
1717.944893
1718.025994
1718.177096
1718.214083
1718.249062
1718.518907
1718.760612
1718.825411
1718.916424
1718.972375
1719.007355
1719.810212
1719.826391
1719.917281
1719.951811
1720.395899
1720.737341
1720.838062
1720.966185
1722.093855
1722.422436
1722.509435
1722.675487
1722.791608
1722.915635
1723.634442
1723.702845
1723.974656
1724.044698
1724.055798
1724.200878
1724.401254
1724.417597
1724.439020
1724.463841
1724.741100
1724.770263
1724.858081
1725.166346
1725.180969
1725.340303
1725.487514
1725.532774
1725.638492
1726.008156
1726.464246
1727.548908
1727.561605
1727.583150
1727.671009
1728.246292
1728.360202
1730.139505
1731.813868
1731.929661
1732.444242
1732.763812
1732.859494
1733.054013
1733.085880
1733.166572
1733.693809
1733.940552
1734.154117
1734.155796
1734.584279
1734.601687
1734.616392
1734.632161
1734.693110
1734.816973
1734.828892
1734.953329
1735.893893
1735.922688
1735.972127
1736.060682
1736.224399
1736.546468
1738.916905
1739.414282
1739.485880
1739.847967
1740.039537
1741.014794
1741.052477
1741.393347
1741.878026
1742.619075
1744.386048
1744.435282
1744.501514
1744.857743
1744.959611
1745.265746
1745.283809
1745.664532
1745.681613
1747.861504
1747.980493
1748.147282
1748.247716
1748.302397
1748.418765
1748.717363
1748.958249
1749.057085
1749.129421
1749.153956
1749.205074
1749.206876
1750.153339
1750.724772
1751.621018
1752.141865
1752.245330
1752.367923
1752.850842
1753.129329
1753.385165
1755.085455
1755.271619
1755.278377
1755.599176
1755.984486
1756.417024
1756.480553
1756.525773
1758.037606
1759.058330
1759.090688
1759.188378
1759.537889
1759.913574
1760.836854
1761.537638
1761.842340
1761.877729
1762.098913
1762.138972
1762.326528
1762.644582
1763.144131
1763.354092
1763.849626
1764.014367
1765.167677
1765.432648
1765.672755
1765.845770
1765.945836
1766.208512
1766.914130
1767.424532
1767.783834
1768.043315
1768.647066
1768.651530
1768.670740
1768.802959
1768.911954
1769.010749
1769.187246
1769.592218
1769.619087
1769.620849
1769.636291
1769.674588
1769.783910
1769.795543
1769.882460
1769.974538
1770.819052
1771.249623
1771.279237
1771.370209
1771.483832
1771.517092
1772.080579
1772.173148
1772.383478
1772.588278
1772.682035
1774.303068
1774.342554
1774.394204
1774.519419
1774.735933
1774.872576
1775.056855
1775.477801
1775.500370
1775.531336
1775.666995
1775.958508
1776.184852
1776.814612
1776.826368
1776.906158
1777.294459
1777.373676
1777.408860
1777.736294
1777.754399
1777.902019
1778.216796
1778.671657
1778.795274
1778.816164
1779.848151
1779.870966
1780.070031
1780.382024
1780.515758
1780.652196
1780.686643
1780.769874
1780.780728
1780.806205
1780.960829
1781.029519
1781.049672
1781.242921
1781.395825
1781.610988
1782.089032
1782.703104
1782.706749
1782.906962
1783.866737
1783.897088
1783.932600
1784.136581
1784.191427
1784.293581
1784.332206
1784.376074
1784.421253
1784.611594
1784.654234
1784.693309
1784.722309
1784.791204
1784.806031
1784.893891
1785.072599
1785.096192
1785.114993
1785.221407
1785.252782
1785.255322
1785.267159
1785.291981
1785.469379
1785.586975
1785.633382
1785.648538
1785.654190
1786.315981
1786.454385
1786.491535
1786.516480
1786.530816
1786.558996
1786.882007
1786.948035
1787.042324
1787.144643
1787.751506
1787.868447
1787.926856
1788.310651
1788.725125
1788.741960
1788.913828
1788.975718
1789.018071
1789.703455
1790.197678
1790.417347
1790.732083
1790.735278
1790.773658
1791.502049
1791.536292
1791.648809
1791.667077
1791.832842
1792.385884
1792.680100
1793.132708
1793.387438
1793.488200
1793.511424
1793.815634
1793.862205
1794.606408
1794.809569
1794.814689
1795.455099
1795.685540
1795.703849
1796.343153
1796.359168
1796.572815
1796.721172
1797.196677
1797.318287
1797.475369
1798.403359
1798.897664
1799.111066
1799.165379
1799.192412
1799.633428
1800.392909
1800.771133
1800.808284
1801.564774
1801.858499
1801.875292
1802.090168
1802.370007
1802.415350
1802.482893
1802.496819
1802.545152
1802.579886
1802.641981
1802.664755
1802.676183
1802.858537
1803.356529
1804.032696
1804.086108
1804.422144
1804.999188
1805.013361
1805.300654
1806.877614
1807.596093
1807.985582
1808.000123
1808.112271
1808.122757
1808.168305
1808.186122
1808.446628
1808.535880
1808.627794
1808.799416
1809.359954
1809.421476
1809.459446
1809.509007
1810.229453
1810.233467
1810.259681
1811.480699
1812.216095
1812.274627
1812.638310
1812.865352
1812.888986
1813.118730
1813.124465
1813.153341
1813.246444
1813.252751
1813.307679
1813.342372
1813.356626
1813.544796
1813.817016
1813.823980
1813.958001
1814.056878
1814.278390
1814.903644
1815.239311
1815.767286
1815.782769
1816.619131
1817.225011
1817.472000
1817.838633
1818.531103
1819.082015
1819.174543
1819.844485
1820.180685
1820.201288
1820.524052
1820.562145
1820.750602
1820.804178
1820.846408
1820.882452
1822.099333
1822.974812
1823.291638
1823.789466
1823.797125
1823.895265
1823.942861
1824.263946
1824.545423
1824.704020
1825.043251
1825.788723
1825.823293
1825.980047
1825.997292
1826.085724
1826.192507
1826.426348
1826.512486
1827.644457
1828.396933
1829.144125
1829.473690
1829.579776
1830.465864
1831.638753
1831.849247
1831.900815
1831.916708
1832.001126
1832.722104
1833.031352
1833.055969
1833.576653
1834.324132
1834.350674
1834.412032
1834.450043
1834.472325
1834.500506
1835.243725
1835.269857
1835.552973
1835.867218
1836.759695
1836.861522
1836.947374
1837.037281
1837.054730
1837.063250
1837.076562
1837.086065
1837.091799
1837.095649
1837.115064
1837.123420
1837.128376
1837.133906
1837.143409
1837.167288
1837.184901
1837.231636
1837.383967
1837.550920
1837.750559
1837.898752
1837.974651
1837.995213
1838.011105
1838.038589
1838.059192
1838.084137
1838.146396
1838.353285
1838.367048
1838.426644
1838.433034
1838.447043
1838.451753
1838.472069
1838.485463
1838.826373
1838.861312
1838.896906
1838.930289
1838.952899
1838.994268
1839.005164
1839.097283
1839.261819
1839.342592
1839.372329
1839.392932
1839.408865
1839.436063
1839.471657
1839.487386
1839.487672
1839.502500
1839.508234
1839.521997
1839.551857
1839.616737
1839.631933
1839.636316
1839.663800
1839.723151
1839.856312
1839.868355
1839.899361
1839.993528
1840.014213
1840.023921
1840.028262
1840.064758
1840.082330
1840.088965
1840.130662
1840.135741
1840.141804
1840.189194
1840.193126
1840.208323
1840.213770
1840.251986
1840.266895
1840.284836
1840.470548
1840.523469
1840.556769
1840.678543
1840.867164
1840.909681
1840.965714
1840.996352
1841.037025
1841.071391
1841.254523
1841.627505
1841.694474
1841.816207
1841.919959
1841.997619
1842.042143
1842.198897
1842.245509
1842.367201
1842.982461
1843.198607
1843.277742
1843.349258
1843.515023
1843.848684
1843.897016
1844.095099
1844.116767
1844.277780
1844.487332
1845.093949
1846.668206
1846.859080
1847.099310
1848.116838
1848.248689
1848.344822
1848.719360
1848.885084
1849.044951
1849.129370
1850.411090
1850.643988
1850.778624
1851.528151
1852.454420
1852.599296
1853.295493
1853.646889
1853.669089
1853.711196
1853.804503
1853.867295
1854.310113
1854.986977
1855.335465
1855.882854
1856.498196
1857.373184
1858.337300
1858.812436
1858.823619
1858.851144
1858.956247
1860.198728
1860.258898
1860.281426
1860.352983
1860.381573
1860.534764
1860.613161
1860.849459
1861.578588
1861.655921
1861.694423
1861.701100
1861.726003
1861.797233
1863.316398
1864.243405
1865.965568
1866.323190
1866.752614
1866.789192
1866.923295
1867.483914
1867.596636
1868.008120
1868.067389
1868.084060
1868.141199
1868.715295
1869.968343
1870.060421
1871.478047
1872.863150
1873.399357
1874.470011
1875.282616
1875.319030
1875.330417
1875.342705
1875.373834
1875.394929
1875.451453
1875.513917
1875.595756
1875.701391
1875.842089
1875.861135
1876.040294
1876.081746
1876.224410
1876.269179
1876.600914
1876.922860
1878.407250
1879.477658
1880.157348
1880.266547
1880.996618
1882.683679
1883.328471
1884.322898
1887.528919
1887.623823
1887.674941
1887.953592
1888.011264
1888.043008
1888.093676
1888.128737
1890.614886
1891.401277
1892.651131
1892.728422
1892.758815
1892.793631
1893.680128
1893.921874
1894.376325
1894.450545
1895.196467
1895.342981
1895.388570
1895.630356
1895.670661
1895.750287
1895.769539
1896.536064
1896.582390
1896.682455
1897.008251
1897.512428
1897.724150
1897.924936
1898.248315
1899.288207
1899.776287
1899.865866
1899.894825
1899.943035
1900.019016
1900.027781
1900.496855
1900.575867
1901.073531
1901.151887
1901.390438
1901.415219
1901.672858
1901.714104
1902.877491
1903.150776
1903.183421
1903.189647
1903.953797
1904.690258
1905.401569
1907.886776
1907.890995
1907.970212
1909.332132
1909.559255
1909.655839
1910.075597
1910.145106
1910.403031
1910.602547
1910.681805
1910.835896
1910.911468
1910.934487
1911.120937
1911.294730
1911.563837
1911.689093
1911.830446
1911.838966
1912.114995
1912.869437
1912.883528
1913.113477
1913.390940
1914.284360
1914.487112
1914.510377
1914.717962
1916.060918
1916.217672
1916.584960
1917.171302
1918.991688
1919.075942
1919.217418
1919.262515
1919.389573
1919.589949
1919.626691
1919.697142
1919.714509
1919.731466
1919.750267
1919.766241
1919.800197
1919.827313
1919.856026
1919.888671
1919.921070
1919.955108
1920.031007
1920.088105
1920.117883
1920.189235
1920.264806
1920.280289
1920.314450
1920.332227
1920.406569
1920.508723
1920.560005
1920.577946
1920.606904
1920.631030
1920.674939
1920.689725
1920.726835
1920.739533
1920.815596
1920.894894
1921.039565
1921.093960
1921.254973
1921.256325
1921.265869
1921.352008
1922.117100
1922.142536
1922.803835
1923.050455
1923.483812
1923.553608
1923.587277
1923.629834
1923.696763
1923.846840
1923.882230
1924.299940
1924.351918
1924.785684
1924.932690
1924.999619
1925.014364
1925.070520
1925.092884
1925.111235
1925.175296
1925.258813
1925.330862
1925.748941
1925.946409
1925.975818
1926.469386
1926.590423
1926.808781
1926.834217
1926.879355
1927.332577
1927.921050
1927.953080
1928.305705
1928.807711
1929.029222
1929.552486
1929.990636
1930.650870
1930.823762
1932.861891
1933.231923
1933.430702
1933.632717
1933.725573
1934.340588
1934.431314
1934.750228
1934.846239
1935.318180
1935.514829
1935.603220
1935.641969
1935.870321
1936.161178
1936.823009
1936.979722
1937.002414
1937.022239
1937.079009
1937.083679
1937.211064
1937.428070
1937.897308
1940.973527
1941.290844
1941.459026
1941.641994
1942.037832
1942.106440
1942.117294
1942.180127
1942.366413
1942.530048
1944.174141
1944.757740
1945.931448
1946.397368
1946.708214
1946.801070
1946.886062
1946.953933
1947.048509
1947.115930
1947.591311
1948.040151
1948.044329
1948.325110
1948.491530
1948.636938
1949.103473
1949.366149
1949.676872
1950.136402
1950.235853
1950.408335
1950.601585
1950.640210
1950.659174
1950.731633
1951.342797
1952.849797
1952.887030
1952.912957
1952.958915
1953.536000
1953.607148
1954.340700
1954.761974
1954.997289
1955.018998
1955.049964
1955.159450
1955.177800
1955.187999
1955.208397
1955.306660
1955.332997
1955.460178
1956.552008
1957.054628
1957.653135
1957.693153
1958.332908
1959.080509
1960.409580
1960.455700
1960.595907
1960.765481
1960.845025
1961.057976
1961.079931
1961.151857
1964.441149
1964.949012
1965.234749
1966.412964
1966.743839
1966.850294
1967.108997
1967.644549
1968.504504
1969.149665
1969.337795
1969.503314
1969.733386
1969.752883
1969.774879
1969.784300
1969.806131
1969.832428
1969.868964
1970.671944
1970.732073
1970.757837
1970.917089
1971.124675
1971.297608
1971.544433
1971.920650
1971.925647
1971.933553
1972.187709
1973.366948
1977.976259
1978.503946
1978.633544
1979.109130
1979.251180
1979.436073
1979.475026
1979.566080
1980.157788
1981.756908
1981.808804
1982.339195
1982.996972
1983.192310
1983.376876
1983.495373
1983.517655
1983.614075
1983.864054
1984.064225
1984.108012
1985.347584
1985.374249
1985.409475
1985.862902
1985.923768
1986.119025
1986.695741
1986.740961
1987.189228
1987.557376
1987.631268
1987.639706
1987.683328
1988.530749
1988.866744
1988.962304
1988.995850
1989.156168
1989.656330
1989.919171
1989.933588
1990.021366
1990.053192
1990.116475
1990.174966
1990.236283
1990.322790
1990.428221
1990.521160
1990.634578
1991.177748
1991.224033
1993.481871
1993.546506
1993.608192
1993.628344
1993.876357
1993.941688
1993.951191
1994.406093
1994.496328
1994.514186
1994.581688
1994.595328
1994.622566
1994.999685
1995.159101
1995.352146
1995.510989
1995.569439
1995.855790
1996.024791
1996.033597
1996.094095
1996.106588
1996.448031
1998.425661
1998.608794
1999.311585
1999.663759
2000.182149
2000.759808
2001.595924
2001.688084
2001.763574
2002.212045
2002.573967
2002.694554
2002.876293
2004.232274
2004.287693
2004.361298
2005.052416
2005.104681
2005.130117
2005.391114
2005.695119
2006.901187
2008.018903
2008.275313
2009.861693
2009.903555
2010.313114
2010.553836
2010.591355
2011.029217
2011.774894
2012.289966
2012.306719
2012.311757
2012.553011
2013.214392
2013.531341
2014.611988
2014.664704
2014.744207
2015.475139
2015.593636
2015.617147
2015.849431
2016.642908
2018.128978
2019.468575
2019.535135
2019.707904
2020.202086
2020.339057
2021.748122
2023.402250
2023.690445
2023.931781
2024.224522
2024.425677
2024.522506
2025.744138
2025.961554
2025.973801
2026.327491
2026.401874
2026.892206
2026.961428
2026.991616
2027.142021
2027.458314
2027.601838
2027.629937
2029.067878
2031.012004
2031.029862
2031.193416
2031.206687
2031.334564
2031.550341
2031.738266
2032.107766
2032.156918
2032.201523
2033.076961
2034.186568
2035.512934
2035.537224
2036.395581
2036.415939
2036.575191
2037.243576
2037.860311
2038.047621
2038.150840
2038.234890
2038.329549
2038.433669
2038.462218
2038.567772
2038.618399
2038.628803
2038.833234
2038.901473
2039.030579
2039.142195
2039.286333
2040.679096
2040.737096
2041.027420
2041.389343
2041.540649
2041.555517
2042.200351
2042.344038
2042.925097
2043.713700
2044.060221
2044.779315
2044.845097
2044.935619
2045.113221
2045.160899
2046.268334
2046.524334
2046.648074
2046.770708
2046.982062
2047.004590
2047.140004
2047.348408
2048.418365
2048.499098
2048.528384
2048.968294
2049.684808
2050.289664
2050.962022
2051.039601
2051.106284
2051.650601
2052.954604
2053.268685
2053.286298
2053.477376
2053.543158
2053.688238
2053.864899
2054.581453
2054.599639
2054.653215
2054.698271
2054.734766
2056.031396
2059.090166
2059.120230
2059.622932
2059.764490
2060.221932
2060.372460
2060.452413
2060.479160
2060.541952
2060.643123
2060.652708
2060.665446
2060.734751
2060.749578
2060.791726
2060.805898
2061.223608
2061.239296
2061.321830
2061.429309
2061.449462
2061.505167
2061.547807
2061.570580
2061.701161
2061.707305
2061.830840
2061.900554
2061.979116
2062.097736
2062.233068
2062.506271
2062.741381
2062.769070
2063.551406
2064.037765
2064.065659
2064.929628
2065.060250
2065.145283
2065.162650
2065.218109
2065.277624
2065.713889
2065.817231
2066.165268
2066.311209
2066.691277
2066.787123
2067.084534
2067.348685
2067.396813
2067.472957
2067.881206
2068.577362
2069.887836
2070.458491
2071.851663
2071.866122
2072.043561
2072.106476
2072.336384
2072.445788
2072.524472
2072.848916
2072.856248
2073.003745
2073.388483
2073.547817
2073.897984
2073.955246
2074.133053
2074.529956
2074.655048
2074.699121
2074.800292
2075.012260
2075.025326
2075.249992
2075.530772
2075.757691
2076.026348
2076.152422
2076.261786
2076.281078
2076.389949
2076.409405
2076.415017
2076.453806
2076.472607
2076.717384
2076.976783
2077.311672
2078.506312
2078.691983
2078.777139
2078.828012
2078.899364
2078.908621
2078.948598
2079.049032
2079.076844
2079.150326
2079.176622
2079.233434
2079.403213
2079.580897
2079.761531
2080.828703
2081.221059
2081.454244
2081.530388
2081.550746
2081.566966
2081.920287
2082.392269
2082.416599
2082.539192
2082.921923
2083.481887
2083.846513
2085.158257
2085.519196
2085.605745
2085.621309
2085.656248
2085.690860
2086.950707
2087.022019
2087.269458
2087.322378
2087.741276
2087.782892
2087.831716
2087.955866
2089.525617
2090.166026
2090.218168
2090.292347
2092.125471
2092.163482
2094.354637
2094.857462
2095.268618
2095.369626
2095.489270
2095.592284
2096.622387
2096.669286
2096.818463
2097.649132
2098.459034
2099.599892
2100.307558
2101.267415
2102.317507
2102.752338
2103.171973
2103.335240
2103.907533
2104.162427
2104.321925
2104.736358
2104.920064
2104.995062
2105.109381
2105.356616
2105.570222
2105.814548
2105.847767
2106.117079
2106.136658
2106.275471
2107.039007
2107.151196
2107.289559
2107.393065
2107.628913
2108.182692
2108.517007
2109.015450
2111.384740
2111.916442
2111.981322
2112.190669
2112.384328
2112.845742
2113.550049
2113.626481
2113.699348
2113.719214
2114.219581
2116.834918
2117.183734
2117.998756
2120.419410
2120.572764
2120.648663
2120.683643
2120.986911
2121.151242
2121.582920
2121.662669
2121.724805
2121.733734
2121.909371
2122.397164
2123.676713
2123.719721
2123.872748
2124.274647
2124.515328
2124.625060
2125.227704
2125.264814
2126.248919
2126.466294
2127.062999
2127.136317
2127.144632
2127.203533
2127.211069
2129.338368
2129.502536
2129.563894
2130.692506
2130.836070
2131.965174
2132.081091
2133.956403
2133.961605
2134.149161
2134.229811
2134.263316
2134.525010
2134.576701
2134.588416
2134.630195
2134.754673
2135.099965
2135.519764
2136.375624
2137.001083
2137.127444
2137.173524
2137.481667
2137.518735
2138.037453
2138.075505
2138.749501
2138.769613
2139.227382
2139.242947
2139.302011
2139.591885
2139.607409
2139.628872
2140.065341
2140.092948
2140.171715
2140.437258
2141.016801
2141.559849
2141.578609
2141.607772
2141.718651
2141.789389
2141.879951
2141.881590
2142.373110
2143.245681
2143.461171
2143.527567
2143.567258
2144.083640
2144.148767
2144.178995
2144.203039
2145.343119
2145.381827
2145.899274
2145.970094
2146.008719
2146.495283
2146.531410
2146.555822
2146.566390
2146.585272
2147.145974
2147.198444
2147.738624
2147.762381
2147.856302
2148.677919
2148.827300
2149.292237
2149.363917
2149.384069
2151.028244
2151.914947
2151.974830
2153.439928
2153.479332
2153.892864
2154.002514
2154.062684
2154.881556
2154.888151
2155.213128
