51.509453
51.611443
52.053606
52.991345
55.199171
55.238984
55.295795
56.822825
57.348628
57.493012
58.377830
61.985341
66.255913
67.485778
70.660424
74.530857
74.734428
77.436232
85.314560
85.365146
85.379400
85.411267
85.590712
86.058476
86.642852
86.795264
86.824550
86.827418
86.855229
86.877839
86.944317
86.957179
87.021076
87.512965
87.609221
88.257290
93.323428
93.571277
93.671301
93.793772
94.058619
94.139638
94.164582
94.196326
94.493655
94.701732
100.041236
101.212979
101.783060
101.843231
101.896069
101.929902
101.941985
102.039020
102.142566
102.144082
104.196301
106.201702
109.412065
109.999800
110.173389
110.254940
110.459085
110.682644
110.782300
111.595643
115.465667
116.692582
117.728993
117.834670
122.809057
123.084841
123.150746
123.201167
123.653571
123.722506
124.330394
124.620308
124.649226
124.845056
125.075292
125.355500
125.466173
125.475512
125.495460
125.534536
125.560545
125.567468
126.700995
129.072947
129.081467
130.867692
130.892390
131.420283
134.421012
136.099103
136.186593
136.298250
136.604836
136.732713
136.734065
136.803328
136.833311
136.897946
136.920556
136.957911
138.828595
140.232131
140.363612
140.452291
140.635341
144.909312
144.973824
145.650237
146.595103
146.842214
147.770081
147.956204
148.179313
148.832133
149.748204
149.802148
150.203474
150.397870
150.710764
151.060521
151.100088
151.168205
152.291656
154.519921
155.495383
155.636695
156.426527
156.469985
156.502262
157.399491
157.460726
157.581640
157.601669
157.662945
159.189975
169.990021
170.427924
171.655987
171.702845
171.726971
171.793039
171.910554
172.789555
176.153395
176.173793
176.192389
176.243016
178.825298
181.469266
189.947085
190.834565
190.907064
190.948803
192.079503
197.858427
201.592791
202.660332
203.054612
203.292058
203.432837
204.116582
204.273623
213.453087
213.517926
214.015099
214.038118
214.088868
214.106849
218.553385
219.779359
219.821834
224.189604
224.821207
224.915620
227.225477
228.482089
230.852076
231.656571
231.685693
238.563533
240.561111
242.576630
242.744238
242.875310
253.768704
253.896458
254.068531
260.648305
263.122944
263.860838
263.899013
264.467497
264.558551
267.200553
269.719880
277.371290
277.693686
283.705344
283.728323
288.970097
289.825464
293.334835
294.012641
294.027960
294.085304
294.534963
297.235907
297.280307
297.412157
297.519186
297.804431
300.365988
301.294961
304.955105
304.986972
305.296302
314.363781
315.045601
315.116995
319.487795
319.633367
319.687025
319.697183
321.397760
321.866015
321.919754
322.264269
322.445558
322.453135
322.492006
327.361004
327.415767
328.484618
328.808899
329.778176
330.252452
330.291855
331.341496
331.669832
331.690598
332.116009
334.457078
334.491689
334.739988
335.084339
335.274721
335.348941
339.811123
342.840893
344.153211
344.670003
344.927601
349.344195
349.990257
351.460803
351.531500
356.552417
357.256602
357.412127
357.681971
357.999002
360.229028
362.962330
363.452989
363.503575
363.530568
364.755395
364.825682
366.746255
366.783242
368.213320
368.747602
369.153229
380.407194
380.430541
380.573655
388.824842
393.799639
397.156393
397.398876
397.722173
402.422456
408.764252
408.860918
409.201582
409.380618
409.400689
414.203290
417.439949
417.524163
417.610752
421.792317
424.443167
424.483512
425.438822
425.451069
425.559409
425.581527
428.750029
428.813148
438.657843
439.485768
454.256189
454.985400
455.291290
455.523246
455.605862
460.804956
461.047153
461.170852
461.180887
461.187973
461.207388
464.508887
466.538824
467.001876
469.219410
469.597553
470.264340
470.735913
470.761267
470.845932
470.911345
471.007683
472.328110
472.466391
472.501903
480.860815
480.946463
488.876401
488.997069
489.186304
489.285386
495.281889
495.402844
497.675141
500.332134
501.521162
501.695447
501.811446
505.770189
505.812460
506.160251
506.551378
506.663240
507.082752
514.536079
518.570066
518.923346
522.561782
529.161462
529.197834
529.226506
529.228841
529.252598
529.275044
530.429297
530.477056
536.586527
536.903148
536.908390
536.985682
538.341048
539.713167
541.730365
542.122885
542.720410
544.030884
544.405545
544.485048
544.487670
545.556767
546.771395
549.816607
549.818163
550.043279
550.188073
550.693396
555.303731
555.363287
555.430543
555.455242
555.543634
560.513802
560.717251
563.411313
565.166080
565.292360
565.380669
569.015050
570.978755
571.257938
571.300127
571.307459
571.357266
572.258427
573.415014
573.910753
575.973745
580.685865
581.718508
581.753405
581.762580
589.970473
590.021386
590.198948
590.204518
590.375076
590.385275
590.487634
590.579753
594.953871
595.518874
596.115661
596.593951
596.608205
596.638228
596.718264
603.790172
603.909898
603.927101
607.767757
609.738342
609.846804
612.078797
613.829714
614.771220
616.484782
616.506982
616.529592
616.844165
616.931574
617.282683
617.961964
618.856530
620.671713
621.706772
621.832929
626.886656
628.331028
628.362977
628.970701
629.307064
629.324677
629.331804
629.494948
630.218957
635.463188
636.214108
636.317983
636.945981
641.876992
642.016829
642.258043
642.305229
643.147653
643.385426
643.538043
643.718062
643.726418
644.071342
646.185452
646.292726
646.306734
646.698967
648.430879
649.347768
651.875779
652.019876
652.673802
653.096387
657.773773
658.021212
658.464317
658.726257
658.906685
663.148093
663.161242
664.056177
665.524101
670.769848
671.002624
671.398339
676.523008
676.592353
676.631880
676.647772
676.990280
677.227028
677.417697
677.474304
677.963039
678.122660
678.176891
678.269338
678.281830
678.461604
678.504980
678.541885
680.339579
680.743649
682.172785
683.695636
686.527283
686.585201
686.649262
686.710579
686.713979
691.494420
693.842452
694.153257
694.168494
694.179430
694.199378
695.269499
695.648788
697.217188
697.724764
699.365253
700.075581
700.455567
700.808356
712.227226
712.394342
718.033510
718.670397
718.759444
718.809580
732.874506
742.257336
745.147638
745.275515
745.276539
745.648701
745.726198
745.749504
748.566036
752.480092
752.726876
753.563730
753.730314
753.787576
753.937039
757.918351
761.019638
761.521848
761.548022
761.644524
761.805824
772.179149
781.966828
782.412308
786.114437
789.621719
789.747425
789.818532
789.942968
790.013051
790.048932
790.192128
796.139971
796.149842
796.223160
796.253594
796.305900
796.783084
796.934472
797.426606
798.363361
800.648233
807.548928
808.036762
835.630653
835.805512
835.958866
836.079821
837.255496
838.605373
838.607135
838.608978
838.616760
838.623314
838.627451
838.631342
838.660178
838.668861
840.123720
840.454799
841.092014
841.554330
841.654436
841.937551
842.091602
844.642836
845.164544
845.438771
845.572547
845.929021
846.031053
846.289961
847.000576
847.916974
848.232243
848.242196
848.250716
848.311050
848.483492
848.516383
848.693125
848.752886
848.851599
848.985580
849.085071
849.156997
849.806008
850.083430
850.332672
850.402099
850.503188
850.560410
852.361380
852.458127
852.606853
852.623073
853.276549
855.678198
856.359158
856.447304
856.498258
856.676721
856.680120
856.825405
856.885658
857.096315
857.373000
857.484698
857.486664
857.606840
858.208174
858.722468
858.737500
858.929889
859.336622
859.503944
860.343624
860.385976
860.638986
864.278446
866.226176
867.543450
867.956736
868.061102
872.470364
872.700764
879.058944
879.697797
880.625213
883.247473
885.263442
887.135191
889.283461
889.567969
889.771868
889.804390
889.854075
889.870418
889.888358
889.901588
889.904742
889.908101
897.249772
897.275822
897.611612
897.893622
900.309565
906.693181
908.256829
908.402156
908.761866
908.767928
908.940206
908.948275
908.955812
908.959908
909.113262
909.124567
909.210870
910.126121
911.050506
913.588347
913.702216
914.272993
915.990200
918.467297
918.499820
918.598779
918.693642
918.732145
918.785761
918.866698
919.016571
919.673078
920.261100
922.208829
927.831450
931.068232
932.920238
940.625756
940.650906
941.923000
945.211228
945.215324
947.317228
947.597025
950.585098
954.066862
956.274934
956.632146
959.489065
960.173343
962.787451
965.971640
966.560891
967.008502
968.033239
968.477696
968.863334
969.848259
970.158449
971.288863
971.684700
972.464210
973.118259
973.244580
974.874092
975.908168
976.354058
978.775777
979.071345
980.649411
980.837212
980.934820
986.427843
986.434068
987.324826
988.094505
988.573819
989.087212
989.883269
990.205911
993.239941
999.758479
1000.039956
1000.124457
1000.192451
1000.198021
1001.245409
1001.586401
1002.437386
1004.152259
1007.631237
1007.634473
1008.258335
1008.661176
1008.831324
1009.779589
1010.170757
1010.629304
1012.561306
1013.386732
1013.414666
1013.645967
1013.778842
1013.935309
1016.214651
1019.846820
1020.463391
1020.627804
1022.478377
1022.936064
1025.223188
1025.252721
1026.589942
1027.003105
1027.277824
1027.949486
1028.329882
1028.338319
1028.411720
1028.778353
1028.946903
1029.552169
1029.589197
1029.947023
1030.130688
1030.398853
1030.551183
1031.154811
1031.262372
1031.292641
1031.460864
1031.581123
1031.814799
1031.981097
1032.167875
1032.439439
1032.895119
1034.316063
1034.446316
1035.328635
1036.429189
1036.734792
1036.838175
1037.212262
1037.573202
1037.653975
1037.681172
1037.768704
1037.792174
1038.195220
1038.307738
1038.425047
1039.090360
1039.200543
1039.311421
1039.855821
1040.697016
1041.104200
1041.314570
1041.429545
1042.242519
1042.404188
1042.746573
1044.049019
1044.569457
1044.605542
1045.254267
1046.003917
1046.407619
1047.292314
1048.297472
1048.589967
1053.539246
1053.683507
1054.474363
1054.788977
1059.367813
1060.541563
1060.840776
1062.137037
1066.782147
1067.005870
1067.019796
1067.025326
1070.223114
1071.457198
1071.463547
1071.468012
1071.507784
1071.861105
1071.877325
1074.067702
1074.579415
1074.757222
1074.864906
1075.987661
1078.561833
1079.283466
1082.294804
1082.413711
1085.197844
1085.216809
1085.270221
1085.813637
1086.390886
1091.011584
1091.757998
1092.251156
1092.935926
1094.074737
1095.027671
1095.289528
1095.297720
1095.332454
1095.396803
1095.465165
1095.890985
1096.081121
1096.752128
1096.818565
1096.836997
1096.851210
1097.462170
1097.530368
1098.144522
1098.242621
1098.611384
1098.987274
1103.515525
1103.553946
1104.248504
1105.680056
1106.509496
1111.234396
1116.316795
1116.650496
1116.667699
1117.025690
1117.759324
1117.884211
1117.915668
1117.955973
1117.974118
1118.003282
1118.177485
1119.742198
1121.800970
1127.532339
1128.387133
1129.867018
1130.147021
1135.209390
1138.759967
1138.995937
1143.294689
1143.543398
1144.636457
1144.659763
1145.674138
1146.441400
1147.569971
1159.750492
1160.246968
1161.164063
1161.452134
1161.497928
1168.082084
1168.814653
1171.519283
1171.526861
1171.973489
1172.498596
1173.776998
1196.530360
1199.119032
1200.909476
1200.945152
1201.143931
1203.882107
1206.763151
1206.778143
1207.088701
1207.131955
1210.454917
1232.123372
1233.004749
1243.029627
1248.529285
1249.850941
1250.020803
1250.159452
1251.968492
1252.000932
1254.021202
1254.270075
1257.094963
1258.450371
1258.803773
1265.967104
1272.669716
1273.168323
1276.215583
1278.197473
1278.664499
1284.501668
1284.599603
1284.891566
1284.931092
1284.943258
1284.981514
1285.100093
1285.162394
1285.976637
1286.329590
1298.562048
1298.644173
1298.743583
1299.005809
1299.120251
1299.641836
1300.043080
1301.154816
1302.076867
1302.476595
1303.904010
1304.536965
1304.640676
1304.691712
1304.794194
1304.988713
1307.874386
1310.705951
1317.380055
1325.094625
1326.908047
1337.334129
1338.116833
1338.956431
1340.701286
1340.726886
1341.181706
1341.288448
1341.495706
1341.532856
1341.620142
1341.860454
1343.690998
1344.191324
1347.058360
1347.354870
1347.435151
1347.621478
1348.936090
1350.286295
1350.604759
1350.629212
1350.718013
1350.745416
1350.773842
1350.815498
1350.854984
1350.876979
1350.955254
1351.174963
1351.254426
1351.288381
1357.581394
1357.604291
1364.885463
1376.001434
1378.350203
1385.381233
1393.799987
1394.650399
1394.752594
1396.993147
1398.209208
1399.521444
1403.438449
1403.928822
1405.891953
1406.415667
1407.068488
1407.209800
1407.214305
1408.282624
1408.310804
1408.547185
1408.913654
1408.983695
1409.056809
1409.786266
1410.353480
1410.379080
1410.625208
1411.046769
1411.481805
1411.692913
1411.751977
1411.851141
1412.060529
1412.423516
1412.622336
1412.994785
1413.698847
1414.200115
1414.598779
1415.002931
1416.543478
1422.731141
1423.842017
1427.148964
1431.961190
1518.457610
1518.584463
1518.611128
1519.524250
1519.584829
1519.611658
1520.125215
1520.966164
1521.117880
1521.136353
1521.991639
1522.826568
1523.824681
1524.558438
1528.251638
1531.064279
1531.569234
1532.024013
1532.307415
1532.440494
1532.560261
1533.886054
1533.937500
1534.730527
1534.955110
1535.961580
1535.972966
1536.286925
1536.670720
1536.876503
1536.909926
1536.930570
1537.895096
1537.924014
1539.175301
1539.340165
1539.720233
1539.739443
1539.868631
1540.550246
1540.758364
1540.848312
1540.999987
1541.521326
1541.532426
1541.989417
1542.116270
1542.196142
1542.408684
1543.550484
1544.680407
1544.683930
1544.858501
1544.883610
1544.894996
1545.203139
1545.221038
1545.245532
1545.445335
1545.490555
1545.522708
1545.637806
1545.909944
1545.935053
1546.011607
1546.047160
1546.443325
1546.519101
1546.643866
1546.702971
1546.740081
1547.162214
1547.551007
1547.637268
1547.639849
1548.105687
1548.264407
1548.403917
1548.884787
1549.103391
1549.162168
1549.247160
1550.109819
1550.121820
1550.130053
1550.424637
1550.463672
1550.741668
1550.904852
1551.344640
1551.497953
1551.683625
1551.756452
1551.902761
1551.965676
1552.208609
1552.306176
1552.661627
1552.682803
1553.023590
1553.075937
1553.154499
1553.411072
1553.942856
1554.316206
1554.506588
1554.558853
1554.677596
1554.691973
1554.795151
1555.255050
1555.864904
1556.242022
1557.798707
1557.833564
1557.835244
1557.880095
1557.989663
1558.155100
1558.179103
1558.196183
1559.039263
1559.440835
1559.575798
1559.898440
1560.331305
1560.336630
1560.462868
1560.595825
1560.698593
1560.846991
1560.954429
1561.161277
1561.186591
1561.531515
1562.292142
1562.384220
1562.604257
1562.658120
1562.784031
1562.920223
1562.968392
1563.119084
1563.239875
1563.279729
1563.377992
1563.414651
1563.537121
1563.701576
1563.759002
1563.761213
1564.400681
1564.447252
1564.460401
1564.478996
1564.529746
1564.629402
1564.998124
1565.086843
1565.124608
1565.132227
1565.158564
1566.638858
1566.740890
1567.225897
1567.385559
1567.512494
1567.582003
1567.585812
1568.006513
1568.375685
1568.773407
1569.252762
1569.263165
1569.351270
1569.411809
1569.661993
1569.952973
1572.012851
1573.310382
1573.394145
1573.458821
1573.493105
1573.557207
1573.641585
1573.838930
1573.853757
1574.062817
1574.206259
1574.803702
1574.959350
1575.458775
1575.471350
1575.745044
1575.774740
1575.819264
1575.835238
1575.878328
1576.179671
1576.452055
1576.627159
1576.634122
1576.952095
1578.512343
1579.223204
1579.858084
1580.091556
1580.802007
1580.902932
1581.238067
1581.283205
1581.334405
1581.387776
1581.479608
1581.622559
1581.635871
1582.062674
1582.662246
1583.470346
1583.779103
1584.769802
1584.903086
1584.931471
1585.063977
1586.328576
1586.559836
1586.726666
1588.014039
1588.057416
1588.237394
1589.022515
1589.099971
1589.568799
1589.877146
1589.907497
1589.924536
1591.505224
1591.792067
1592.792105
1592.878694
1593.580380
1593.590252
1593.605120
1596.168110
1596.516803
1596.864184
1597.211156
1597.578568
1598.031544
1598.398300
1599.583805
1599.807775
1600.242606
1600.661791
1601.017938
1601.965179
1603.612877
1604.194755
1604.557251
1604.905574
1605.764997
1606.893199
1607.637606
1608.924897
1613.912228
1616.754319
1616.872079
1617.080279
1617.480950
1617.679360
1618.055946
1619.693322
1619.735552
1621.307802
1621.518950
1622.844621
1622.892544
1622.905078
1623.392092
1623.439729
1623.913472
1624.256471
1624.605368
1624.726733
1624.751882
1625.368781
1625.684009
1625.845187
1625.863823
1625.927475
1626.111468
1626.186260
1626.766049
1631.184118
1631.261532
1633.183334
1633.204756
1633.237524
1633.273242
1636.288881
1637.431788
1637.458575
1637.496873
1637.501010
1638.059131
1639.608771
1640.245699
1640.306729
1640.341668
1640.384020
1640.617370
1640.880865
1641.276375
1641.701089
1642.365379
1642.542981
1642.634568
1643.117281
1643.166761
1643.219354
1643.220869
1644.794921
1645.194895
1646.091551
1646.292337
1646.733885
1647.226757
1647.855084
1647.997051
1648.424141
1649.387356
1649.737728
1650.069217
1650.220319
1650.815058
1651.636388
1651.945349
1652.372152
1652.603412
1654.386729
1654.711050
1654.790513
1657.885450
1658.316227
1659.695514
1660.869059
1661.382001
1662.199071
1662.942986
1663.147540
1663.167857
1666.309407
1666.868634
1667.029115
1672.386683
1672.414986
1672.458936
1672.560230
1672.585339
1672.633508
1672.688067
1672.696340
1672.914534
1672.941486
1672.952054
1673.154642
1673.511608
1674.790543
1676.074803
1678.134804
1680.507044
1681.728061
1682.770739
1683.093258
1684.040909
1685.686600
1687.318979
1687.328440
1687.826186
1689.646694
1690.439434
1692.418990
1692.486369
1693.710950
1694.089257
1694.489436
1695.196692
1695.309619
1695.436227
1695.671132
1695.733268
1695.851930
1698.784788
1699.726950
1699.768648
1699.945431
1700.397629
1700.602757
1700.678902
1700.716954
1700.887020
1701.046067
1701.255660
1703.686144
1704.152801
1706.686177
1706.707395
1707.471708
1707.800945
1708.836454
1708.838011
1709.528883
1709.577585
1709.584548
1709.680026
1709.688955
1709.926892
1710.359020
1710.494597
1710.523187
1710.538220
1710.719959
1711.113667
1711.670149
1712.296264
1712.332595
1712.335299
1713.066844
1713.460470
1713.474478
1713.778852
1714.489098
1714.571919
1715.696517
1716.741161
1716.904796
1717.086290
1717.110743
1717.121638
1717.209620
1717.389681
1718.032425
1718.830080
1722.312458
1723.639112
1725.728113
1726.205788
1727.647212
1731.943670
1732.171366
1735.467991
1735.932109
1736.225464
1736.285594
1737.665044
1739.736023
1739.932836
1741.336453
1742.802452
1743.124316
1743.778120
1744.561766
1745.283891
1746.213601
1746.778194
1746.932449
1747.785851
1748.074537
1748.236165
1748.268278
1750.291005
1750.316442
1750.373786
1750.442476
1751.571784
1751.630807
1751.747215
1751.850516
1754.432225
1754.808934
1754.978632
1755.766129
1755.833426
1759.352504
1759.542600
1760.409149
1760.813425
1760.906240
1760.979763
1761.180795
1761.193288
1761.298432
1762.483814
1763.431547
1764.168172
1765.153628
1766.278676
1768.926167
1768.942346
1769.623798
1770.012754
1772.207718
1772.363366
1772.408340
1773.348987
1773.727212
1773.739459
1773.770506
1773.801759
1773.813228
1773.877658
1774.023434
1774.065910
1774.570578
1774.968054
1776.410378
1776.923320
1776.965427
1777.185669
1777.752392
1777.808343
1778.481152
1784.263926
1784.726364
1785.194742
1785.236562
1786.376315
1786.573251
1787.409408
1787.422433
1787.481580
1788.234752
1788.467896
1788.658278
1789.446922
1792.013435
1792.228147
1792.674324
1792.809001
1793.025761
1793.321492
1793.601495
1794.200740
1794.219213
1794.599076
1794.808300
1795.917701
1796.494582
1797.944893
1800.139121
1800.375624
1800.539464
1800.692449
1800.715878
1800.883569
1800.886518
1800.962171
1801.008456
1801.035203
1801.683558
1801.722839
1802.224353
1802.654925
1803.407401
1803.694162
1804.857590
1805.011804
1805.074022
1805.082911
1805.126943
1805.167206
1805.236470
1805.264609
1805.605683
1806.220370
1807.019663
1807.324856
1808.078029
1808.103670
1808.120914
1808.160850
1809.576796
1810.082161
1810.204549
1810.947850
1811.020964
1811.175711
1811.183698
1811.216548
1811.427942
1811.702170
1811.773604
1811.928474
1811.948298
1812.372439
1812.449280
1812.471562
1812.517601
1812.971725
1813.116232
1813.128561
1813.759877
1813.776957
1814.861046
1814.881280
1814.975980
1815.045898
1815.073219
1815.478313
1816.080097
1816.114708
1816.392581
1817.144525
1817.540608
1817.545196
1817.567396
1817.638543
1817.860751
1817.931489
1817.957745
1817.974661
1817.994117
1818.003128
1818.297999
1818.330808
1818.757857
1818.937098
1819.960033
1820.152136
1820.156068
1820.200305
1820.348744
1821.170196
1821.535232
1822.328381
1822.924063
1823.453020
1823.760630
1823.783240
1823.794586
1823.965798
1824.413041
1824.507658
1824.534282
1824.553943
1824.565821
1824.643236
1824.700252
1824.703406
1824.730153
1825.050173
1825.372611
1825.600020
1826.001879
1826.022523
1826.171208
1826.301460
1826.557133
1827.043082
1827.863839
1830.671688
1831.112090
1831.939318
1831.953285
1831.978025
1832.541839
1833.942262
1834.603643
1835.207926
1836.467855
1836.478710
1836.787712
1837.211525
1837.407314
1837.719552
1837.864428
1838.833336
1838.895063
1838.960353
1839.987220
1841.035633
1841.110999
1841.439334
1841.532150
1841.750221
1841.814774
1841.875149
1842.042880
1842.361876
1842.389770
1842.582938
1842.905907
1842.965996
1842.994995
1843.008061
1843.080929
1843.082813
1843.158671
1843.253207
1843.269304
1843.278561
1843.312189
1843.350323
1843.360891
1843.367772
1843.557007
1843.614556
1843.661251
1843.735716
1843.750871
1843.881656
1843.889234
1843.913114
1844.098621
1844.105585
1844.161495
1844.179149
1844.347044
1844.693524
1844.733297
1844.916879
1844.938179
1844.962427
1844.968980
1844.974797
1845.161943
1845.618278
1845.750907
1845.797028
1845.801656
1845.838029
1845.895414
1845.936824
1845.944648
1846.001132
1846.002729
1846.033490
1846.049915
1846.062572
1846.078751
1846.099272
1846.111519
1846.165668
1846.246646
1846.455091
1846.555976
1846.610862
1846.641336
1847.447798
1847.460782
1847.512105
1847.530660
1847.588741
1847.614587
1847.694377
1847.851622
1847.892378
1847.915192
1847.919821
1848.204657
1848.406426
1848.541389
1848.624128
1849.188065
1849.354650
1849.510502
1849.765601
1849.800376
1849.855549
1850.195517
1850.470277
1850.817782
1851.316593
1851.642388
1851.715338
1851.922964
1852.041585
1852.134973
1852.163727
1852.537160
1852.773335
1853.434225
1853.517455
1854.155571
1854.576558
1855.140659
1855.172731
1856.346931
1856.438723
1856.645939
1856.703816
1856.705700
1856.799293
1856.966205
1856.990863
1856.999178
1857.037967
1857.051361
1857.079173
1857.160438
1857.602929
1857.606574
1857.635205
1857.786143
1857.847583
1857.853809
1858.054881
1858.191688
1858.203730
1858.211963
1858.290811
1858.302853
1858.452357
1858.485535
1858.508431
1858.773606
1859.057336
1859.578593
1859.830825
1860.363059
1860.803011
1860.954030
1861.252956
1861.448294
1862.108897
1862.407578
1862.491873
1862.733947
1863.059292
1863.166280
1863.167959
1863.602586
1863.852974
1864.009564
1864.908349
1865.140019
1865.353011
1865.374188
1865.393152
1865.396675
1865.474744
1865.630065
1865.652429
1866.047365
1866.064323
1866.086810
1866.198589
1866.387825
1866.587668
1866.595287
1866.646077
1866.870047
1867.040154
1867.297997
1867.341865
1867.390484
1867.455201
1867.503124
1867.507630
1867.511153
1867.562148
1867.588116
1867.592950
1867.783086
1867.785544
1867.800822
1867.947581
1867.950203
1867.995013
1868.032492
1868.144681
1868.153569
1868.173394
1868.295823
1868.475228
1868.603802
1868.648243
1868.725043
1868.832809
1868.899860
1868.928983
1869.148733
1869.206979
1869.250888
1869.292421
1869.532611
1869.588685
1869.608919
1869.752156
1869.898670
1870.119813
1870.125793
1870.295654
1870.365327
1870.408212
1870.692311
1870.711276
1870.824530
1871.322030
1871.393505
1871.444500
1871.673344
1871.730647
1871.903293
1871.993856
1871.997010
1872.108749
1872.161956
1872.222331
1872.242401
1872.261652
1872.425452
1872.456663
1872.584335
1872.601580
1872.923156
1873.009910
1873.079419
1873.384489
1873.410621
1873.720893
1873.758413
1873.798062
1873.820385
1873.962557
1874.016420
1874.117304
1874.266481
1874.355118
1874.366218
1874.510561
1874.514739
1874.538865
1874.556436
1874.672886
1874.707087
1874.709750
1874.738708
1874.771436
1874.807808
1874.941870
1874.958787
1875.032637
1875.162276
1875.176038
1875.294945
1875.329311
1875.331809
1875.419873
1875.534029
1875.589366
1875.749028
1875.968123
1876.293140
1876.345938
1876.395295
1876.666204
1876.744602
1877.115904
1877.156413
1877.165015
1877.292032
1877.306573
1877.393654
1877.431337
1877.475615
1877.609554
1877.649449
1877.743821
1877.746156
1877.775606
1877.778432
1877.802803
1877.908152
1877.976433
1877.981512
1877.987574
1878.004490
1878.020055
1878.055322
1878.116311
1878.180741
1878.207529
1878.407332
1878.587720
1878.657434
1878.767043
1878.819963
1878.854984
1878.856581
1878.880092
1878.907740
1878.954230
1879.079281
1879.081574
1879.086940
1879.211663
1879.214449
1879.219323
1879.338148
1879.482368
1879.589396
1879.797965
1879.907697
1879.989658
1880.035983
1880.046756
1880.178524
1880.185774
1880.190198
1880.216617
1880.228864
1880.245084
1880.298742
1881.258476
1881.394586
1881.611837
1881.810944
1882.177126
1882.190479
1882.261053
1882.274570
1882.278175
1882.860544
1883.064525
1883.070095
1883.422638
1883.899535
1883.905106
1884.011192
1884.394250
1886.118625
1886.521508
1886.643323
1886.711808
1886.832271
1886.983782
1887.132631
1887.660155
1888.155443
1888.177766
1888.242115
1888.301138
1888.366920
1888.476652
1888.499384
1888.682271
1888.713646
1888.735560
1888.806339
1888.960225
1889.106903
1889.166500
1889.399235
1889.598546
1889.856717
1889.867571
1889.968128
1890.134467
1890.139095
1890.187878
1890.246656
1890.390139
1890.397757
1890.681242
1890.955633
1891.437486
1891.693896
1891.901399
1891.967959
1891.976479
1892.013097
1892.063928
1892.465951
1892.643963
1893.136794
1893.418598
1893.461115
1893.495726
1893.757542
1893.907866
1894.000026
1894.082273
1894.158991
1894.189425
1894.209659
1894.251151
1894.338273
1894.683238
1894.914785
1894.927155
1895.032504
1895.073464
1895.138386
1895.247626
1895.263642
1895.329628
1895.501087
1895.563305
1895.577805
1895.671685
1895.685243
1895.786742
1895.793541
1895.804027
1895.806607
1895.814922
1895.817544
1895.852769
1896.033362
1896.470036
1896.493998
1896.862720
1896.961065
1897.119662
1897.152348
1897.177088
1897.613271
1898.515087
1898.604626
1899.140547
1899.213455
1899.221770
1899.225088
1899.228529
1899.234140
1899.271496
1899.371438
1899.691295
1899.708662
1900.142428
1900.360335
1900.439429
1900.447908
1900.460483
1900.491817
1900.511519
1900.664873
1900.695265
1901.347676
1901.516308
1901.604987
1901.608264
1901.694157
1901.699932
1901.765755
1901.855744
1901.884908
1901.920174
1902.039941
1902.043955
1902.058004
1902.064722
1902.142956
1902.267064
1902.304993
1902.307082
1902.341693
1902.358159
1902.362706
1902.371430
1902.391378
1902.402888
1902.497423
1902.517084
1902.702223
1902.813553
1902.863852
1902.993736
1903.152292
1903.160771
1903.182316
1903.185019
1903.188869
1903.276728
1903.283323
1903.323464
1903.508398
1903.514214
1903.536087
1903.843656
1904.072991
1904.143565
1904.201482
1904.381788
1904.394363
1904.473498
1904.545505
1904.547512
1904.954573
1904.963994
1905.056604
1905.097974
1905.163715
1905.166868
1905.233019
1905.307116
1905.319404
1905.431020
1905.473044
1905.477018
1905.516708
1905.527521
1905.886700
1905.888215
1905.898865
1905.932411
1905.935524
1905.961738
1905.964892
1906.041160
1906.085478
1906.140078
1906.192548
1906.200658
1906.221220
1906.243215
1906.288886
1906.312315
1906.324603
1906.412995
1906.420244
1906.676736
1906.758656
1906.796667
1906.953134
1907.048858
1907.117711
1907.123487
1907.154043
1907.157647
1907.207332
1907.291054
1907.350241
1907.451740
1907.600179
1907.687916
1907.918561
1907.937034
1907.958538
1908.129055
1908.131963
1908.150313
1908.314481
1908.334838
1908.506051
1908.513219
1908.654203
1908.667146
1908.674847
1908.910039
1908.936335
1908.988723
1909.032796
1909.358715
1909.545329
1909.547827
1909.624136
1909.637407
1909.688607
1909.999575
1910.112010
1910.184018
1910.187049
1910.262866
1910.350234
1910.924943
1911.034020
1911.203267
1911.640310
1911.677338
1912.081572
1912.112538
1912.170947
1912.185160
1912.188477
1912.240210
1912.318444
1912.466473
1912.488796
1912.727921
1912.729969
1912.873738
1912.903311
1912.915886
1913.011814
1913.365668
1913.375744
1913.410765
1913.497805
1913.701908
1913.776497
1913.928212
1913.941197
1913.987768
1914.045399
1914.282148
1914.294927
1914.304676
1914.396836
1914.403103
1914.405110
1914.600612
1914.630431
1914.639974
1914.645094
1914.664387
1914.758758
1914.853212
1914.968760
1915.019182
1915.061330
1915.072635
1915.119043
1915.138540
1915.276780
1915.537203
1915.671634
1915.701535
1915.717263
1915.895112
1915.974820
1916.027822
1916.064563
1916.187034
1916.311716
1916.466708
1916.517130
1916.560261
1916.771533
1917.308764
1917.334692
1917.483581
1917.621944
1917.739254
1917.994926
1918.147830
1918.381875
1918.463263
1918.465802
1918.812119
1918.875484
1918.907884
1918.929019
1919.017247
1919.167160
1919.168881
1919.232164
1919.279964
1919.583519
1919.588762
1919.608545
1919.726797
1919.743549
1919.787991
1919.795814
1919.879700
1919.885353
1919.990047
1920.039281
1920.066437
1920.069345
1920.221553
1920.335258
1920.519209
1920.563814
1920.671867
1920.828826
1920.840991
1920.973660
1920.980992
1921.227571
1921.319444
1921.666867
1921.673994
1921.789133
1921.907835
1921.986068
1922.180751
1922.415247
1922.451784
1922.529935
1922.555249
1922.564219
1922.665472
1922.701763
1922.758533
1922.832753
1922.893087
1922.932695
1923.306578
1923.391160
1923.448381
1923.484590
1923.501834
1923.522724
1923.567739
1923.781755
1923.870966
1923.888579
1923.897754
1923.970376
1924.034519
1924.182385
1924.187423
1924.261192
1924.281795
1924.290314
1924.334756
1924.380508
1924.384317
1924.417004
1924.441211
1924.786381
1924.810260
1924.966646
1925.016248
1925.023089
1925.087109
1925.091697
1925.109309
1925.118444
1925.148795
1925.865267
1925.938340
1926.057042
1926.203924
1926.230999
1926.292152
1926.387507
1926.672220
1926.761882
1926.788342
1926.853755
1927.136993
1927.141704
1927.167140
1927.176765
1927.243858
1927.283016
1927.461683
1927.534305
1927.626179
1927.654769
1927.661445
1927.664353
1927.700521
1927.759053
1927.784366
1927.864402
1927.881687
1927.924941
1928.029594
1928.098939
1928.154440
1928.169062
1928.385782
1928.388485
1928.396677
1928.415150
1928.432517
1928.447140
1928.560189
1928.563180
1928.686961
1928.826839
1928.837693
1928.870216
1928.957542
1928.985805
1929.073295
1929.084477
1929.155092
1929.162834
1929.189949
1929.208463
1929.242051
1929.246720
1929.440133
1929.461268
1929.687409
1930.998170
1931.031183
1931.282924
1931.586970
1931.830641
1931.871273
1932.927140
1933.594542
1933.801923
1934.112850
1934.185923
1934.251745
1934.310277
1934.469775
1934.623908
1934.699397
1934.774723
1934.813839
1934.850662
1934.911570
1935.026586
1935.151186
1935.237652
1935.269069
1935.396413
1935.537398
1935.567258
1935.590892
1935.857705
1935.863644
1935.876465
1935.912305
1935.961989
1935.966986
1936.097690
1936.109855
1936.340132
1936.587858
1936.785162
1936.817889
1936.977101
1937.059021
1937.069834
1937.103012
1937.114112
1937.176945
1937.291551
1937.313669
1937.796874
1937.797898
1937.807770
1938.060452
1938.559672
1938.688942
1938.845450
1939.067822
1939.359949
1939.609723
1939.702006
1939.749028
1939.825213
1940.369367
1940.508017
1940.771226
1941.242429
1941.395620
1941.487575
1941.891072
1941.906514
1942.003057
1942.107259
1942.123561
1942.268477
1942.474383
1942.713999
1942.740664
1942.767206
1942.803128
1942.878454
1942.907412
1942.936781
1942.969426
1943.047496
1943.213384
1943.232225
1943.258808
1943.450378
1943.513416
1943.519560
1943.785062
1944.182538
1944.276664
1944.325079
1944.402330
1944.444027
1945.005629
1945.417892
1945.702851
1945.757450
1945.816965
1945.896755
1946.323927
1946.332283
1946.352353
1946.356736
1946.549166
1946.593935
1946.672620
1946.740449
1946.787963
1946.795090
1946.836828
1946.885571
1946.894131
1946.899538
1946.915185
1946.927350
1946.932511
1946.942751
1946.997473
1947.116052
1947.183391
1947.215340
1947.310776
1947.617075
1947.695882
1947.697562
1947.723735
1947.932959
1947.958764
1948.038922
1948.046377
1948.268872
1948.317532
1948.329533
1948.334039
1948.370452
1948.452618
1948.597248
1948.600484
1948.604293
1948.850627
1948.902564
1948.960113
1949.149757
1949.167206
1949.415301
1949.509304
1949.591757
1949.611991
1949.620716
1949.643162
1949.705462
1949.707510
1949.724508
1949.861683
1949.970883
1950.042972
1950.045143
1950.088315
1950.403420
1950.990213
1951.727043
1952.269558
1952.429056
1952.693207
1953.512366
1953.844920
1954.303508
1954.330665
1954.378179
1954.465792
1954.620826
1954.741412
1954.780529
1954.810102
1954.947727
1954.994299
1955.022070
1955.036815
1955.042427
1955.264471
1955.371336
1955.561021
1955.732439
1955.819110
1955.923599
1955.926385
1956.011786
1956.030915
1956.540908
1956.681073
1956.763525
1956.976968
1957.004493
1957.038203
1957.143020
1957.190451
1957.280113
1957.495603
1957.507686
1957.620408
1957.666816
1957.731410
1957.885501
1957.903606
1957.917123
1958.204293
1958.210970
1958.220022
1958.293955
1958.363546
1958.444810
1958.644122
1958.675456
1958.767616
1958.781665
1958.933135
1958.952550
1958.996869
1959.023452
1959.147807
1959.414497
1959.445422
1959.637811
1959.655014
1959.737467
1959.789322
1959.791370
1959.837737
1959.888527
1959.915848
1959.960740
1959.962173
1959.986422
1960.258929
1960.275149
1960.284160
1960.354324
1960.587428
1960.621302
1960.638874
1960.659272
1960.699453
1960.728412
1960.969339
1961.078170
1961.142600
1961.146491
1961.154232
1961.529549
1961.556623
1961.563259
1961.587139
1961.674465
1961.679626
1961.690808
1961.838674
1961.861816
1961.864888
1961.868534
1962.144932
1962.191340
1962.322002
1962.425221
1962.509107
1962.512056
1962.532250
1962.600079
1962.667090
1962.715095
1962.780426
1962.819666
1962.900029
1962.938655
1962.942587
1963.005829
1963.015578
1963.055104
1963.188429
1963.337441
1963.352678
1963.365663
1963.385242
1963.518484
1963.538350
1963.600282
1963.659837
1963.812618
1963.833221
1963.915182
1963.936236
1963.970683
1964.030730
1964.237660
1964.252160
1964.396913
1964.564193
1964.570092
1964.835389
1965.144719
1965.162496
1965.324943
1965.328630
1965.426401
1965.458432
1965.592494
1965.598925
1965.622886
1965.766615
1965.798728
1965.949542
1965.992919
1966.194688
1966.271980
1966.329979
1966.386463
1966.486241
1966.542807
1966.944952
1967.260672
1967.269315
1967.287419
1967.357911
1967.361802
1967.407104
1967.431516
1967.566807
1967.571927
1967.606333
1967.730074
1967.861883
1968.080200
1968.110879
1968.119112
1968.434381
1968.443023
1968.584008
1968.590070
1968.856596
1969.008722
1969.024328
1969.036902
1969.045996
1969.136230
1969.242563
1969.293353
1969.470587
1969.656996
1969.900708
1971.076997
1971.143844
1972.753039
1973.105254
1973.546271
1973.551391
1973.711421
1974.049219
1974.231859
1974.259139
1974.268477
1974.325821
1974.567772
1974.750167
1975.033938
1975.094108
1975.148995
1975.155671
1975.202857
1975.217930
1975.218790
1975.404298
1975.470572
1975.513170
1975.583580
1975.876116
1976.059126
1976.072888
1976.131830
1976.211743
1976.230830
1976.495596
1976.741847
1976.867594
1976.916214
1976.919122
1976.924733
1976.942879
1976.965816
1977.071206
1977.134203
1977.255690
1977.258885
1977.477857
1977.548800
1977.623388
1977.793085
1977.801769
1977.909494
1978.186670
1978.215137
1978.236477
1978.662134
1979.271496
1979.309343
1979.442258
1980.186378
1980.278211
1980.420178
1980.458025
1980.688220
1981.105725
1981.159301
1981.299999
1981.368648
1981.424230
1981.432054
1981.444096
1981.571727
1981.676503
1981.690225
1981.728850
1981.758464
1981.846856
1982.085652
1982.142013
1982.241014
1982.261453
1982.273577
1982.309376
1982.321582
1982.364959
1982.404116
1982.570004
1982.574674
1982.853693
1982.924145
1982.937539
1983.044526
1983.306547
1983.375114
1983.381627
1983.384453
1983.478047
1983.491359
1983.511921
1983.534940
1983.536824
1983.539487
1983.586058
1983.686820
1983.734211
1983.769395
1983.789834
1983.819899
1984.204022
1984.245596
1984.411812
1984.419471
1984.426107
1984.468582
1984.482345
1984.508396
1984.543130
1984.594084
1984.838492
1984.847872
1984.863560
1985.043702
1985.134797
1985.150116
1985.152737
1985.318912
1985.363313
1985.365811
1985.402716
1985.552056
1985.827267
1985.853440
1985.938719
1985.972388
1986.077942
1986.105057
1986.197709
1986.229371
1986.264842
1986.471895
1986.476933
1986.601697
1986.653020
1986.664202
1986.683044
1986.692997
1986.699919
1986.708849
1986.787164
1986.803384
1986.805596
1988.179436
1988.210156
1988.773069
1988.832215
1989.008671
1989.075681
1989.096653
1989.111480
1989.189714
1989.208474
1989.252628
1989.260616
1989.268767
1989.278310
1989.372314
1989.516452
1989.533000
1989.654200
1989.665628
1989.732884
1989.759508
1989.812797
1989.817303
1989.837537
1990.015058
1990.018048
1990.057615
1990.085140
1990.284042
1990.290514
1990.327542
1990.343066
1990.417736
1990.421873
1990.438420
1990.462915
1990.560768
1990.586532
1990.629499
1990.638633
1990.646497
1990.656082
1990.658662
1990.672015
1990.790349
1990.805914
1990.817382
1991.008584
1991.014892
1991.634903
1991.671480
1991.734067
1991.775150
1991.959716
1991.994040
1991.995023
1992.000143
1992.015872
1992.040940
1992.107172
1992.179958
1992.389140
1992.443126
1992.481219
1992.701911
1992.759296
1992.796037
1992.803164
1992.887951
1993.026396
1993.037578
1993.056133
1993.178522
1993.202729
1993.270354
1993.367388
1993.404334
1993.548349
1993.745121
1993.752986
1993.920840
1994.351002
1994.649764
1994.902692
1994.954301
1994.969006
1995.032986
1995.574682
1995.587420
1995.780588
1995.907277
1995.961999
1996.290990
1996.718121
1997.242122
1997.321380
1997.408420
1997.409976
1997.518111
1997.528433
1998.133289
1998.299177
1998.362952
1999.069962
1999.213036
1999.387156
1999.674491
2000.526459
2000.573604
2001.065533
2001.623613
2002.284749
2002.739282
2003.325788
2003.992166
2004.016333
2004.021125
2004.070892
2004.111114
2004.205363
2004.324639
2004.433019
2004.449198
2004.504576
2004.609679
2004.811039
2004.904509
2004.974019
2005.171692
2005.248614
2005.386650
2005.408891
2005.609267
2005.793915
2006.045901
2006.234849
2006.583009
2006.593372
2006.618399
2006.724854
2007.349862
2007.548477
2007.673160
2007.812465
2007.851950
2007.855350
2007.963238
2008.010220
2008.037540
2008.066499
2008.245125
2008.256266
2008.262042
2008.275722
2008.289034
2008.301814
2008.374886
2008.389591
2008.397005
2008.435384
2008.522342
2008.606065
2008.641126
2008.698266
2008.752251
2008.797880
2008.843878
2008.918835
2008.981996
2009.004155
2009.235251
2009.284649
2009.287557
2009.332326
2009.384305
2009.483633
2009.612575
2009.912852
2010.036183
2010.042081
2010.233569
2010.262569
2010.412073
2010.453197
2010.483466
2010.534584
2010.545521
2011.036344
2011.038024
2011.073946
2011.115643
2011.131249
2011.163238
2011.175608
2011.218698
2011.230822
2011.407729
2011.443323
2011.489608
2011.503206
2011.664548
2011.693220
2011.698995
2011.708088
2011.708908
2011.729347
2011.786977
2011.858534
2011.861443
2011.894374
2011.928781
2011.979203
2012.163727
2012.281979
2012.309586
2012.311347
2012.316344
2012.394250
2012.417352
2012.464374
2012.538634
2012.551578
2012.558090
2012.573614
2012.616253
2012.624036
2012.649841
2012.738929
2012.765594
2012.805079
2012.826051
2012.904530
2013.088686
2013.108961
2013.141402
2013.288407
2013.302989
2013.317612
2013.364756
2013.383188
2013.566525
2013.618545
2013.639352
2013.644227
2013.850829
2013.912760
2013.947044
2013.979812
2014.206730
2014.227620
2014.251622
2014.321951
2014.377083
2014.506844
2014.733558
2014.735196
2014.765834
2014.786847
2014.903009
2015.056118
2015.089705
2015.113298
2015.157944
2015.188173
2015.207752
2015.285494
2015.314125
2015.319450
2015.326904
2015.379988
2015.439954
2015.651553
2015.744287
2015.815926
2015.871304
2015.884042
2015.901245
2015.912141
2015.914394
2015.938355
2015.955558
2015.976653
2016.007004
2016.032358
2016.045752
2016.172892
2016.223396
2016.307732
2016.345252
2016.453222
2016.566190
2016.662077
2016.781558
2016.986767
2017.006551
2017.070203
2017.158676
2017.244529
2017.339556
2017.389937
2017.396613
2017.403249
2017.424835
2017.552671
2017.558446
2017.714381
2017.716019
2017.807278
2017.835868
2017.900503
2017.930076
2017.938104
2018.016092
2018.061353
2018.110136
2018.132337
2018.163753
2018.180956
2018.349588
2018.365440
2018.367980
2018.404147
2018.464850
2018.560901
2018.605507
2019.041649
2019.294208
2019.369779
2019.382477
2019.387720
2019.473408
2019.575562
2020.005970
2020.110787
2020.307804
2020.430397
2020.517519
2020.629094
2020.652646
2020.664197
2020.873093
2020.885217
2021.625856
2021.973197
2022.008832
2022.014403
2022.447923
2022.610985
2022.653501
2022.732268
2022.885294
2022.918349
2023.296492
2023.314678
2023.773635
2023.927439
2024.135434
2024.179999
2024.191795
2024.335319
2024.423301
2024.610980
2024.930304
2024.949473
2024.974008
2024.988099
2024.990556
2025.025823
2025.187205
2025.470034
2025.477284
2025.643704
2025.923912
2026.356818
2026.409902
2026.514514
2026.587750
2026.715628
2026.757120
2026.891551
2026.994033
2027.046953
2027.059855
2027.070792
2027.339530
2027.737211
2027.761254
2028.243272
2028.463800
2028.884214
2028.991611
2029.117768
2029.156229
2029.186662
2029.297295
2029.469942
2029.568410
2029.682360
2029.842719
2030.226514
2030.317076
2030.397850
2030.405427
2030.480548
2030.488494
2030.493204
2030.554481
2030.571520
2030.609367
2030.624891
2030.638653
2030.795407
2030.862008
2030.958797
2030.986527
2031.005696
2031.039324
2031.063122
2031.137300
2031.161713
2031.294259
2031.323300
2031.504794
2031.570248
2031.589908
2031.595602
2031.690138
2031.764972
2031.775580
2031.976079
2032.101704
2032.122634
2032.279511
2032.862700
2033.016340
2033.282785
2033.361428
2033.364009
2033.504461
2033.987052
2034.097193
2034.118205
2034.223964
2034.241126
2034.265498
2034.333573
2034.465096
2034.690580
2034.900091
2035.104113
2035.119718
2035.218842
2035.347497
2035.524444
2035.729572
2035.953091
2036.293100
2036.306575
2036.388659
2036.394926
2036.427694
2036.450714
2036.703314
2036.745257
2036.752015
2036.783268
2036.795556
2036.883620
2036.910531
2036.972749
2037.038940
2037.195940
2037.203313
2037.431255
2037.479547
2037.600133
2037.613650
2037.746483
2038.196797
2038.265569
2038.464348
2038.542008
2038.609592
2038.861455
2038.874808
2038.992527
2039.211745
2039.239434
2039.276913
2039.340605
2039.428465
2039.502438
2039.522263
2039.673487
2039.866204
2039.877018
2039.933706
2039.964877
2039.975772
2040.215757
2040.217969
2040.284897
2040.529224
2040.738898
2040.763556
2040.949924
2041.012756
2041.039790
2041.054618
2041.179218
2041.186345
2041.209487
2041.289277
2041.305129
2041.371566
2041.548513
2041.605693
2041.613804
2041.621791
2041.789727
2041.806971
2041.922888
2041.947382
2042.106348
2042.170286
2042.186056
2042.216489
2042.252452
2042.254295
2042.346209
2042.391347
2042.423951
2042.469376
2042.496573
2042.570957
2042.595492
2042.616463
2042.714849
2042.817413
2042.845061
2042.849649
2042.895360
2043.000873
2043.099382
2043.431813
2043.477524
2043.508941
2043.511030
2043.553341
2043.565343
2043.576033
2043.582628
2043.646280
2043.757814
2043.838751
2043.910717
2044.065096
2044.141732
2044.202844
2044.220170
2044.348785
2044.351939
2044.359475
2044.421612
2044.479980
2044.570460
2044.574925
2044.642304
2044.681748
2044.769075
2044.843909
2044.879340
2044.904366
2044.962406
2044.993331
2045.006152
2045.012378
2045.070213
2045.085778
2045.183345
2045.638124
2045.739336
2045.756580
2046.213038
2046.311342
2046.391296
2047.369708
2047.383265
2047.398871
2047.796142
2048.022282
2048.114647
2048.429711
2048.434995
2048.471409
2049.025434
2049.059758
2049.073848
2049.487913
2049.516134
2049.739244
2049.776599
2049.808794
2049.846190
2050.107597
2050.666455
2050.754724
2050.803220
2051.489300
2051.516580
2051.530629
2051.699712
2051.771679
2051.874775
2051.941335
2052.002324
2052.342292
2052.695572
2052.789166
2053.061919
2053.179638
2053.436989
2053.456568
2053.566996
2053.599068
2053.670584
2053.710111
2053.939773
2053.950505
2054.128886
2055.112868
2055.157555
2055.209370
2055.238943
2055.328891
2055.393157
2055.417446
2055.551181
2055.590134
2055.922811
2055.971922
2056.258888
2056.280760
2056.286413
2056.326431
2056.361329
2056.395817
2056.413020
2056.472863
2056.895037
2056.913183
2056.974500
2056.999117
2057.170125
2057.329009
2057.486008
2057.741476
2057.939190
2057.978184
2058.007060
2058.015089
2058.033029
2059.208786
2059.249336
2059.263631
2059.438981
2059.462533
2060.208128
2060.390687
2060.392940
2060.589670
2060.743844
2060.769116
2060.870656
2061.033841
2061.055918
2061.091758
2061.112197
2061.129359
2061.265879
2061.434143
2061.573612
2061.649633
2061.793649
2062.108058
2062.380564
2062.472970
2062.504100
2062.623293
2062.698250
2062.871798
2062.893056
2062.922465
2062.931108
2062.958797
2062.975017
2062.987715
2063.033713
2063.165809
2063.267758
2063.277875
2063.340667
2063.355167
2063.370772
2063.375524
2063.378964
2063.385190
2063.391212
2063.481119
2063.504138
2063.634760
2063.806300
2064.203489
2064.316908
2064.567910
2065.058980
2065.124844
2065.299169
2065.301832
2065.423729
2065.466286
2065.472102
2065.506222
2065.588388
2065.676780
2065.717699
2065.724416
2065.786880
2065.871299
2065.965343
2065.991066
2066.191729
2066.293309
2066.541896
2066.573230
2066.598298
2066.709996
2066.774344
2066.786304
2067.018670
2067.168911
2067.180544
2067.229942
2067.258941
2067.359539
2067.577569
2067.666534
2067.929702
2068.077199
2068.111114
2068.139991
2068.185457
2068.262830
2068.337418
2068.345528
2068.402176
2068.453335
2068.667556
2068.720108
2068.743660
2068.799857
2068.847288
2069.139046
2069.180744
2069.237023
2069.353431
2069.431706
2069.458985
2069.895660
2069.932319
2069.975409
2070.060032
2070.133064
2070.226944
2070.229524
2070.256312
2070.262252
2070.285230
2070.322053
2070.335980
2070.571827
2070.659686
2070.721004
2070.804316
2070.943908
2071.054828
2071.121592
2071.147479
2071.520584
2072.006492
2072.043192
2072.062566
2072.325202
2072.484495
2072.659845
2072.677417
2072.685486
2072.809513
2073.108111
2073.268961
2073.395814
2073.397699
2073.522381
2073.533522
2073.607127
2073.643500
2074.288660
2074.427269
2075.022868
2075.084390
2075.140014
2076.041830
2076.769239
2077.548790
2077.567386
2077.625917
2077.790740
2078.400102
2078.598595
2078.663680
2078.800855
2078.900142
2078.909972
2078.938808
2079.183995
2079.217500
2079.338045
2079.377203
2079.913656
2079.924347
2080.315392
2080.457892
2080.713605
2080.761692
2080.773161
2080.779756
2081.293476
2081.427169
2081.502986
2082.326897
2082.458747
2083.335946
2083.421757
2083.752673
2083.852329
2083.883049
2083.935355
2083.943506
2084.595999
2084.666614
2084.668580
2084.723958
2084.860846
2084.946616
2085.141955
2085.260083
2085.734113
2085.749883
2086.106972
2086.180700
2086.287360
2086.384394
2086.433587
2086.455091
2086.595379
2086.689096
2087.590257
2087.695155
2087.697654
2087.797187
2087.860101
2087.920599
2087.932109
2088.047616
2088.226284
2088.352645
2088.523244
2088.603197
2088.962417
2088.963727
2089.001984
2089.032827
2089.472737
2089.560556
2089.611551
2089.646121
2089.652838
2089.668035
2089.684869
2089.690563
2089.736356
2089.757532
2090.118840
2090.186752
2090.198180
2090.236150
2090.453975
2090.516029
2090.518282
2090.529710
2090.542121
2090.558136
2090.622894
2090.628669
2090.663731
2090.701005
2090.938040
2091.188306
2091.375616
2091.443200
2091.784315
2092.233032
2092.237865
2092.326380
2092.596183
2092.736020
2092.736430
2092.906455
2092.926362
2092.935700
2092.980183
2093.080412
2093.333750
2093.387121
2093.572096
2093.636690
2093.674045
2093.681132
2093.768458
2093.852262
2093.908828
2093.957407
2093.963182
2093.974282
2094.142013
2094.298604
2094.461133
2094.734213
2094.785290
2095.051039
2095.183708
2095.339971
2095.402394
2095.417303
2095.644959
2096.058941
2096.062710
2096.199107
2096.249856
2096.333906
2096.373965
2096.598508
2096.777626
2097.629389
2097.874371
2098.060739
2098.176041
2098.227896
2098.243133
2098.318664
2098.355159
2098.453422
2098.663055
2098.790113
2098.831852
2098.882478
2098.888090
2098.897306
2098.919793
2098.929132
2098.941092
2099.088671
2099.098419
2099.126559
2099.209093
2099.329229
2099.397837
2099.448750
2099.549225
2099.681853
2099.696026
2099.984712
2100.118364
2100.245217
2100.307395
2100.369777
2100.379812
2100.458578
2100.562862
2100.647772
2100.650230
2100.679188
2100.704788
2100.744888
2100.790190
2100.918436
2101.002281
2101.010964
2101.015716
2101.073510
2101.081580
2101.147402
2101.198725
2101.212856
2101.253652
2101.360517
2101.366907
2101.408072
2101.519196
2101.576212
2101.579121
2101.688115
2101.713101
2101.739725
2101.757092
2101.773353
2101.804032
2101.860475
2101.871043
2101.906883
2101.968568
2101.982044
2102.003466
2102.275359
2102.427156
2102.494413
2102.535823
2102.603284
2102.623232
2102.680003
2102.892339
2102.996296
2103.178691
2103.250985
2103.556874
2103.675208
2103.689544
2103.693148
2103.814922
2103.829258
2103.991050
2104.011981
2104.014520
2104.099471
2104.466801
2104.487199
2104.556503
2105.105367
2105.199124
2105.204572
2105.231073
2105.232261
2105.318646
2105.323028
2105.345147
2105.347318
2105.353830
2105.355633
2105.363661
2105.446031
2105.509601
2105.522381
2105.605448
2105.688228
2105.812992
2105.911706
2105.929810
2106.028155
2106.030203
2106.032783
2106.082181
2106.130555
2106.374390
2106.387005
2106.407977
2106.448486
2106.462700
2106.561987
2106.648494
2106.656031
2106.672579
2106.713416
2106.825277
2107.046011
2107.203420
2107.280589
2107.294515
2107.435213
2107.596472
2107.619901
2107.809833
2107.831460
2107.853128
2107.923169
2107.984200
2108.105073
2108.677775
2108.866847
2109.008200
2109.253878
2109.325230
2109.483254
2109.949174
2110.165156
2110.243881
2110.696571
2110.730650
2110.939832
2111.081144
2111.155036
2111.441961
2111.898788
2111.975465
2112.053330
2112.334356
2112.351314
2112.438067
2112.472187
2112.493650
2112.681902
2112.723845
2112.736707
2112.750019
2112.819732
2112.826900
2112.854303
2112.877609
2112.917832
2112.978248
2113.033994
2113.230807
2113.273078
2113.280655
2113.311498
2113.560945
2113.563771
2113.598833
2113.607598
2113.664082
2113.741578
2113.780695
2113.801052
2113.847665
2113.895752
2113.936138
2113.971855
2114.139259
2114.213233
2114.317558
2114.508472
2114.744320
2114.765210
2114.797036
2114.816287
2114.875228
2114.971812
2115.055493
2115.418890
2115.569254
2115.691192
2115.756769
2115.927654
2115.982049
2115.987415
2116.113203
2116.403405
2116.440064
2116.564214
2116.857446
2116.868833
2117.154775
2117.289574
2117.355438
2117.564006
2117.950546
2118.169887
2118.389432
2118.492611
2118.653583
2118.832947
2118.865715
2118.890332
2119.075308
2119.183933
2119.295427
2119.471841
2119.556342
2119.579320
2119.828029
2119.899259
2120.117248
2120.240169
2120.256389
2120.384963
2120.459510
2120.661729
2120.745656
2121.218990
2121.318646
2121.745367
2121.816228
2121.827615
2121.920676
2121.943286
2122.647142
2122.684826
2122.778829
2123.035730
2123.079025
2123.126989
2123.223327
2123.482399
2123.942052
2124.014592
2124.302377
2124.347310
2125.323592
2125.365821
2125.636035
2125.722665
2126.003651
2126.345339
2126.525768
2126.573732
2126.613381
2126.666998
2126.779515
2127.083930
2127.119196
2127.289549
2127.378555
2127.422996
2127.544689
2127.687721
2127.699599
2127.715533
2127.926026
2128.006881
2128.031375
2128.057672
2128.230400
2128.467231
2128.525517
2128.529121
2128.566067
2128.580936
2128.675799
2128.776643
2129.010606
2129.018266
2129.076961
2129.080525
2129.229496
2129.346970
2129.352131
2129.487462
2129.503642
2129.517363
2129.611735
2129.619354
2129.729331
2129.812193
2129.825137
2129.835663
2129.847460
2129.917501
2129.967718
2130.160230
2130.421719
2130.507489
2130.747720
2130.791465
2131.077448
2131.152896
2131.217326
2131.336970
2131.342090
2131.833610
2131.872276
2131.981312
2132.102390
2132.429373
2132.476846
2132.691968
2132.725883
2132.776796
2132.805673
2132.869038
2133.033206
2133.171937
2133.187953
2133.217075
2133.308088
2133.316362
2133.360230
2133.367276
2133.522842
2133.555896
2133.970657
2134.066913
2134.156452
2134.402662
2134.799892
2134.858301
2134.934036
2134.988595
2134.995231
2135.194952
2135.523000
2135.730668
2135.897620
2136.116306
2136.241889
2136.345190
2136.674836
2136.687575
2136.959754
2137.055109
2137.078948
2137.115443
2137.152143
2137.805046
2137.934479
2137.990922
2138.009272
2138.058916
2138.158531
2138.246185
2138.250445
2138.393969
2138.441769
2138.521682
2138.548756
2138.569769
2138.670940
2138.707354
2138.933453
2139.307459
2139.498250
2139.937546
2139.969946
2139.990508
2140.252897
2140.312412
2140.420055
2140.502958
2140.515942
2140.517949
2140.629238
2140.706488
2140.913295
2140.947087
2141.005332
2141.060178
2141.108388
2141.181624
2141.270753
2141.336207
2141.403505
2141.553787
2141.611295
2141.700547
2141.727089
2141.895598
2141.992468
2142.269194
2142.334403
2142.419640
2142.470267
2143.040225
2143.073894
2143.127347
2143.171092
2143.245967
2143.453020
2143.462646
2143.906529
2144.400753
2144.416850
2144.867287
2144.914801
2144.942449
2144.948470
2144.987054
2145.303921
2145.326776
2145.350697
2145.366508
2145.454080
2145.457684
2145.680138
2145.702216
2145.727570
2145.886372
2146.051768
2146.254070
2146.363556
2146.405294
2146.441380
2146.751652
2146.821652
2146.940027
2146.956820
2146.989466
2147.095675
2147.125740
2147.147571
2147.252101
2147.384033
2147.530383
2147.738829
2147.775693
2147.794821
2147.910574
2148.443259
2149.251645
2149.268972
2149.546598
2149.587272
2149.840732
2149.901271
2150.138348
2150.198231
2150.224241
2150.366331
2150.417654
2150.620406
2150.754591
2150.790308
2150.840689
2150.866002
2150.994125
2151.201956
2151.394140
2151.414088
2151.561339
2151.577395
2151.601725
2151.625400
2152.070922
2152.073093
2152.104919
2152.132854
2152.246354
2152.305091
2152.413716
2152.439849
2152.561336
2152.581243
2152.597463
2152.613888
2153.136865
2153.303613
2153.311519
2153.370788
2153.614500
2153.646776
2153.679462
2153.874309
2153.958277
