47.615140
48.817275
49.856717
53.715558
55.149281
68.037591
68.564132
69.273354
70.345236
70.474424
70.504980
70.573711
70.662185
70.818284
70.953656
71.033774
71.044588
71.057080
71.142892
71.249388
71.833969
72.482898
72.491336
72.504607
72.510177
72.819999
72.871485
72.915272
72.974828
72.981750
73.041592
73.045361
73.095946
73.119416
73.129288
73.132605
73.166889
73.168855
73.197281
73.204572
73.215672
73.232548
73.247007
73.357640
73.503990
73.613967
73.685647
73.739633
73.785917
74.233569
74.698834
74.875617
75.248271
76.155945
79.606456
79.964774
80.017367
80.116654
80.238346
80.292536
80.317235
80.333496
80.368599
80.375398
80.399114
80.419758
81.072865
82.276065
83.496878
83.506872
84.105830
84.270490
84.401152
84.598620
84.622049
84.650394
84.661289
84.679270
84.704379
84.735468
84.831683
84.860559
85.015224
85.048893
85.103165
85.161042
85.168005
85.201756
85.223711
85.235712
85.246075
85.292360
85.363220
85.368996
85.369610
85.399142
85.424824
85.440922
85.461320
85.464556
85.480038
85.510881
85.525217
85.572895
85.757420
85.777777
85.810381
85.826806
85.852324
85.901066
85.992079
86.013829
86.042296
86.140641
86.152684
86.204334
86.237839
86.269092
86.385377
86.404301
86.419743
86.500270
86.621594
86.704333
86.719980
86.795428
86.836347
86.842860
86.857032
86.870835
86.877348
86.907617
86.922404
87.030006
87.037788
87.065149
87.075430
87.082435
87.126344
87.316357
87.397007
87.497359
87.560069
87.584645
87.603077
87.657513
87.672545
87.682335
87.693025
87.727841
87.742464
87.785226
87.791329
87.814226
87.845478
87.881032
87.919944
87.941530
88.096891
88.155668
88.350065
89.093612
89.524265
89.865789
90.281615
90.333389
90.587628
90.682819
90.720420
90.770063
91.289764
91.335352
91.417108
91.444429
91.461960
91.484529
91.506811
91.679457
91.685929
91.695964
91.746140
91.792712
91.845100
91.865580
91.870740
91.935498
91.996733
92.004475
92.025487
92.110397
92.205425
92.234138
92.241879
92.244828
92.251668
92.271206
92.292424
92.310036
92.358083
92.367790
92.372869
92.401787
92.419604
92.461097
92.494193
92.508447
92.517786
92.559565
92.598272
92.641198
92.669870
92.687114
92.690432
92.696740
92.736840
92.856771
93.063045
93.091226
93.174784
93.399040
93.480673
93.491282
93.510451
93.540721
93.548503
93.606543
93.631734
93.652664
93.726802
93.788160
93.900882
93.997343
95.270953
95.699476
95.938068
96.007741
96.117187
96.592814
97.030595
97.097523
97.138606
97.245184
97.361019
97.408205
97.466819
97.510482
97.541939
97.705656
97.738424
97.745469
97.749893
97.758700
97.798881
97.804247
97.836769
97.903247
97.958380
98.331566
98.561434
98.711962
98.732360
98.770944
99.451494
99.480535
99.647816
99.741778
99.781263
99.916800
100.043612
100.209910
100.336394
101.784412
101.888000
102.112420
102.267044
102.608077
102.917448
103.004979
103.600292
104.080384
104.746353
107.794760
107.903713
108.217262
108.401623
108.717466
109.258711
109.693911
109.759816
110.265999
110.603305
111.094702
112.322806
112.937943
113.176781
113.195581
113.320100
113.391206
113.448509
113.549558
113.693983
113.728922
113.863885
114.273116
114.476319
114.563932
114.643763
114.721382
115.405128
115.926876
116.165878
116.411228
116.417372
116.746035
116.847698
117.001667
117.155144
117.207859
118.031565
118.079324
118.643507
118.946529
119.015793
119.303660
119.500964
120.757821
121.156813
121.346908
121.380987
121.497068
121.697116
121.728000
121.777029
121.809510
121.827492
121.831834
121.835848
121.845801
121.920799
121.946890
122.119332
122.189128
122.228613
122.679910
122.828431
123.043430
123.499438
123.525652
123.536097
123.553055
123.559199
123.573125
123.581563
123.770839
123.997512
124.086559
124.099092
124.118958
124.142264
124.159017
124.183880
124.191293
124.372705
124.413338
124.460032
124.578693
124.909076
125.114614
125.606257
125.845955
126.118707
126.352753
126.562959
126.738883
128.096051
128.192799
128.356434
128.732815
128.987505
129.088758
129.146675
129.278321
130.105303
130.130985
130.224210
130.302484
130.502287
130.928026
130.973123
131.072860
131.319685
131.393126
131.460301
131.543654
131.661947
132.451983
132.597228
132.990157
133.160755
133.454397
133.597266
133.689467
134.083502
134.202409
134.336799
134.350111
134.365389
134.387999
134.566216
134.625198
134.676849
134.702244
134.735012
134.746071
134.759137
134.805586
134.837207
134.916874
134.951772
134.969590
134.977700
135.024640
135.049257
135.090504
135.143137
135.158620
135.231611
135.308206
135.315579
135.335567
135.343186
135.356826
135.366697
135.375299
135.396352
135.414129
135.435141
135.454638
135.513375
135.532012
135.561421
135.616102
135.646249
135.676887
135.753114
135.887217
135.950500
136.384020
136.488018
136.644854
136.715305
136.792842
136.852111
136.874844
137.126748
137.165742
137.232916
137.315942
137.386271
137.411625
137.477734
137.591316
137.955697
138.250035
138.333184
138.531635
138.617774
138.703913
138.766909
139.098767
140.455567
140.552929
140.679086
141.215457
141.269606
141.399777
141.743227
141.890191
142.110188
142.269235
142.331290
142.395761
142.504919
142.811750
142.930207
143.034327
143.174902
143.393341
143.593390
143.729828
143.938232
143.990620
144.056320
144.109732
144.172319
144.230687
144.433193
144.469443
144.547799
144.587817
144.624804
144.750879
145.427620
145.967882
146.049024
146.617057
146.699756
146.850529
147.057295
147.181199
147.279872
147.341025
147.584573
148.245873
148.429005
148.533412
148.863508
148.983112
149.119549
149.266350
149.469307
149.504164
149.570847
149.612913
149.677957
149.746237
149.825290
150.519071
150.574776
150.680453
150.792970
151.001620
151.293133
151.535084
151.866122
152.148296
152.425021
152.573993
152.879555
153.086321
153.249464
153.380086
153.444762
153.901834
154.253722
154.441073
155.240858
155.365663
155.595489
155.703091
155.873731
155.895603
156.169052
156.255314
156.350177
156.622152
156.810076
156.894945
156.929147
157.232005
157.498204
157.605396
157.834404
157.941514
158.128046
158.265303
158.548378
158.726349
160.251372
160.465183
161.164124
161.855816
162.120049
162.266399
162.465055
162.636308
162.712494
162.777620
162.907628
163.189801
163.324355
163.484017
163.677635
163.927777
164.053893
164.176323
164.507402
164.632781
164.697293
164.949361
165.168087
165.291622
165.704827
166.150472
166.639411
166.781256
167.236485
167.317053
167.933706
168.261673
168.453530
168.745124
168.822866
168.913879
169.260073
169.531392
169.616876
169.726075
170.162217
170.249585
170.348585
170.419487
170.663281
170.911908
170.966467
170.983178
171.125924
171.386839
171.408302
171.424113
171.490959
171.681219
172.401910
173.099008
173.181583
173.319864
173.745889
174.021345
174.135050
174.602240
175.073976
175.243674
175.804170
175.839355
175.894446
176.093716
176.174244
176.765501
177.084948
177.265172
177.384448
178.267136
178.465915
179.052831
179.869204
180.136018
180.188733
180.245135
180.317471
180.337418
180.425687
180.573798
180.627948
180.716339
180.798341
181.384643
181.828772
182.422405
182.519316
182.929940
183.087350
183.688028
183.816233
184.194417
184.287027
184.389386
184.563835
184.595743
184.615240
184.661811
184.686715
184.773345
185.045197
185.062973
185.082266
185.095414
185.107497
185.117737
185.127936
185.169183
185.301279
185.312748
185.322578
185.347277
185.486090
185.579643
185.628262
185.809715
185.852396
185.921987
185.988710
186.244301
186.617692
186.784973
186.888438
187.001651
187.071734
187.108270
187.161272
187.196252
187.355791
187.501076
187.562435
187.644641
187.850547
188.153651
188.251791
188.307415
188.456182
188.881388
189.019709
189.083730
189.214269
189.324780
189.525238
189.630259
190.061158
190.404567
191.082742
191.179776
191.495455
191.622881
191.699108
192.093716
192.118088
192.243999
192.360980
192.805683
192.918200
193.573806
193.891983
194.475704
194.619187
194.744934
194.852618
195.003884
195.055493
195.668582
195.839836
196.407501
196.782326
197.040742
197.502157
197.612667
197.636383
197.845443
197.927895
198.139044
198.176809
198.225674
198.293750
198.410650
198.488596
198.631342
198.709453
198.833193
199.195566
199.232840
199.969423
200.190935
200.393851
200.604426
200.734638
200.843428
200.956928
201.105572
201.249587
201.341174
201.947095
202.563543
202.666762
202.828800
203.363123
203.528970
204.077711
204.298445
204.355461
204.398141
204.480717
204.669051
205.373481
205.455196
205.548257
205.642056
205.854433
206.015898
206.171464
206.487388
206.578442
207.218934
207.383552
207.571149
207.695258
207.861391
207.995740
208.436961
208.579215
208.977265
209.654866
209.737851
210.125742
210.636718
210.843648
211.127009
211.302523
211.357041
211.442934
211.528294
211.585843
211.761766
211.834143
212.013425
212.065812
212.179845
212.228547
212.363469
213.337989
213.524931
213.668495
214.293422
214.884803
215.434813
215.565722
215.717519
216.158003
216.438374
216.549171
216.790958
216.863171
217.076244
217.259459
217.384141
217.452093
217.705431
217.821389
217.949757
218.172744
218.352394
218.713170
218.971095
219.043185
219.472404
219.553219
219.744584
219.754127
219.804795
219.895235
219.966423
220.052193
220.100936
220.131123
220.199977
220.278006
220.423660
220.611584
220.662047
220.777841
220.980879
221.087990
221.207716
221.371679
221.497999
221.595976
221.678920
221.776200
221.834035
221.920010
222.001152
222.356644
222.619279
222.741545
222.834074
223.624847
224.446710
224.730972
224.872202
225.031700
225.443021
225.510195
225.684767
226.092892
226.213642
226.406359
226.564547
226.757960
226.921513
227.030344
227.092480
227.164365
227.220070
227.426714
227.641795
227.745096
227.828531
227.972219
228.378378
228.575560
228.678042
229.040701
229.090017
229.204500
229.385708
229.829140
230.467789
230.550323
230.620529
231.017595
231.054868
231.062159
231.131382
231.168819
231.257375
231.454228
231.528612
231.591731
231.635436
231.747584
231.811891
231.937106
231.998095
232.053883
232.092836
232.208302
232.280392
232.474173
232.595907
233.226281
233.298002
233.400893
233.488097
233.556705
233.664184
233.757942
234.223944
234.412483
235.014513
235.065713
235.117281
235.224515
235.563909
236.259451
236.566856
239.143854
239.239496
239.325921
242.492129
243.273728
243.672556
243.980616
244.152648
247.483761
249.314550
250.036838
250.214605
250.328310
250.421658
250.451149
250.482115
250.839491
250.901217
250.915963
250.923049
250.928415
251.060224
251.111465
251.519959
252.226683
254.658478
255.386993
255.646433
256.165028
257.376870
257.556562
257.644093
257.719747
259.100754
260.298629
261.341266
261.811569
262.946488
266.510049
268.224881
268.398961
268.413256
269.595607
271.251333
271.847997
272.605348
272.807649
273.146061
273.309614
274.857124
276.510720
276.858470
277.109187
279.598817
279.746232
280.148992
281.051505
281.310126
281.428664
281.631580
281.996698
282.329211
283.095245
284.382331
285.302456
285.737042
285.858570
286.828626
291.769508
292.357366
293.184184
293.427200
293.622989
293.719450
293.784699
293.841715
294.099108
294.300795
295.780147
299.562598
300.449751
301.150208
301.340385
303.617270
306.205983
312.024228
312.893604
314.730127
315.026309
316.263465
316.491325
316.672246
316.704481
316.755681
316.840550
316.903997
316.954624
317.038510
317.066240
317.124116
317.171261
318.371512
318.517002
319.522243
319.828541
319.944417
322.440847
322.527109
322.784829
322.903613
322.968740
327.388283
327.462134
329.320202
330.195517
330.200883
330.210673
330.309960
330.382090
330.391675
330.397082
330.533192
330.599547
330.765148
330.932593
330.990633
331.007099
331.315036
331.469906
331.756462
332.199567
332.259246
332.603228
334.315192
334.536294
334.553334
334.973256
335.074796
335.174001
335.506432
335.559803
335.975834
336.505815
336.578028
336.642007
336.754852
337.075855
338.586255
339.185213
339.749806
339.851141
340.019077
342.341427
344.993792
345.197732
349.195100
350.528594
350.675108
355.601531
356.711096
356.783309
357.416182
357.661778
357.761843
359.172956
359.814513
361.464054
362.017055
362.063544
365.812695
367.215329
367.996887
368.108052
368.208282
369.970176
370.132828
370.873917
371.311739
372.429783
373.053358
376.026972
377.057608
377.625641
380.488049
384.251412
385.550787
386.145690
386.219950
386.576998
386.688492
386.816655
388.120904
388.907622
392.440709
397.679206
397.798031
398.341243
398.432625
398.788526
399.199314
399.362580
399.463096
399.574794
399.870730
399.931515
400.050668
400.123453
400.341688
400.414392
401.300849
401.485414
401.781719
401.897759
405.092024
405.376492
406.669025
407.987569
408.058470
408.760074
408.864850
410.510377
410.634322
412.208456
413.031096
413.680394
414.140416
414.478623
416.546324
416.978657
417.589412
417.708810
417.809408
417.917338
418.015437
418.644705
418.990326
419.261972
419.570975
421.191025
421.722808
421.798011
423.416259
423.885537
426.395443
427.718205
427.879997
428.901212
429.291971
429.601505
429.915791
429.950280
430.318223
430.388716
430.423900
430.475960
430.498488
430.555423
430.648320
430.685061
431.393014
431.483781
431.559188
431.974359
432.126648
432.867697
433.816904
434.599199
434.827469
435.346883
435.904471
436.176732
437.072650
437.564867
437.645230
439.334543
439.403356
439.493468
439.605903
440.438374
440.454226
441.151488
441.348301
442.328719
443.467080
443.558994
447.917466
448.256573
448.986522
450.910536
451.607183
451.770491
451.878461
451.908444
451.971113
452.137288
452.213965
452.292526
452.349010
453.855683
454.448701
454.855967
454.994043
456.344617
457.750241
458.102006
459.179459
459.599749
459.775304
460.238848
461.057597
461.210788
464.187228
464.829440
465.676575
465.980088
467.131720
467.348808
467.568394
467.625083
467.699917
467.892756
468.840858
469.806244
472.728084
472.777564
472.832532
472.889098
472.999485
473.066004
473.124004
473.182495
473.300337
473.474048
473.519636
473.732424
473.810452
474.046710
474.109501
474.216038
474.308321
474.338017
474.416620
475.109949
475.303158
475.878564
476.614574
476.714148
477.278495
477.359145
477.746545
477.824737
477.888881
478.081434
478.251213
478.661181
479.586959
479.750595
480.219505
480.362373
480.654787
481.150403
481.195049
481.320018
481.863639
481.927619
482.245059
482.595840
482.660393
482.782781
482.795889
482.851799
483.174400
483.753247
483.870515
483.979919
484.391854
485.429248
485.837619
486.306365
486.421955
486.794854
487.254835
489.027707
489.362268
491.340882
491.393761
491.924644
494.028390
494.467154
494.531174
495.313265
495.366717
495.582577
495.799542
496.123863
496.190423
496.324526
496.622305
496.701030
496.766853
496.869949
497.293844
497.623613
497.775739
497.923686
498.026906
498.344100
498.795069
499.791176
500.763156
501.189878
501.234811
501.259837
501.337866
501.463859
501.520343
501.538816
501.619016
501.726618
501.769093
501.931254
501.992120
502.058639
502.150267
502.206669
502.305628
502.339994
503.253893
504.036393
504.407491
504.554660
505.286328
506.598892
507.111916
507.185766
507.309179
507.355382
507.499561
507.853292
508.464538
508.621373
508.866560
509.538222
509.922714
510.469571
511.428321
511.473172
511.558861
511.942246
512.138199
512.495903
512.525558
512.537887
512.552100
512.594903
512.603300
512.659784
512.689684
512.808755
512.855491
512.881254
512.889569
513.126277
513.150198
513.227817
513.329398
513.345618
513.402716
513.440522
513.487503
513.521664
513.576919
513.599119
513.665475
513.751409
514.166211
514.283356
514.385347
514.625454
514.721792
514.783724
515.485286
515.999089
516.137165
516.188201
516.285194
516.456694
517.732844
517.961400
518.556549
518.774252
518.850028
519.424860
519.562691
521.947791
522.427638
522.475889
523.069645
523.156890
523.232502
523.412275
523.703992
523.772027
523.843707
523.955773
523.986862
524.623749
525.321953
527.305523
528.037356
528.706929
528.906281
530.297856
530.796503
530.860851
531.007283
531.520307
532.099236
532.277699
532.471644
532.492575
532.512236
532.558561
532.572365
532.587438
532.600095
532.607549
532.624876
532.648141
532.676649
532.719084
532.808049
532.837786
532.919296
532.964966
532.996833
533.095137
533.149204
533.156618
533.196677
533.331640
533.365514
533.396521
533.456404
533.562941
533.616681
533.691843
533.797683
533.836595
533.919212
534.080389
534.162432
534.460621
534.544261
534.569083
534.645023
534.786621
534.953656
535.289119
535.505019
535.649321
535.714570
535.847690
535.939523
536.062853
536.126669
536.233820
536.332411
536.418058
536.821391
536.938701
537.068175
537.114460
537.160417
537.201787
537.350758
537.539174
537.598157
537.695805
538.431611
538.609172
539.773747
539.908137
540.096717
540.620349
540.691579
541.294141
541.916242
542.151639
542.243062
542.333133
542.409933
542.566318
542.906204
542.962360
543.071846
543.137341
543.293481
543.363523
543.646024
543.803843
544.112271
544.362291
544.485253
545.867653
546.130780
546.668544
546.894070
547.235103
547.348521
549.128438
549.320581
549.402460
549.649613
549.741896
552.501125
552.660009
552.854897
552.944558
553.474499
553.684173
553.779978
554.115113
554.283172
557.554811
561.239654
561.315308
561.640694
561.697587
561.760420
561.828332
561.834148
561.922294
561.947689
562.007654
562.083103
562.248581
562.455798
562.520965
562.753290
563.049595
563.344261
564.193608
564.470211
564.719329
565.172511
565.270118
565.919867
567.401062
568.179425
568.834376
568.926781
568.980972
569.041306
569.219932
569.273631
569.302016
569.325814
569.395610
570.019553
570.111181
571.011809
571.212145
571.391427
571.473715
571.552932
571.831501
571.970519
572.338217
573.419274
573.977190
574.207263
574.997053
575.096750
576.817930
578.045010
578.116854
578.415165
578.516173
579.053896
579.220111
579.463987
580.268605
580.413317
580.855480
584.167260
586.244342
587.320279
587.527168
587.605238
587.748311
587.979612
588.210381
588.397527
588.699484
588.865495
588.911288
588.984771
589.056819
589.180232
589.244826
589.314662
589.694321
589.876593
590.628332
591.831777
592.552018
592.647823
592.731464
593.164288
593.199636
593.294582
593.504461
593.619804
593.794826
593.849754
593.987297
594.091377
594.174935
594.282865
594.615869
594.675589
594.770043
594.833326
594.905866
595.059180
595.207455
596.702249
596.918272
597.143552
598.156493
598.276956
598.497239
598.574735
598.710354
599.687332
599.736607
601.577144
602.481336
603.599462
606.305731
606.430577
606.580163
606.724751
607.118131
607.234662
607.858647
607.950807
608.201851
609.038459
610.466161
611.090760
611.208438
611.251282
611.388252
611.587727
611.868058
612.584079
612.780401
612.826931
612.869366
613.052211
613.401559
613.453783
613.499658
613.516493
613.606646
613.634785
613.704663
613.761802
613.855601
613.916836
614.235628
614.301778
614.566871
614.779576
615.684997
616.070062
616.304558
617.439396
618.424566
618.498253
618.634854
619.747492
620.245565
620.605071
621.049692
621.166920
621.287506
621.536502
621.687685
621.765837
621.863690
621.931971
622.006272
622.183506
622.269071
622.726021
622.914724
622.989148
623.098143
623.351808
624.073523
624.221184
625.929912
627.253330
628.719780
628.843233
629.056471
629.852570
630.099476
630.365143
630.713754
630.777242
630.895002
631.074693
631.156982
631.242342
631.653089
631.854531
632.033935
632.149033
632.207319
632.992154
633.318523
633.428541
633.923830
634.344448
634.605732
634.674135
692.457636
692.556841
692.686561
692.866826
692.972421
696.763802
697.328435
698.669588
699.228938
699.826995
699.990630
700.302213
700.314870
700.317696
700.395807
700.502344
701.406904
701.683712
701.692191
701.704315
701.706486
701.712261
701.725123
701.750272
701.771489
701.848289
701.861642
701.891830
701.915873
701.965025
701.997875
702.029865
702.043136
702.073487
702.090854
702.098022
702.104289
702.308352
702.399324
702.442824
702.498816
702.518559
702.539039
702.550016
702.595031
702.632878
702.662574
702.712381
702.732493
702.749983
702.766039
702.791393
702.817976
702.839316
702.855864
702.876836
702.891049
702.933770
702.951547
702.974607
702.987715
703.011267
703.024497
703.050506
703.172567
703.188419
703.255757
703.291269
703.314084
703.324529
703.347139
703.358321
703.449539
703.762924
703.786598
703.803761
703.867576
703.900508
703.917138
703.935652
704.004301
704.031826
704.074424
704.117514
704.171131
704.194806
704.214098
704.224174
704.266568
704.324035
704.451707
704.510607
704.517612
704.587530
704.654377
704.703611
704.752517
704.791880
704.833208
704.890348
704.933069
705.016381
705.041777
705.079501
705.108378
705.152778
705.294049
705.336934
705.380393
705.396818
705.433231
705.483817
705.602478
705.616937
705.639301
705.659863
705.687962
705.705042
705.727939
705.773076
705.810760
705.922908
705.987461
706.039767
706.213069
706.355036
706.457190
706.518794
706.599526
706.652119
706.776310
706.832630
706.848768
706.902794
706.953789
707.072942
707.182633
707.222241
707.277578
707.403284
707.456737
707.502244
707.575849
707.700081
707.789701
708.048609
708.101693
708.152566
708.290519
708.353516
708.703478
708.790477
708.869079
708.928020
708.986552
709.069947
709.128110
709.188321
709.235343
709.388534
709.568553
709.630566
709.685821
709.771919
709.852856
709.886444
709.923021
709.938094
710.277775
710.362972
710.516613
710.562529
710.604472
710.702162
711.026237
711.161774
711.248650
711.336960
711.417119
711.554171
711.626793
711.721452
711.824056
712.116019
712.259052
712.367145
712.494449
712.720671
712.784241
713.070428
713.265357
713.460654
713.503293
713.603727
713.700475
713.821757
713.910231
714.044539
714.207314
714.302095
714.394173
714.537738
714.997023
715.043144
715.107492
715.364352
715.469251
715.796972
716.185969
716.230697
716.466340
716.557517
717.100442
717.166879
717.353943
717.461709
717.676462
717.791846
717.926769
718.169006
718.257029
718.309335
718.421361
718.509670
718.736138
719.106376
719.341199
719.474606
719.882240
719.958548
720.224338
720.361800
720.531046
720.754975
720.856678
720.939213
721.230356
721.568481
721.722450
721.807565
722.062746
722.149458
722.578514
722.650767
722.727526
722.789089
723.055985
723.136307
723.352576
723.492250
723.631227
723.839099
724.297032
724.462838
724.552663
725.129994
725.298422
725.413560
725.638636
725.859205
725.902909
725.986509
726.095872
726.174925
726.290760
726.395208
726.551716
726.749962
726.811075
726.872310
726.945546
727.166444
727.232717
727.327130
727.378248
727.893484
728.075919
728.187003
728.582226
728.703222
728.813855
728.849244
728.872141
729.116221
729.443328
729.547940
729.619661
729.684746
729.837814
729.898516
729.993953
730.085048
730.180198
730.409820
730.486415
730.545111
730.725540
730.840719
730.950124
731.132928
731.406991
731.523645
732.481946
732.567224
732.658770
732.940370
733.247324
733.443195
733.761618
733.921690
734.054810
734.208860
734.672159
734.780539
734.949786
735.095521
735.192965
735.329116
737.483448
737.560781
737.587610
737.685668
737.741292
737.939169
737.969562
738.031493
738.095186
738.151424
738.242028
738.308219
738.351677
738.444616
738.522522
738.566185
738.647409
738.851185
739.038003
739.142902
739.253043
739.329393
739.443630
739.486392
739.504456
739.596943
739.650109
739.711918
739.802112
740.243497
740.356874
740.494746
740.931789
740.999250
741.030257
741.138186
741.478113
741.574861
741.689262
741.927404
741.982208
742.260695
742.438175
742.821396
743.628104
743.794852
744.053391
744.142725
744.825569
744.984658
745.202688
745.255772
745.587507
745.641656
745.722388
745.826263
745.872056
745.926001
745.981420
746.126090
746.279035
746.500424
746.554040
746.623468
746.642227
746.650624
746.658488
747.172536
747.292467
747.400069
747.495014
747.800166
747.932795
748.037980
748.178432
748.255314
748.349972
748.394824
748.442378
748.614943
748.798075
748.865659
748.966912
749.254492
749.603717
749.629112
749.709967
749.818184
750.050304
750.328463
750.416896
750.557962
750.620590
750.733640
750.975754
751.168922
751.329157
751.615713
751.800402
751.899648
752.129106
752.302203
752.500081
752.660357
752.810394
753.058939
753.294787
753.312195
753.348157
753.416847
753.468826
753.662198
753.787617
753.901527
753.940603
754.081341
754.460303
754.788188
755.084411
755.576668
755.809649
755.903734
756.284703
756.414464
756.780769
756.830167
756.855153
756.896768
756.906435
756.930314
756.960666
756.982620
757.001994
757.060813
757.133025
757.179433
757.230592
757.311283
757.403689
757.479793
757.537792
757.607547
757.676687
757.722808
757.812961
757.899018
758.129828
758.230753
758.295470
758.420439
758.490931
758.756721
758.854656
759.133635
759.206011
759.432520
759.585464
759.748772
759.849001
759.979581
760.167875
760.283177
760.524882
760.790630
760.894382
760.915354
761.244590
761.380291
761.397453
761.494897
761.623962
761.707192
761.814876
761.919816
762.294108
762.438533
762.503905
762.563748
762.772603
762.931896
763.098071
763.176960
763.318190
763.440783
763.661148
763.883192
763.949629
764.001853
764.217876
764.335186
764.493128
764.658565
764.729303
764.936151
765.045023
765.163192
765.266166
765.356442
765.488906
765.572342
765.630259
765.718487
765.857219
766.124605
766.266204
766.536663
766.649917
766.764605
766.889124
767.141192
767.230689
767.308472
767.545221
767.931597
767.962194
767.993651
768.034406
768.061071
768.111411
768.217252
768.254198
768.282952
768.348488
768.427213
768.444662
768.455311
768.535675
768.631071
768.640369
768.703037
768.720282
768.794788
768.839066
769.058161
769.162240
769.269514
769.402266
769.480090
769.531044
769.622753
769.688412
769.780122
769.893827
770.015846
770.153390
770.219336
770.280161
770.555453
770.617508
770.696151
770.794168
770.840289
771.134546
771.327918
771.473162
771.615621
771.765043
771.884605
772.402831
772.861338
772.979220
773.201510
773.258609
773.441905
773.605048
773.684838
773.857608
774.019482
774.091940
774.330286
774.559498
774.646047
774.738780
774.843515
775.134454
775.201505
775.242424
775.304561
775.354040
775.365878
775.462461
775.823647
775.877837
776.009687
776.052572
776.104141
776.265482
776.448532
776.589435
776.658084
776.697733
776.987238
777.055560
777.128468
777.771868
777.921823
778.218865
778.297057
778.344161
778.403144
778.579640
778.796605
778.921861
779.320484
779.363983
779.379630
779.396465
779.408343
779.441725
779.492434
779.619697
779.650499
779.704443
779.783168
779.937874
779.948687
780.082504
780.210176
780.218614
780.508611
780.742902
780.824494
780.980019
781.005701
781.588808
782.043628
782.172037
782.302167
782.317527
782.576640
782.649958
782.883758
782.996111
783.068160
783.263130
783.336284
783.435203
783.609364
783.695053
783.977390
784.061972
784.092529
784.239247
784.358154
784.470794
784.626934
784.888545
784.910909
785.409106
785.528627
785.552138
785.681203
785.723023
785.795809
785.854874
785.893007
785.960428
786.107638
786.156913
786.188657
786.227814
786.289050
786.414346
786.493727
786.651709
786.731786
786.880430
787.028337
787.221381
787.339223
787.526533
787.594977
787.655844
787.728630
787.793510
787.883704
787.949691
788.084122
788.182917
788.351386
788.415939
788.519444
788.674437
788.747264
788.921590
789.060608
789.102346
790.858424
791.001457
791.140598
791.213220
791.275192
791.384965
791.509115
791.791370
791.832535
792.197079
792.273469
792.359895
792.429568
792.535982
792.637768
792.705925
793.077924
793.312461
793.447875
793.698550
793.927066
793.998705
794.097787
794.189701
794.260357
794.496246
794.615890
794.728489
794.927432
795.175404
795.273912
795.404739
795.702231
796.193628
796.449874
796.490998
796.741468
797.475062
797.626819
797.921894
798.072300
798.552351
798.572339
798.585897
798.607647
798.649713
798.695670
798.725284
798.772634
798.808269
798.856929
798.888264
798.945321
798.977516
799.017001
799.085363
799.144182
799.200543
799.261901
799.272223
799.326208
799.387484
799.438111
799.547433
799.634104
799.787868
800.120668
800.204227
800.297779
800.309166
800.421356
800.496435
800.590438
800.851108
800.939950
801.010360
801.084867
801.179156
801.265910
801.366344
801.426760
801.597112
801.640243
801.695212
801.787085
801.908654
801.994711
802.027233
802.524078
802.614518
802.863636
802.905416
802.971238
803.110789
803.217777
803.344384
803.388088
803.490243
803.626066
803.702866
803.816980
803.918725
805.427610
805.526528
806.651290
806.792110
806.840484
806.905856
806.955909
807.024148
807.181435
807.274578
807.323156
807.430226
807.481672
808.445133
809.627607
809.925960
810.033562
810.156442
810.211656
810.306028
810.530488
810.694779
810.879222
811.080253
811.714109
811.814502
811.835638
811.997921
812.227256
812.312658
812.427551
812.558254
812.685722
813.184000
813.342310
813.382451
813.453312
813.465231
813.497098
813.529416
813.573571
813.591183
813.745766
813.824532
813.870858
813.907149
813.959086
813.996278
814.060503
814.078689
814.138900
814.194033
814.247485
814.398300
814.518026
814.559683
814.617477
814.664991
814.740603
814.845952
814.903091
814.983209
815.005901
815.360532
815.424225
815.679898
815.757435
815.931310
816.058614
817.020396
817.326490
817.386496
817.536328
817.610998
818.130002
818.196521
818.341724
818.897469
819.121725
819.943506
819.996303
820.112015
820.152484
820.449731
820.528374
820.550287
820.633723
820.662845
820.699054
820.732355
820.923843
820.976230
821.071094
821.126472
821.190083
821.262541
821.336678
821.356626
821.678162
821.811610
821.964595
822.387302
822.658540
822.852936
822.938747
823.156654
823.256842
823.560069
823.782973
823.947592
824.328561
824.574894
824.829010
824.902492
824.953487
825.121710
825.363784
825.428419
825.481544
825.803858
826.225459
826.437263
826.499604
826.815570
826.980762
827.053793
827.111219
827.372134
827.448074
827.556454
827.762770
827.861975
827.958641
828.095734
828.242412
828.478341
828.600402
828.681871
828.817244
829.093110
829.212344
829.341327
829.729219
830.275871
830.395433
831.008236
831.202099
831.245926
831.600968
831.653642
832.055378
832.097935
832.147620
832.198697
832.273572
832.343572
832.433316
832.496927
832.588964
832.631235
832.704717
832.752026
832.810107
832.877199
832.948388
833.176453
833.281802
833.376133
833.450557
833.521295
833.602519
833.710121
833.918362
833.948262
834.935194
835.054756
835.263816
836.055900
836.187464
836.220887
836.255212
836.284989
836.368630
836.433715
836.678943
836.796621
836.855685
837.002322
837.156659
837.266391
837.589402
837.702943
838.287933
838.422446
839.665787
839.770972
840.090337
840.114094
840.131584
840.215429
840.252621
840.329748
840.383529
840.479662
840.516035
840.616509
840.659436
840.754627
840.879145
840.903639
840.978104
841.097789
841.208586
841.382093
841.737626
841.991332
842.290749
842.504479
843.316306
843.328061
843.626168
843.765432
843.987927
844.094341
844.203131
844.253757
844.450570
844.474778
844.485919
844.630016
844.683141
844.718776
844.748186
844.767437
844.784927
844.791849
844.801843
844.808888
844.822036
844.902605
845.031711
845.043548
845.067100
845.335593
845.368443
845.400637
845.418947
845.447619
845.512253
845.592166
845.697352
845.773455
845.915914
845.958554
846.016061
846.051205
846.101586
846.194278
846.338867
846.393262
846.501519
846.756823
846.828462
846.890598
847.530680
847.692554
847.970058
848.105062
848.132792
848.178422
848.236012
848.345252
848.423035
848.558531
848.664617
848.722657
848.906895
848.966124
849.144095
849.275576
849.311990
849.414636
849.484595
849.582449
849.936056
850.033869
850.166129
850.405294
850.934825
851.054510
851.371213
851.445719
851.705160
851.852616
852.049961
852.344586
852.770447
852.896809
852.984709
853.019034
853.142487
853.417206
853.666570
853.915525
853.972500
854.060524
854.129910
854.188073
854.259220
854.501253
854.555484
855.983104
856.162509
856.414085
856.506245
856.653619
857.154888
857.343713
857.634898
858.145137
858.563461
859.108598
859.275469
859.674583
861.316260
861.977641
862.057554
862.131855
862.443561
862.511514
862.625219
862.668841
862.715208
862.802780
863.027651
863.071478
863.396905
863.533302
863.741788
864.184566
864.444826
864.523919
864.558776
864.588841
864.601784
864.606331
864.616694
864.696033
864.732119
864.752722
864.841605
864.867041
864.952893
865.021911
865.073193
865.200005
865.214792
865.276887
865.329357
865.391165
865.458094
865.511752
865.610916
865.656054
865.682063
865.706639
865.727242
865.791099
865.816207
865.960960
866.147697
866.427740
866.878095
867.411313
867.485778
867.620045
867.666698
867.705733
867.737682
868.138762
868.248494
868.417208
868.778885
868.871660
868.952105
869.205320
869.311816
869.587067
869.679923
870.058721
870.120325
870.257132
870.462136
870.648791
870.721659
870.892585
871.389676
871.467377
871.915192
871.984128
872.462705
872.916460
872.952259
873.442509
873.477325
873.580093
873.653985
873.738813
874.684375
874.835845
875.267072
875.558298
875.778212
876.131123
876.364390
876.595569
876.797665
877.242204
877.303194
877.348536
877.776364
877.861683
878.335304
878.570660
878.738924
878.999839
879.062958
879.167119
879.176458
879.249367
879.270298
879.497994
879.550382
879.638446
879.680307
879.813960
879.944294
880.135086
880.302162
880.444047
880.634348
880.844308
880.972923
881.290486
881.403781
881.569874
881.866138
882.084045
882.138604
882.232689
882.266276
883.091497
883.258245
883.321242
883.502899
883.626312
884.249395
884.312842
884.390994
884.459151
884.495237
884.623032
884.755948
885.064663
885.111931
886.140109
886.362358
886.825492
886.842655
887.297720
887.448044
887.497318
887.813857
887.907574
887.974707
888.084439
888.321802
888.464876
888.796733
889.118966
889.649684
890.139116
890.493338
890.723369
890.929070
891.009352
891.111670
891.462410
891.893146
892.178268
892.240036
892.508324
892.575171
892.826624
892.916531
893.130547
893.362053
893.433201
893.484646
893.566853
893.978788
894.021468
894.356808
894.579098
894.595072
894.645944
894.750597
894.897398
895.466947
895.567831
895.645655
896.475832
897.128284
897.768489
898.902016
898.971197
899.172680
900.927611
901.185126
901.328077
901.773763
901.781873
901.849620
901.972623
902.085550
902.173901
902.288056
902.391972
902.460375
902.532383
902.644818
903.158292
903.227597
903.402537
903.953326
904.140308
904.302387
904.336179
904.374845
904.601149
905.046057
905.265684
905.589268
906.103603
906.961756
907.116872
907.719803
907.842396
907.874345
907.920876
907.979039
908.434596
908.554322
908.620145
908.741222
909.183017
909.384540
909.440737
909.686252
909.889331
910.588887
910.818673
911.111168
911.861105
911.880684
911.885476
912.040100
912.053207
912.058450
912.118620
912.809329
912.881582
912.918692
913.140204
913.333944
913.772995
914.126438
914.263859
914.322678
914.475786
914.599854
914.841764
915.543695
915.755745
915.859292
916.000973
916.596326
916.696228
916.870308
917.398487
917.451653
917.467300
917.488435
917.528494
917.622006
917.697126
917.835121
918.021202
918.134170
918.320538
918.706012
918.860718
918.931538
919.230382
919.802225
919.919698
920.111350
920.217027
920.436859
921.411420
922.185892
922.329088
922.623549
922.860913
922.942259
922.969498
923.056906
923.130348
923.201454
923.399700
923.510497
923.925668
924.178227
925.435412
926.038917
926.378435
926.384210
927.194194
927.593144
927.796224
927.904850
927.982305
928.585196
928.954368
929.199759
929.373307
930.082611
930.353930
930.486436
930.523464
930.759926
930.841354
931.243663
931.315343
931.403571
932.529480
932.618363
932.776796
933.256028
933.332296
933.602632
933.863465
933.937725
934.030377
934.331433
934.684385
934.756188
934.847980
935.339868
935.660749
935.741891
936.100168
936.132444
936.267489
936.565596
936.817664
937.180979
937.542984
937.851576
938.266911
938.324500
938.389176
938.994852
939.150008
939.301233
939.428577
939.491451
939.670774
939.879711
940.029665
940.080988
940.104253
940.160983
940.208579
940.395438
941.060301
941.260718
941.398262
941.597614
941.746872
941.868524
941.952942
942.009180
942.157373
942.413824
942.626652
942.754693
942.822359
943.773532
944.026747
944.167608
944.368599
944.680018
945.518592
945.816371
946.877030
947.019899
947.955302
948.506092
949.402214
950.320660
951.405036
952.119828
952.594186
952.616796
952.699535
953.040937
953.077473
953.356698
953.422397
953.633464
953.909125
954.650911
955.585618
955.725414
955.752858
955.826422
956.100198
956.216402
956.382413
956.477276
956.579348
956.635259
956.687606
956.911944
957.044449
957.236675
957.471416
957.863404
959.229379
959.576556
959.669002
959.971779
961.316168
961.342423
961.654989
961.775657
961.821532
962.083389
962.215772
962.375025
962.547016
962.643886
962.713027
962.879324
963.031163
963.135693
963.234038
963.337667
963.651338
963.689554
963.878011
964.810629
964.999741
965.073224
965.576172
965.705032
965.738619
965.786173
966.749594
966.777528
966.946365
968.451441
968.825242
968.908063
969.286083
969.346130
969.449226
969.943040
970.248274
970.327081
970.477322
971.015455
971.136164
973.191373
973.277839
973.323551
973.906534
974.233805
974.385521
974.569964
974.933238
975.026299
975.416443
975.708856
975.957647
976.140861
976.808632
977.209917
977.346028
979.414835
980.162888
980.697047
980.756480
980.805755
980.819149
980.862976
981.163254
981.243617
981.359944
981.421507
981.508014
981.609677
981.847654
981.921178
982.007194
982.782648
982.962995
982.996664
983.092429
983.471309
983.864320
983.925801
984.058593
984.101765
984.565228
985.087386
985.745039
985.920635
986.603889
986.959954
987.023770
987.556291
988.644925
988.852224
989.263462
989.322813
989.475226
989.505536
989.593764
989.691576
989.767516
989.894205
989.948150
990.006723
990.182031
990.363279
990.442414
990.510326
991.146557
991.369748
991.838208
992.850043
993.685422
994.669281
996.006216
996.220314
996.319191
996.526531
996.674028
996.865475
996.984996
997.494170
997.738127
997.889229
998.253978
998.596485
998.707855
999.060808
999.281377
1000.278467
1000.352645
1000.406548
1000.707645
1001.361859
1001.681633
1002.367345
1003.113144
1004.295414
1005.270835
1005.316792
1005.431316
1005.477356
1005.531136
1005.621330
1005.803069
1006.032773
1006.077092
1006.221353
1006.496031
1006.627717
1006.760796
1007.223521
1008.649953
1009.619681
1009.718641
1010.179768
1010.469274
1010.710487
1011.672023
1011.740549
1011.956613
1012.330004
1012.472136
1012.518134
1012.556554
1012.584284
1012.625326
1012.650721
1012.827505
1012.861092
1012.968776
1013.018952
1013.079777
1013.129830
1013.189468
1013.409300
1013.450957
1013.475738
1013.533942
1013.628068
1013.897708
1014.119834
1014.251602
1014.373581
1014.522511
1014.632735
1014.701998
1014.850888
1015.194460
1015.259628
1015.435551
1015.494451
1015.550321
1015.683564
1016.894341
1017.785016
1017.933783
1018.874839
1019.119043
1019.475558
1020.544369
1020.778701
1021.368115
1022.503772
1022.570701
1022.910013
1022.972600
1023.200502
1023.238840
1023.304909
1023.477228
1023.800033
1023.951544
1024.875192
1024.906486
1024.977388
1025.192960
1026.123407
1026.863186
1026.942444
1027.080479
1028.109967
1028.268114
1028.905083
1029.354824
1029.538693
1029.628846
1030.043034
1030.149202
1030.263398
1030.676521
1030.722560
1030.961398
1031.987487
1033.814139
1033.875415
1034.128712
1034.604216
1034.656604
1034.739630
1034.804838
1035.139727
1035.257610
1035.350139
1035.433615
1035.498701
1035.595530
1035.675607
1035.898880
1036.063375
1036.172698
1036.314870
1036.338627
1036.431606
1036.476416
1036.508815
1036.678595
1036.776489
1036.814746
1036.878889
1036.890849
1036.974039
1037.024297
1037.055754
1037.204193
1037.337190
1037.361193
1037.383885
1037.435822
1037.498286
1037.551452
1037.704520
1038.098719
1038.385070
1038.676869
1039.011799
1039.913165
1040.014828
1040.374620
1040.441917
1040.578068
1040.768942
1040.840745
1040.892396
1040.963953
1041.303470
1041.363354
1041.689641
1041.885225
1041.994793
1042.117550
1042.198897
1042.265948
1042.415124
1042.491515
1042.615665
1042.939904
1043.048284
1044.297114
1044.812390
1045.241938
1045.608366
1045.935309
1046.170255
1046.341059
1046.391439
1046.544138
1046.615081
1046.732349
1046.804193
1046.844826
1046.959555
1047.140598
1047.320166
1047.365878
1047.557202
1047.631094
1047.723090
1048.058470
1048.078664
1048.289976
1048.785265
1049.107456
1049.471549
1050.073580
1050.152919
1050.677944
1050.733732
1050.902528
1051.007836
1051.107246
1051.445371
1051.827896
1051.934228
1052.038226
1052.796928
1053.128745
1053.587415
1053.672038
1053.794468
1053.878067
1053.942129
1054.052065
1054.107894
1054.179983
1054.303355
1054.523679
1054.576108
1054.637998
1054.720328
1055.355945
1055.477514
1055.974359
1056.258048
1056.371671
1056.864461
1056.997949
1057.368678
1057.449452
1057.994301
1058.574049
1058.642207
1058.762260
1058.908201
1061.032305
1061.648671
1061.827420
1061.994783
1062.067773
1062.695404
1062.942433
1063.026524
1063.071252
1063.167386
1063.254999
1063.992320
1065.052447
1065.885983
1066.028483
1066.093937
1066.315080
1066.352435
1066.610196
1066.665779
1066.747945
1067.016929
1067.138580
1067.251712
1067.665039
1067.864678
1068.085821
1068.317532
1068.800860
1068.867338
1068.992061
1069.128335
1069.376963
1069.537853
1069.779190
1070.445568
1072.327844
1072.444293
1072.454779
1073.299210
1073.707008
1074.909102
1075.127296
1075.346637
1076.081623
1076.181033
1076.235592
1076.345283
1076.681359
1077.170872
1077.622948
1078.018089
1078.083011
1078.164644
1078.225838
1078.372762
1078.572442
1078.598656
1079.378739
1080.131256
1080.541962
1080.711004
1081.234555
1081.685606
1082.369311
1082.455941
1082.600653
1082.720748
1083.138417
1083.811185
1083.941028
1084.555305
1084.804301
1086.003773
1086.605107
1087.103181
1087.552307
1087.599821
1087.647826
1087.707054
1087.710290
1087.714796
1087.717007
1087.725486
1087.730360
1087.784796
1088.272835
1088.729088
1089.065083
1089.368474
1090.321408
1090.582610
1091.192873
1091.436093
1091.505152
1091.540255
1091.551478
1091.597763
1091.691807
1091.867156
1091.994624
1092.512727
1092.527718
1092.535132
1092.550246
1092.553769
1092.566589
1092.600627
1092.638720
1092.669809
1092.687176
1092.783022
1092.844995
1092.882924
1092.912988
1092.949975
1092.999700
1093.019402
1093.082972
1093.098742
1093.161984
1093.254676
1093.290598
1093.479752
1093.498061
1093.521408
1093.647442
1093.713756
1093.794652
1093.987287
1094.111805
1094.135644
1094.278676
1094.367355
1094.647644
1094.887834
1094.995763
1095.101686
1095.188685
1095.447634
1095.561626
1095.886848
1096.569733
1097.436815
1097.818481
1097.910764
1098.017874
1098.150216
1098.239222
1098.318602
1098.390897
1098.495713
1098.575053
1098.627277
1098.710589
1098.762609
1098.810450
1099.094303
1099.157381
1099.183022
1099.200471
1099.248312
1099.341578
1099.362509
1099.408466
1099.454095
1099.528847
1099.619779
1099.705672
1099.725578
1099.779604
1099.795497
1099.852022
1099.891712
1099.991572
1100.238479
1100.284559
1100.468675
1100.559933
1100.949135
1101.006111
1101.270344
1101.496156
1101.662740
1101.771858
1101.898670
1102.203781
1102.360535
1102.855086
1103.024824
1103.217091
1103.407350
1103.568118
1103.978783
1104.620339
1104.770212
1104.827269
1104.981729
1105.208730
1105.747927
1106.284790
1106.404884
1106.487378
1106.620580
1106.861384
1107.790643
1108.228588
1108.312064
1108.650762
1109.428265
1109.586289
1109.716869
1109.953782
1110.145106
1110.367601
1110.990889
1111.103242
1111.227392
1111.433544
1112.249385
1112.945951
1114.160620
1116.137677
1116.751299
1116.810854
1117.046292
1117.464904
1117.808394
1117.826540
1117.835141
1117.869711
1117.981737
1118.134764
1118.716764
1118.961500
1119.016509
1119.088271
1119.213486
1119.684567
1119.857746
1119.919145
1119.979725
1121.139261
1121.491395
1121.743544
1122.417172
1122.810552
1122.905457
1123.374572
1123.406029
1123.457270
1123.585352
1123.666084
1123.785728
1123.923067
1124.129833
1124.517847
1125.973647
1126.324552
1126.482289
1126.510182
1126.736077
1126.794117
1126.898196
1127.016858
1127.201260
1127.255368
1127.319552
1127.400735
1127.466476
1127.532708
1127.584563
1127.696957
1127.824589
1127.899628
1127.950131
1128.050524
1128.360141
1129.271419
1129.487442
1129.570427
1129.728410
1130.300211
1130.453975
1131.527127
1131.954913
1132.781445
1134.668718
1134.958715
1135.031747
1135.518802
1135.622349
1135.867699
1136.232980
1136.643154
1136.695419
1137.003397
1137.123123
1138.488934
1138.594652
1138.751283
1138.994217
1139.194634
1139.965665
1140.396974
1140.682260
1140.945469
1141.002568
1141.211218
1141.330575
1141.724406
1141.737349
1141.750211
1141.805466
1141.876736
1141.908152
1141.958328
1142.002360
1142.041108
1142.105047
1142.167306
1142.231081
1142.264914
1142.300140
1142.376571
1142.459924
1142.587556
1142.649610
1142.697370
1142.979625
1143.260815
1143.513334
1143.644119
1143.956562
1144.324874
1144.660705
1145.283256
1145.491046
1146.126418
1146.173030
1146.323681
1146.414612
1146.539786
1146.622444
1146.677780
1146.868695
1147.011318
1147.094262
1147.203338
1147.420877
1147.553669
1147.684413
1147.830682
1148.147835
1148.300534
1148.868444
1149.205627
1149.835837
1150.958060
1151.112438
1151.460188
1152.083231
1152.713114
1153.505526
1153.620500
1153.878712
1153.986765
1154.186854
1154.418074
1154.758410
1154.852168
1155.298140
1155.424707
1155.489260
1155.625820
1155.723715
1155.886367
1156.029563
1156.102676
1156.241367
1156.412047
1156.523745
1156.731740
1156.991590
1157.094687
1157.948006
1157.999985
1158.828810
1159.109427
1159.683727
1159.756923
1159.781827
1159.895368
1159.959020
1160.336876
1160.374354
1160.502600
1160.846746
1160.993341
1161.142641
1161.304269
1161.321636
1161.381642
1161.443369
1161.476096
1161.779323
1161.831956
1161.864643
1161.879921
1161.897083
1162.011116
1162.063421
1162.102374
1162.132726
1162.167624
1162.232136
1162.266051
1162.304061
1162.452460
1162.513162
1162.616955
1162.756956
1162.922394
1163.040850
1163.061862
1163.123507
1163.255808
1163.387249
1163.465933
1163.702149
1163.810734
1163.887206
1164.122644
1164.427387
1164.696125
1164.894781
1166.408581
1166.567629
1167.054971
1167.295283
1167.429509
1167.506964
1167.606006
1167.734047
1167.793521
1167.933276
1167.987057
1168.165437
1168.458711
1168.754565
1169.066762
1169.150484
1169.236664
1169.451950
1169.659044
1169.818583
1170.063401
1170.322391
1170.419917
1170.579620
1171.052257
1171.149701
1171.300966
1171.845734
1172.099523
1172.245709
1172.388700
1172.824392
1172.988846
1173.058028
1173.599805
1173.722317
1173.764055
1173.839503
1173.905572
1173.974630
1174.033408
1174.117786
1174.228623
1174.349660
1174.472417
1174.550118
1174.647931
1174.835937
1174.895616
1174.985073
1175.162716
1175.290266
1175.693926
1175.776788
1175.890330
1176.520131
1177.171886
1177.225216
1177.590292
1177.926697
1178.131210
1178.261176
1178.666680
1178.754130
1178.855875
1178.967777
1179.070095
1179.187978
1179.699610
1179.929313
1180.258591
1180.692316
1180.776530
1181.048996
1181.183590
1181.517947
1181.939548
1182.411407
1182.641480
1182.848655
1183.077417
1183.226348
1183.318262
1183.590687
1183.817155
1183.992873
1184.720732
1184.868311
1185.011466
1185.177395
1185.463132
1185.538089
1185.616241
1185.775493
1186.069258
1186.087240
1186.192507
1186.719949
1186.963743
1187.124265
1187.204792
1187.779953
1187.930849
1188.584161
1188.633190
1188.708680
1189.179269
1189.446943
1189.920113
1190.469018
1190.664110
1190.782198
1191.217070
1191.297884
1191.801774
1192.005878
1192.258601
1193.096315
1193.158205
1193.601106
1194.027131
1194.321019
1194.617897
1196.237660
1197.664748
1198.156268
1199.976243
1200.149709
1200.279470
1200.702915
1200.740311
1201.038213
1201.115791
1201.281802
1201.340867
1201.450803
1201.834025
1201.930936
1202.277663
1202.348810
1203.235963
1203.305185
1203.466813
1205.516411
1206.183199
1207.288832
1207.597343
1207.797391
1208.163328
1208.863580
1209.522668
1211.934515
1212.087214
1213.013975
1213.418865
1213.498327
1213.584957
1215.145984
1215.373885
1217.124598
1218.440233
1218.446090
1218.448507
1218.453258
1218.874941
1218.920899
1218.968658
1219.059016
1219.082240
1219.125371
1219.193446
1219.393987
1219.476316
1219.585188
1219.649331
1219.724329
1219.943629
1220.426424
1220.554793
1220.633887
1220.929372
1221.282324
1221.648138
1221.915935
1222.149202
1223.522099
1223.700357
1224.851702
1225.563218
1225.684582
1225.751470
1225.844736
1225.915187
1226.177413
1226.371891
1226.468188
1227.172372
1227.314749
1227.582095
1227.647427
1227.908588
1227.973755
1228.201042
1228.287140
1228.647834
1228.740444
1228.819251
1229.290619
1229.534085
1230.769684
1232.913449
1233.891451
1233.927782
1234.244854
1234.328617
1234.444001
1234.707620
1237.314355
1237.466399
1238.245048
1241.468273
1241.521971
1241.537249
1242.075873
1243.152138
1245.429719
1246.501683
1246.557594
1246.642422
1246.731387
1247.054684
1247.095808
1247.310438
1247.806136
1248.209592
1248.906977
1249.035919
1249.633608
1250.086871
1250.283602
1250.852127
1250.947891
1251.389358
1251.900826
1252.979098
1253.201224
1253.633802
1253.831188
1254.268764
1254.409994
1254.698967
1254.771139
1255.681966
1256.020460
1256.138916
1256.341955
1256.396964
1256.487854
1257.708708
1257.730703
1257.767444
1257.788539
1257.849692
1257.930670
1258.043474
1258.153001
1258.160415
1258.223084
1258.604585
1258.641818
1258.749542
1258.765558
1259.150295
1259.216568
1259.522499
1259.629486
1259.833631
1260.166717
1260.399247
1260.717507
1261.254984
1261.486285
1261.802496
1262.020690
1262.112236
1262.855209
1264.131482
1264.354099
1264.456417
1264.687841
1265.869251
1266.822308
1266.859622
1266.962350
1267.404800
1267.469025
1267.503800
1267.829309
1267.898696
1267.969311
1268.121559
1268.778271
1268.844093
1269.244928
1269.953249
1270.127698
1270.781174
1272.783913
1273.467986
1274.245079
1274.440745
1274.844652
1275.126170
1275.209851
1275.319132
1275.683922
1275.773092
1276.265267
1276.275384
1276.756541
1276.962488
1277.110518
1277.278208
1277.337969
1278.963794
1281.192428
1281.318380
1281.430651
1281.490125
1281.535836
1281.594204
1281.636966
1282.133320
1282.404803
1282.517565
1282.787410
1282.981970
1283.126886
1283.244646
1283.405087
1283.707126
1283.960095
1285.891564
1286.761390
1287.390863
1287.427645
1287.471555
1287.510630
1287.652147
1287.700972
1287.934730
1288.167629
1288.580465
1288.795259
1289.178071
1289.331794
1289.408102
1289.586401
1289.665495
1290.224026
1290.312827
1290.573373
1290.980844
1291.797135
1291.982930
1292.056863
1292.168069
1292.241347
1292.586885
1293.029130
1293.135258
1294.232986
1294.608589
1294.797210
1295.737283
1295.766323
1296.424059
1296.539853
1296.595845
1296.751821
1296.867901
1296.967107
1297.157120
1297.452483
1297.698284
1297.771069
1298.340045
1299.732603
1300.010803
1301.304197
1303.369933
1303.726285
1303.802470
1303.949967
1304.159314
1304.451809
1304.730993
1304.853094
1304.925348
1305.021891
1305.082143
1305.187615
1305.331425
1305.550889
1305.633669
1305.984573
1306.270106
1308.962324
1310.195753
1310.922670
1311.465513
1311.812362
1318.981386
1319.479747
1319.981629
1320.054866
1321.927516
1324.167700
1324.952535
1325.632225
1325.830513
1325.951795
1326.147871
1326.306877
1328.072212
1328.181207
1328.628204
1328.718070
1330.062909
1332.512195
1332.829389
1333.027717
1333.351178
1333.396931
1333.516493
1333.598822
1333.655388
1334.300713
1335.617618
1335.717437
1336.127488
1336.502682
1336.650711
1337.151857
1337.610199
1341.270876
1341.767516
1341.851525
1341.866557
1341.958963
1342.026834
1342.080082
1342.396539
1342.451835
1342.495662
1342.590444
1342.753178
1342.877655
1342.961295
1344.318054
1345.890509
1346.451046
1347.188859
1347.938017
1348.029727
1348.115251
1348.239770
1348.327096
1348.382188
1348.805304
1349.688812
1349.797724
1349.856625
1350.238331
1350.323937
1350.434775
1350.654566
1350.775562
1350.833848
1350.958899
1351.093166
1351.322296
1351.522673
1353.075139
1353.688637
1355.028644
1355.247534
1355.572347
1357.355786
1358.304215
1359.055708
1359.363236
1359.476040
1359.720817
1359.768494
1359.920947
1360.467026
1360.680960
1360.928481
1361.345004
1361.542595
1362.174689
1362.799206
1362.930115
1363.050004
1363.395011
1363.487416
1363.616686
1363.905249
1364.105626
1364.483932
1366.255698
1366.812795
1367.528038
1368.309105
1368.369029
1368.430838
1368.690442
1369.347236
1370.038764
1370.303693
1370.461020
1371.185070
1371.710136
1372.810977
1372.901908
1374.779679
1375.516099
1375.826248
1375.969649
1376.091791
1376.754360
1376.876626
1377.074668
1377.485701
1377.629102
1378.322801
1379.312026
1380.257055
1380.965786
1381.473649
1383.267287
1384.082391
1386.775798
1387.428045
1387.698627
1387.897733
1387.995628
1388.283126
1388.380283
1389.088195
1389.564559
1389.733233
1389.891297
1390.273372
1390.406042
1390.739497
1390.922260
1392.128000
1392.786432
1394.242355
1394.603581
1394.752225
1394.806620
1394.966897
1395.812434
1396.167803
1397.293588
1397.398815
1398.627451
1398.711050
1399.932232
1400.971551
1403.424440
1403.754578
1403.904532
1404.172411
1407.285821
1409.689395
1411.544146
1414.522266
1417.104548
1417.952256
1420.433900
1422.632387
1422.955479
1423.665111
1426.683167
1427.015967
1427.368509
1427.394642
1427.607675
1427.855073
1428.037181
1428.190536
1428.919992
1429.004493
1429.131059
1429.334057
1429.471969
1429.701427
1429.820088
1431.490683
1433.271378
1433.359442
1433.609462
1433.982976
1434.417562
1434.647634
1435.131044
1435.370701
1435.552809
1436.248965
1437.480018
1437.523517
1437.741097
1438.503404
1439.195382
1439.661220
1439.731917
1439.737938
1439.745516
1440.480092
1440.701768
1440.881172
1441.119273
1441.224827
1441.304207
1442.039439
1442.727772
1442.907054
1443.097149
1443.529728
1444.376044
1444.562903
1445.724529
1448.536433
1449.824584
1450.420470
1455.283200
1458.415903
1458.555208
1459.762504
1459.835290
1460.052623
1460.370719
1460.531610
1461.002895
1461.156045
1461.301535
1461.517066
1461.572239
1466.079601
1467.271209
1469.057761
1472.949658
1472.988447
1473.060618
1473.203773
1473.350861
1473.420943
1473.547059
1473.663427
1473.767588
1473.826980
1473.905295
1474.184028
1474.334228
1474.372116
1474.491924
1474.638725
1474.801459
1475.087442
1475.228713
1476.085637
1476.562207
1476.626719
1478.197903
1481.237299
1481.693348
1481.795338
1482.916086
1484.293284
1486.687519
1487.175516
1554.763162
1554.824765
1555.901645
1556.123361
1556.640850
1556.709868
1556.800307
1557.877555
1558.422733
1558.439404
1558.557491
1558.908027
1559.019028
1562.131579
1562.702848
1562.811023
1562.993910
1563.044209
1563.326587
1563.798979
1563.884462
1564.789146
1564.878193
1565.519585
1566.453760
1566.885356
1567.317115
1567.777464
1568.887562
1569.440809
1569.579459
1570.109153
1572.023337
1572.774625
1574.860677
1578.478551
1579.925463
1584.713318
1585.876582
1586.894684
1590.025830
1591.436902
1591.550525
1592.915313
1593.666150
1594.183680
1594.380124
1597.037117
1597.097370
1597.842637
1598.341775
1599.129231
1599.484559
1603.520143
1604.169441
1605.330125
1605.823283
1606.254879
1606.567158
1606.899753
1607.106888
1607.256351
1607.508828
1607.886070
1607.986258
1608.095539
1608.228332
1608.363745
1608.412856
1608.459059
1608.600207
1608.974500
1609.346949
1609.413386
1610.217964
1610.439926
1610.563707
1610.701414
1611.129733
1611.394294
1612.936888
1612.987269
1613.046252
1613.080781
1613.307986
1613.388227
1613.627679
1613.821542
1615.137055
1618.422374
1618.753249
1620.270490
1622.821929
1623.874478
1623.999406
1624.054989
1624.241357
1624.292352
1624.387297
1624.451236
1624.520008
1624.533729
1624.616468
1624.629617
1624.878203
1624.930877
1624.968192
1625.132360
1625.545892
1626.008740
1626.552934
1626.780549
1627.503616
1627.854397
1630.726513
1631.668593
1633.530798
1633.945805
1634.157117
1634.412503
1635.587441
1635.727729
1635.909509
1636.047503
1636.187382
1638.411837
1638.655959
1639.722762
1639.846625
1640.084890
1641.072927
1642.219479
1642.282885
1643.928494
1644.298854
1644.508733
1644.640625
1644.715991
1644.990423
1646.603674
1650.000241
1650.725151
1652.101857
1652.861583
1654.744433
1657.961103
1659.579310
1660.440781
1664.141517
1664.220733
1664.505201
1664.862822
1666.680218
1667.049636
1667.675382
1667.894149
1667.958047
1669.401231
1669.453660
1669.665833
1669.760123
1669.990728
1670.078341
1670.562488
1670.664684
1670.905692
1671.513252
1671.938335
1672.394629
1672.482324
1673.348997
1673.432924
1673.624535
1673.904865
1675.402772
1675.754127
1677.848740
1678.780989
1679.193743
1681.779958
1682.394931
1682.910249
1683.255419
1683.930399
1683.973243
1685.317755
1685.784494
1686.288056
1686.775726
1688.268349
1688.372224
1688.737014
1691.001815
1691.788780
1693.480550
1694.415544
1694.554644
1694.757437
1694.851523
1695.307080
1695.603343
1696.342344
1705.421783
1705.961677
1706.838016
1710.798766
1711.098798
1712.476529
1712.852910
1714.130289
1714.201190
1714.326651
1715.451535
1716.527718
1716.596081
1717.910487
1720.046019
1724.459868
1724.954665
1729.801994
1731.213189
1732.786913
1732.891484
1733.638103
1736.080384
1737.995100
1738.722714
1738.835968
1739.190108
1740.423127
1741.864632
1742.332641
1742.863319
1743.988285
1744.125501
1744.309289
1745.453261
1747.357000
1747.883663
1748.047135
1748.293673
1748.404879
1750.997197
1751.202734
1752.874967
1754.279076
1754.598564
1756.539167
1757.719020
1758.272799
1761.936097
1764.270899
1769.884877
1770.393395
1771.121500
1775.734333
1775.941919
1776.632750
1777.075528
1778.591498
1778.948751
1783.006413
1783.998095
1784.208876
1784.256184
1784.367677
1784.371118
1784.375296
1784.383611
1784.390287
1784.601477
1784.789975
1784.806072
1785.034588
1785.334743
1790.005903
1792.060703
1792.476365
1793.625334
1795.303383
1795.330212
1795.727196
1795.776840
1797.104189
1797.221253
1797.499290
1798.078669
1798.917448
1799.029023
1799.484457
1799.903887
1800.001249
1800.637686
1803.194163
1803.315446
1803.397898
1803.966710
1807.660646
1808.372613
1808.804086
1809.309164
1809.341112
1809.411973
1810.110669
1810.666701
1812.101120
1813.702615
1815.026975
1818.609459
1820.646072
1825.967063
1826.307031
1833.107374
1834.840965
1836.809667
1838.037606
1846.166077
1846.183772
1846.189548
1846.217318
1846.242836
1846.265364
1846.324265
1846.483927
1846.632980
1847.522918
1848.026317
1849.659105
1850.014720
1850.181509
1851.114086
1855.378473
1855.952773
1860.303462
1862.288097
1862.700196
1862.761636
1863.543276
1866.174013
1866.600940
1869.551002
1869.887324
1870.913987
1870.971617
1872.871916
1872.994427
1873.909842
1873.981686
1874.087485
1874.861015
1874.906235
1875.085681
1875.283149
1875.362120
1877.159199
1878.873006
1879.851704
1883.730043
1885.606584
1885.718446
1885.880402
1886.299136
1886.331904
1886.336696
1886.368317
1886.381220
1886.395802
1886.450565
1886.559969
1886.569103
1886.592532
1886.660608
1886.674985
1886.745272
1886.753014
1886.803436
1886.813061
1886.827807
1886.881096
1886.916977
1886.926725
1886.930493
1886.937457
1886.962811
1886.967808
1887.450644
1887.454781
1887.494308
1887.568077
1887.808061
1888.270377
1888.355000
1888.445153
1888.633242
1888.734208
1888.841114
1889.202913
1889.254195
1889.435812
1889.509130
1889.867366
1890.043249
1890.267832
1890.954936
1891.465871
1895.721001
1897.710920
1901.024010
1902.535721
1905.507492
1911.853261
1915.168645
1915.532943
1915.555553
1917.380239
1917.646725
1918.113423
1918.465966
1919.271977
1919.545549
1920.432087
1920.534036
1927.242547
1928.095662
1929.546383
1933.356933
1934.002586
1934.739169
1936.628367
1937.686815
1945.042862
1945.863823
1947.208499
1947.948155
1951.314534
1953.600717
1963.153408
1967.503073
1971.943301
1975.168000
1976.290099
1976.547820
1976.728494
1976.850760
1977.056993
1978.414776
1992.857313
1993.170207
1998.895636
1999.286149
2022.407496
2029.499924
2029.547684
2029.623214
2029.947658
2029.963919
2030.477394
2030.806589
2030.887444
2035.980575
2036.145603
2039.276749
2041.380086
2041.992438
2045.103964
2045.159055
2046.834688
2048.081101
2048.282501
2048.402719
2048.595395
2049.704878
2050.096701
2053.299814
2057.151570
2057.524838
2057.745080
2058.378854
2058.546749
2058.737500
2059.306435
2059.935252
2061.302415
2061.386260
2068.920525
2069.762294
2069.830984
2069.959557
2070.805299
2070.868337
2070.956564
2071.831306
2078.011064
2078.242857
2078.490952
2078.940733
2098.411766
2099.411272
2102.625157
2103.812792
2104.196465
2104.779203
2107.774894
2108.242043
2109.487718
2109.695508
2111.682970
2111.799706
2113.380311
2114.730230
2115.457884
2127.001600
2127.057592
2127.284265
2127.497871
2127.676416
2127.724708
2127.987753
2128.153354
2128.671498
2128.968335
2129.454858
2129.569628
2130.254930
2130.347745
2130.958582
2132.736287
2133.280563
2135.126589
2136.368783
2136.453120
2136.572436
2139.950121
2140.778906
2141.018767
2144.963625
2147.020759
2147.974676
2154.336092
2154.454753
2154.616996
2243.287818
2243.330662
2244.424499
2244.518011
2245.371003
2245.411144
2245.696348
2245.890130
2245.934653
2246.024192
2246.185697
2246.256353
2246.510756
2246.652314
2246.742671
2247.261061
2247.888814
2248.675983
2249.776538
2250.863084
2251.195802
2251.519590
2252.291236
2252.305572
2252.344115
2252.354601
2252.362916
2252.374876
2252.392120
2252.423004
2252.447293
2252.477891
2252.526141
2252.550513
2252.645786
2252.655985
2252.673434
2252.687401
2252.692767
2252.717752
2252.721684
2252.727132
2252.732867
2252.749169
2252.761948
2252.833260
2252.950241
2253.085819
2253.117972
2253.131039
2253.137019
2253.150208
2253.159096
2253.191823
2253.203948
2253.215990
2253.225902
2253.234504
2253.241016
2253.277143
2253.295944
2253.307126
2253.332275
2253.348004
2253.357998
2253.360374
2253.502095
2253.739868
2253.862830
2253.872660
2253.881836
2253.890273
2253.895639
2253.904282
2253.917307
2253.972316
2254.025359
2254.088929
2254.156513
2254.224179
2254.283284
2254.322278
2254.324449
2254.384251
2254.491771
2254.547476
2254.615675
2254.639677
2254.646641
2254.670930
2254.718853
2254.976778
2255.117435
2255.185183
2255.201321
2255.244042
2255.255675
2255.265055
2255.268905
2255.280579
2255.408292
2255.437414
2255.503524
2255.519867
2255.621038
2255.635702
2255.667446
2255.789425
2255.813755
2255.842017
2255.849841
2255.916032
2255.978250
2256.043786
2256.056812
2256.065413
2256.101417
2256.121324
2256.151142
2256.171131
2256.193946
2256.279593
2256.305766
2256.340500
2256.378593
2256.395264
2256.422994
2256.433029
2256.438231
2256.456909
2256.464855
2256.486277
2256.622264
2256.735560
2256.778445
2256.915210
2257.338122
2257.367122
2257.411400
2257.648189
2258.148966
2258.936054
2259.211796
2259.477176
2259.668623
2259.828654
2259.873423
2260.434002
2260.865802
2262.837453
2263.000556
2263.040246
2263.112212
2263.135519
2263.143588
2263.163617
2263.169556
2263.175823
2263.343350
2263.441981
2263.503299
2263.571087
2263.635149
2263.723663
2263.754547
2263.794156
2263.968195
2264.110612
2264.470405
2264.674017
2264.700436
2264.825405
2264.974254
2265.130967
2265.147884
2265.246024
2265.287025
2265.424077
2265.459958
2265.510748
2265.540731
2265.689416
2265.872138
2265.940992
2265.962414
2266.405806
2266.775921
2267.031880
2267.106263
2267.455365
2268.225659
2272.029819
2274.364948
2274.638971
2275.218924
2276.748165
2277.027963
2277.821071
2281.866977
2284.358861
2285.880402
2285.968343
2286.290125
2288.882237
2289.288438
2289.876746
2290.072863
2290.526003
2290.931302
2292.980941
2293.138145
2293.180047
2293.321441
2293.436867
2293.617992
2293.788385
2293.973074
2294.000394
2294.027919
2294.052987
2294.096159
2294.348104
2294.530048
2295.335813
2295.483392
2296.318976
2297.748152
2297.770885
2297.789768
2297.793618
2298.311721
2299.264328
2300.384256
2301.141729
2301.224387
2302.534533
2302.608507
2303.394406
2305.871831
2306.431754
2306.523218
2307.064545
2307.160883
2307.701023
2307.706102
2307.723469
2307.728220
2307.862569
2307.889316
2308.284047
2308.389478
2309.343724
2309.852611
2313.567724
2314.749706
2315.462779
2316.134769
2316.266332
2318.248468
2318.975549
2319.047557
2319.158354
2319.370568
2319.442698
2319.953961
2319.993324
2320.580362
2320.602972
2320.651592
2320.663716
2320.789791
2320.820879
2320.892928
2320.911483
2321.199677
2321.562706
2321.953628
2322.021949
2322.083021
2322.315919
2322.399396
2322.683535
2323.154412
2323.227935
2323.321201
2324.228219
2324.849459
2325.267661
2325.567652
2325.807145
2327.197737
2328.143135
2328.405033
2328.985272
2329.024594
2329.093284
2329.707233
2331.802255
2333.510738
2333.747036
2334.093517
2334.154056
2334.293074
2334.622884
2337.640161
2338.629837
2338.645524
2338.669896
2338.677760
2338.777170
2340.656620
2344.582185
2346.189496
2347.000422
2347.313766
2348.108841
2348.220826
2351.014953
2352.564961
2353.048371
2354.504131
2355.567903
2355.729940
2355.777085
2356.155720
2356.675625
2360.793457
2361.313731
2361.454920
2361.636946
2361.808364
2362.327572
2362.331341
2362.450002
2362.455613
2362.459873
2362.510909
2362.565878
2362.656645
2362.815406
2363.045396
2363.101962
2363.213128
2363.225907
2363.291525
2363.297792
2363.300659
2363.370045
2363.397939
2363.437220
2363.572634
2364.173558
2364.216934
2364.233441
2364.254945
2364.312044
2364.407685
2364.540723
2364.615107
2364.640911
2364.664136
2364.681339
2364.746220
2364.780421
2364.846735
2365.015204
2365.028475
2365.237330
2365.301883
2368.586301
2368.821944
2369.240351
2370.254234
2370.579292
2370.646016
2371.698893
2371.726746
2372.009083
2372.471849
2373.899264
2374.197944
2374.926459
2375.034307
2375.390331
2375.431455
2375.465861
2375.500145
2375.589970
2375.653908
2375.935427
2376.027505
2376.083661
2376.104141
2376.150467
2376.199823
2376.508129
2376.558756
2376.732754
2376.867062
2379.149312
2379.735368
2380.345795
2381.016965
2384.216637
2384.326738
2384.734740
2386.187633
2387.305308
2387.702661
2387.886203
2387.984015
2388.295639
2388.380426
2388.453540
2389.066015
2389.187256
2389.434368
2389.591122
2390.095503
2390.167962
2390.489743
2390.887875
2390.931087
2390.982861
2391.003259
2391.064863
2391.310418
2391.519519
2391.662797
2392.442716
2392.512225
2392.670003
2392.732303
2392.839250
2393.111265
2393.327124
2393.629286
2393.741722
2393.818767
2394.486211
2395.373486
2396.417024
2397.138944
2397.245809
2398.113341
2398.316585
2399.398994
2401.025761
2402.942812
2404.273766
2404.338811
2404.874691
2405.132575
2406.581699
2406.686638
2407.058842
2407.190487
2407.575388
2408.218583
2408.454267
2409.997722
2410.045727
2411.179745
2411.344691
2411.947090
2412.095734
2413.243023
2413.598556
2413.744701
2413.857219
2414.297743
2414.433280
2415.070536
2416.014500
2416.514621
2417.045217
2417.861837
2418.985574
2419.599811
2419.919299
2420.131308
2421.270364
2424.146616
2424.560845
2424.595128
2425.417974
2425.886966
2427.878973
2429.056573
2433.783685
2434.356470
2435.023831
2435.352945
2435.639706
2435.691438
2435.738706
2436.018258
2436.053156
2436.084900
2436.241408
2436.248863
2436.257833
2436.267745
2436.318044
2436.399718
2436.432364
2436.616888
2436.842619
2436.913684
2437.265326
2437.719982
2439.124255
2439.194010
2439.564534
2440.061420
2440.122450
2440.581325
2440.613560
2440.665334
2440.719892
2440.790344
2441.018368
2443.153285
2443.953152
2444.389745
2444.533842
2445.618463
2446.891909
2447.021711
2447.098921
2447.133000
2447.143936
2447.147786
2447.196324
2447.256740
2447.289385
2447.341199
2447.350047
2447.355044
2447.374090
2447.391990
2447.401329
2447.459287
2447.472804
2447.490458
2447.545221
2447.588024
2447.636111
2447.765750
2447.877243
2447.989596
2448.098796
2448.196649
2448.465961
2448.549888
2449.021706
2449.075446
2449.354056
2450.515272
2450.576998
2450.627338
2450.851389
2452.528947
2453.046149
2453.821399
2454.939197
2455.019766
2455.532462
2455.718748
2456.037212
2456.106516
2457.084355
2458.499277
2458.568294
2458.960732
2459.024343
2459.103683
2459.171021
2459.570340
2461.025894
2462.662001
2463.043461
2463.098839
2463.250473
2463.461130
2463.484027
2463.532933
2463.554970
2463.604081
2463.621980
2463.651103
2463.992095
2464.056033
2464.132547
2464.289874
2464.870932
2464.943882
2467.378176
2467.393782
2467.434127
2467.526328
2467.710566
2467.731866
2467.817841
2467.839713
2467.894845
2468.050944
2468.169441
2468.177592
2468.187382
2468.191887
2468.195574
2468.203151
2468.209623
2468.220191
2468.226990
2468.234936
2468.244972
2468.252140
2468.584448
2469.031485
2469.402092
2469.660549
2469.831393
2470.363628
2470.700073
2471.224893
2471.577846
2472.132526
2472.490557
2472.677745
2472.779571
2473.485394
2473.555886
2474.218168
2474.363372
2474.575872
2475.242496
2475.947827
2476.694446
2477.563822
2477.846569
2477.952655
2478.324367
2478.385111
2478.438728
2478.986854
2479.652946
2479.746130
2480.165888
2480.261898
2480.437576
2481.752187
2482.855567
2482.939249
2483.012731
2483.329843
2483.444285
2484.012974
2484.199301
2484.491878
2484.793057
2484.870103
2484.927816
2485.222031
2485.470044
2485.509243
2485.535867
2485.600010
2485.616026
2485.698929
2485.710029
2485.719122
2485.725061
2485.804196
2486.405775
2486.574899
2486.670746
2486.759096
2486.776218
2487.250575
2487.409377
2487.478354
2487.669596
2487.948042
2488.677704
2488.775107
2488.957747
2489.161892
2489.301115
2489.378693
2489.438167
2489.499156
2489.591153
2489.699656
2490.791772
2492.110234
2492.579717
2493.080166
2493.196902
2493.407724
2493.994353
2494.023066
2494.093271
2494.141563
2494.308721
2494.914888
2495.202181
2495.976202
2496.076882
2496.253174
2496.627712
2497.136722
2497.393091
2498.206065
2498.257428
2498.457231
2498.555822
2499.031900
2499.284255
2499.352740
2499.410985
2499.460833
2499.465380
2499.495567
2499.594199
2499.683697
2499.857654
2500.054835
2500.123320
2500.164444
2500.229407
2500.564378
2501.159199
2501.393367
2501.642854
2502.991544
2504.135188
2504.293663
2504.545280
2505.765519
2505.923625
2506.038518
2506.240942
2506.521764
2506.616422
2506.742292
2506.997432
2507.298570
2507.361772
2507.566449
2507.644887
2507.789394
2508.937748
2509.204029
2509.401539
2510.240686
2510.389862
2510.561444
2511.357501
2512.331735
2512.558531
2512.902676
2513.093222
2513.207132
2513.412178
2513.577861
2513.651548
2513.743094
2513.867899
2514.005197
2514.099118
2514.240184
2514.818867
2514.824684
2514.863268
2514.899599
2514.911273
2515.182223
2515.564462
2516.054057
2516.572570
2516.672020
2517.049672
2517.320335
2517.711012
2517.727560
2518.051635
2518.180536
2518.258156
2518.441738
2518.918472
2518.977372
2519.024927
2519.106847
2520.519803
2520.907612
2521.181757
2521.369887
2522.267566
2522.348093
2522.489324
2522.696253
2523.008696
2523.129610
2523.889951
2523.992228
2524.049981
2524.196741
2524.291727
2524.497306
2524.617523
2524.728648
2524.845507
2525.042688
2525.264118
2525.451059
2525.527900
2525.638083
2525.724918
2525.880975
2525.974897
2526.090895
2526.217011
2526.265426
2526.312980
2526.387282
2526.464246
2526.656963
2526.711767
2526.845379
2527.406612
2527.427707
2527.435366
2527.578931
2527.630213
2527.642870
2527.775007
2528.096133
2528.148480
2528.240968
2529.612923
2529.616855
2529.623122
2529.627791
2530.126561
2530.211635
2530.393580
2530.562335
2531.467182
2531.910328
2532.002693
2532.578509
2532.732600
2532.822712
2533.125898
2533.684388
2534.037668
2534.336471
2534.479626
2534.519767
2534.854902
2534.942228
2535.039508
2535.124664
2535.178281
2535.212933
2535.223501
2535.349371
2535.389020
2535.788831
2535.834952
2536.218501
2536.379269
2536.426660
2536.444559
2536.553062
2536.638792
2536.738038
2537.289892
2537.410109
2537.795953
2538.482811
2538.497147
2539.022991
2539.204731
2539.392614
2540.657336
2541.185597
2542.602732
2543.012004
2543.548580
2543.688663
2543.776072
2543.864136
2544.300851
2544.419144
2544.540959
2544.608870
2544.796180
2544.852582
2544.929014
2545.003397
2545.055949
2545.073725
2545.117962
2545.216225
2545.299538
2545.388216
2545.409106
2545.476444
2545.497170
2545.507041
2545.517609
2545.525023
2545.529201
2545.533706
2545.611039
2545.641431
2545.848443
2545.892147
2545.964032
2546.023137
2546.078351
2546.152366
2546.180383
2546.447073
2546.526577
2546.622710
2546.634547
2546.685665
2546.913280
2546.974106
2547.082732
2547.156951
2547.291423
2547.429212
2547.462513
2547.528622
2547.566305
2547.656950
2548.780810
2549.004616
2549.042340
2549.098086
2549.559828
2549.621309
2549.717197
2549.765898
2549.837414
2550.126961
2550.140682
2550.251438
2550.484378
2550.585016
2550.665667
2550.778225
2550.849823
2551.068795
2551.354491
2551.440097
2553.224397
2553.901179
2554.016236
2554.264166
2554.293617
2554.299269
2554.324582
2554.377421
2554.386391
2554.440540
2554.515988
2554.582057
2554.636984
2554.657300
2554.730209
2554.750239
2554.758799
2554.851123
2554.968064
2555.001446
2555.260805
2555.334943
2557.773742
2558.977761
2560.328417
2561.890918
2567.590298
2568.092508
2568.653292
2569.594552
2569.932063
2570.025370
2573.761372
2573.830799
2574.038344
2574.208123
2577.126359
2577.216225
2577.546813
2578.316575
2578.567905
2578.667520
2578.731131
2578.845450
2578.862817
2578.897510
2578.987663
2579.102433
2579.602022
2579.781018
2580.769874
2582.139290
2582.249882
2582.891725
2583.470940
2584.560845
2584.802058
2584.991007
2585.789645
2586.295460
2586.459914
2586.735165
2587.132600
2587.269939
2587.730534
2588.154143
2588.208988
2588.269486
2588.297093
2588.346614
2588.435538
2588.482273
2588.530606
2588.759081
2589.969859
2590.047396
2590.145331
2590.190428
2590.563082
2590.592164
2590.680392
2590.743757
2590.990459
2591.133532
2591.194481
2591.357624
2591.652168
2592.236790
2593.073029
2593.258619
2593.535181
2593.690378
2593.931346
2594.147492
2595.111608
2595.445473
2595.749437
2596.016251
2596.736860
2596.769382
2596.790927
2596.909138
2597.041398
2597.291622
2597.302272
2597.309686
2597.334057
2597.349786
2597.395661
2597.403976
2597.412700
2597.438300
2597.728543
2597.743084
2597.759795
2597.767127
2597.772616
2597.777080
2597.789860
2597.792809
2597.800182
2597.814436
2597.819392
2597.825331
2597.849047
2597.857690
2597.866660
2597.873787
2597.885501
2598.166200
2598.172754
2598.188155
2598.192497
2598.197740
2598.217196
2598.223790
2598.315254
2598.498959
2598.672466
2598.791741
2598.837207
2598.918799
2598.965821
2599.066460
2599.094354
2599.140639
2599.441654
2599.491912
2599.519068
2599.588782
2599.904748
2600.010179
2600.086569
2600.159191
2600.234803
2600.297595
2600.465940
2600.839332
2600.863580
2600.875704
2600.901714
2600.973640
2601.120932
2601.292268
2601.404252
2601.444024
2601.479373
2601.497313
2601.509151
2601.564611
2601.577800
2601.612124
2601.653740
2601.697772
2601.733816
2601.781289
2601.845924
2601.870459
2602.073702
2602.272973
2602.438451
2602.621870
2602.642964
2602.675610
2602.718945
2602.826383
2602.870170
2602.971628
2603.226563
2603.347599
2603.408630
2603.472527
2603.932385
2604.224512
2604.298035
2604.495585
2604.657664
2604.776366
2604.795044
2604.990218
2605.650207
2605.927055
2606.135542
2606.319780
2606.794547
2606.885724
2607.007662
2607.172444
2607.353078
2607.466127
2607.540142
2607.613501
2607.665398
2607.769231
2607.953306
2608.011059
2608.104653
2608.373596
2608.551895
2608.678298
2608.795812
2608.872079
2608.947855
2609.341727
2609.645609
2609.939046
2610.186035
2610.293678
2610.384159
2610.512855
2611.031163
2611.434168
2611.522642
2611.593544
2611.666330
2611.711590
2611.751690
2611.839508
2612.051558
2612.103782
2612.274135
2612.377764
2612.441457
2612.718920
2612.824064
2613.103084
2613.194588
2613.378376
2613.500436
2613.704458
2613.963448
2614.224364
2614.334669
2614.454518
2614.631424
2615.081124
2615.141908
2615.244923
2615.793869
2615.918223
2616.268677
2616.328765
2616.412283
2616.914289
2617.109340
2617.664963
2617.720340
2618.128998
2618.143744
2618.166682
2618.179912
2618.220257
2618.243113
2618.350879
2618.410353
2618.512261
2618.607657
2618.755154
2618.794762
2618.847887
2618.897859
2618.949837
2619.016847
2619.047240
2619.090371
2619.167703
2619.216527
2619.222671
2619.320156
2619.384791
2619.599913
2619.893924
2620.182282
2620.240404
2620.304138
2620.663849
2621.536870
2621.736591
2621.985874
2622.010450
2622.057677
2622.073692
2622.212751
2622.433976
2622.697554
2622.900879
2623.054234
2623.385027
2623.597281
2623.779185
2623.884411
2624.037437
2624.158556
2624.239084
2624.309862
2624.727941
2624.854344
2624.972636
2625.173586
2625.250222
2626.180260
2626.324234
2626.539438
2626.753905
2627.077734
2627.215606
2627.318866
2627.632620
2627.826729
2627.960504
2628.315505
2628.425605
2628.472300
2628.528251
2628.597268
2628.871332
2629.144453
2629.522227
2629.631058
2629.970125
2630.093087
2630.173409
2630.570148
2630.652887
2630.722519
2630.841303
2631.173366
2632.016445
2632.322867
2632.665825
2632.775803
2633.481257
2633.566331
2633.931366
2634.321715
2634.756260
2635.118592
2635.303526
2635.316388
2635.348828
2635.375329
2635.388436
2635.415757
2635.455693
2635.519877
2635.586724
2635.657708
2635.833467
2636.123791
2636.177367
2636.207514
2636.240404
2636.304179
2636.311675
2636.380488
2636.414894
2636.642181
2636.743148
2636.921733
2637.095567
2637.172613
2637.328998
2637.494395
2637.558989
2637.627310
2637.946839
2637.955891
2637.968384
2637.987676
2638.070743
2638.092247
2638.137180
2638.312940
2638.679163
2638.723645
2638.790205
2638.819860
2638.962565
2639.031132
2639.187231
2639.261164
2639.341240
2639.567790
2639.630295
2639.853117
2639.986442
2640.009339
2640.076145
2640.134144
2640.604447
2640.805069
2640.939786
2641.126646
2641.370317
2641.543905
2641.630372
2642.178785
2642.317271
2642.716385
2642.734490
2642.745672
2642.751324
2642.758246
2642.780078
2642.803917
2642.839224
2642.859254
2642.864087
2642.884690
2642.927370
2642.955387
2643.076178
2643.107144
2643.152200
2643.246776
2643.322552
2643.390382
2643.464520
2643.540500
2643.606733
2643.653714
2643.665428
2643.673088
2643.714335
2643.806372
2643.851878
2643.882885
2643.923517
2644.022477
2644.065935
2644.123566
2644.321812
2644.357161
2644.392346
2644.472259
2644.482130
2644.525507
2644.535050
2644.623114
2644.823654
2644.895334
2644.952924
2644.995482
2645.148344
2645.182013
2645.453619
2645.520794
2645.913641
2646.008259
2646.065971
2646.143508
2646.248161
2646.488801
2646.934159
2647.079772
2647.198556
2647.271547
2647.387013
2647.620731
2647.686021
2647.720796
2647.762698
2647.850107
2647.898317
2648.051630
2648.530452
2648.600248
2648.762245
2648.848835
2649.062072
2649.158124
2649.240699
2649.345516
2649.378447
2649.462088
2649.529672
2649.627075
2649.782067
2650.017546
2650.058015
2650.102456
2650.164552
2650.193183
2650.316227
2650.323599
2650.529260
2650.572636
2650.615071
2650.650378
2650.707599
2650.720952
2650.786284
2650.912522
2650.922312
2650.930299
2650.934231
2650.945454
2650.999890
2651.041014
2651.064975
2651.120722
2651.190395
2651.233239
2651.277271
2651.294925
2651.310449
2651.326218
2651.482481
2651.621458
2651.705508
2651.816714
2651.853414
2651.870700
2651.887206
2651.995259
2652.324495
2652.490916
2652.556739
2652.785336
2652.871557
2652.950569
2653.017907
2653.135299
2653.359104
2653.450732
2653.526344
2653.743759
2653.957980
2654.723318
2654.849884
2655.193989
2655.249531
2655.330140
2655.467561
2655.565947
2655.624643
2655.983657
2656.230605
2656.262758
2656.339517
2656.737403
2657.084006
2657.145487
2657.203937
2657.286226
2657.357660
2657.453015
2657.560945
2657.589002
2657.658266
2657.725686
2657.913569
2658.064179
2658.279547
2658.493891
2658.628977
2658.705408
2658.794373
2658.855281
2658.919301
2659.001631
2659.151503
2659.270984
2659.356467
2659.394437
2660.063478
2660.169851
2660.229857
2660.360192
2660.505518
2660.537180
2660.591493
2660.628972
2660.746158
2660.826685
2660.905411
2660.960993
2660.983316
2661.039923
2661.118730
2661.142364
2661.151826
2661.157233
2661.166244
2661.172183
2661.178491
2661.190820
2661.197988
2661.208105
2661.216502
2661.486100
2661.532467
2661.565891
2661.651128
2661.699338
2661.765898
2661.808701
2661.825536
2661.914952
2661.946900
2661.993226
2662.002852
2662.211871
2662.263439
2662.328812
2662.382674
2662.399795
2662.424084
2662.430720
2662.437724
2662.443131
2662.730301
2662.996378
2663.060439
2663.100744
2663.140639
2663.183401
2663.224156
2663.299850
2663.345111
2663.431578
2663.527711
2663.687782
2663.840932
2664.032133
2664.133796
2664.402985
2664.509317
2664.636785
2664.804925
2664.854938
2665.086034
2665.224028
2665.324052
2665.406710
2665.468355
2665.676104
2665.759621
2665.814753
2666.063626
2666.150011
2666.298286
2666.410803
2666.794885
2666.886021
2667.070505
2667.271537
2667.339366
2667.625513
2667.808481
2667.905024
2668.149760
2668.405555
2668.511928
2668.586230
2668.674785
2669.308477
2669.434020
2669.638369
2669.687112
2669.818143
2669.868892
2669.992182
2670.114038
2670.157251
2670.209516
2670.347469
2670.409974
2670.450647
2670.492099
2670.514872
2670.552883
2670.599209
2670.624809
2670.680064
2670.738227
2670.784266
2670.823834
2670.938071
2671.020769
2671.305400
2671.423078
2671.579832
2671.714714
2671.909765
2672.024945
2672.092652
2672.474767
2672.615997
2672.689152
2673.065656
2673.122755
2673.257390
2673.486479
2673.819812
2674.294333
2674.418770
2674.901279
2676.206223
2676.314358
2676.716503
2676.998308
2677.093622
2677.237309
2677.346632
2677.394719
2677.411963
2677.440840
2677.506908
2677.527716
2677.541765
2677.582275
2677.594685
2677.666243
2677.706301
2677.742428
2677.804155
2677.886280
2677.973893
2678.058762
2678.247014
2678.353388
2678.416015
2678.446776
2678.756270
2679.081001
2679.136215
2679.209738
2679.292273
2679.413309
2679.562854
2679.878943
2680.027750
2680.089600
2680.193597
2680.358789
2680.531395
2680.782234
2680.895775
2681.010586
2681.414451
2681.608765
2681.701868
2681.792635
2682.236887
2682.366157
2682.559283
2682.721116
2683.063910
2683.287716
2683.393393
2683.523891
2683.891917
2684.040397
2684.404081
2684.407972
2684.422185
2684.442378
2684.521554
2684.576727
2684.696084
2684.858245
2684.910797
2684.977439
2684.991201
2685.003940
2685.053747
2685.135012
2685.179290
2685.196083
2685.227622
2685.390971
2685.467853
2685.485056
2685.489807
2685.495910
2685.507011
2685.577503
2685.631488
2685.697843
2685.761577
2685.820682
2685.881467
2686.227538
2686.316134
2686.403871
2686.466294
2686.628454
2686.686577
2687.088640
2687.138980
2687.220367
2687.382610
2687.824773
2687.972557
2688.247685
2688.794501
2688.920822
2689.068442
2689.152041
2689.643889
2689.742070
2689.813299
2689.862533
2689.915781
2690.073436
2690.175304
2690.251694
2690.313462
2690.372035
2690.478203
2690.580849
2690.879283
2690.950881
2691.009905
2691.145196
2691.329147
2691.372687
2691.493888
2691.665879
2692.166246
2692.298875
2692.604764
2692.679270
2692.731576
2693.319229
2693.446410
2693.524029
2693.664236
2693.905162
2694.086246
2694.359122
2694.429819
2694.634250
2695.146086
2695.230751
2695.408804
2695.849042
2695.973519
2696.035000
2696.932925
2697.778135
2698.199245
2698.454180
2698.815734
2699.135549
2699.207598
2699.597619
2699.717632
2699.802706
2699.952210
2700.283372
2700.659466
2701.253386
2701.411615
2701.457818
2701.661798
2701.862093
2701.889700
2701.942497
2701.989110
2702.115185
2702.196367
2702.306386
2702.463427
2702.537155
2702.837514
2703.248179
2703.315640
2703.541453
2703.763415
2703.985623
2704.148808
2704.748339
2704.945029
2705.110835
2705.578066
2705.944699
2706.220360
2706.380227
2706.431877
2706.477957
2706.514452
2706.563482
2706.596495
2706.635653
2706.680504
2706.725560
2706.775777
2706.805187
2706.816655
2706.945024
2707.016335
2707.098911
2707.166536
2707.236823
2707.290563
2707.319071
2707.406766
2707.447521
2707.463414
2707.539067
2707.634094
2707.674604
2707.684352
2707.689554
2707.712410
2707.897098
2707.954688
2708.063232
2708.133356
2708.148470
2708.173210
2708.392468
2708.432364
2708.477952
2708.524524
2708.605051
2708.649943
2708.708721
2708.786872
2708.880507
2708.908073
2708.923269
2708.947149
2708.972872
2708.984054
2708.991263
2709.018296
2709.057946
2709.095137
2709.177180
2709.419459
2709.433508
2709.456650
2709.465129
2709.481964
2709.512847
2709.518213
2709.522719
2709.536604
2709.541478
2709.550940
2709.559009
2709.570970
2709.585428
2709.616845
2709.625283
2709.633065
2709.663212
2709.676278
2709.690122
2709.719491
2709.733990
2709.741691
2709.752791
2709.853962
2709.909873
2710.055281
2710.113690
2710.285230
2710.320701
2710.407905
2710.513050
2710.530785
2710.580388
2710.591078
2710.616474
2710.711747
2710.755410
2710.779945
2710.863790
2710.898442
2710.919496
2710.953452
2710.962422
2710.965944
2710.977946
2711.166034
2711.237140
2711.376773
2711.914332
2712.064082
2712.257536
2712.503583
2712.570020
2713.003459
2713.430999
2714.029220
2714.117898
2714.396508
2714.541261
2714.651607
2714.791035
2715.274813
2715.324006
2715.463557
2715.677041
2715.860910
2716.142428
2716.753510
2717.549650
2718.006313
2718.043996
2718.726349
2719.381996
2719.557509
2720.065782
2721.277583
2721.565655
2722.026291
2722.278236
2723.389112
2723.487089
2723.499008
2723.526533
2723.563397
2723.617178
2723.704627
2723.830088
2723.873055
2723.989176
2724.193935
2724.250419
2724.330004
2724.405576
2724.569825
2725.095670
2725.237432
2725.346755
2726.164193
2726.603899
2726.611190
2726.958981
2727.864689
2729.335890
2729.493627
2729.638625
2729.738158
2729.808282
2730.108641
2732.085658
2732.293202
2732.309053
2732.316877
2732.319662
2732.352922
2732.358451
2732.364800
2732.380979
2732.388393
2732.652831
2732.869550
2733.235528
2733.337559
2735.260672
2736.323789
2736.360776
2736.836403
2737.039442
2737.118331
2737.167319
2737.212416
2737.225687
2737.305559
2737.667973
2737.745224
2737.892721
2737.899766
2737.987871
2738.071634
2738.125947
2738.197750
2738.867732
2739.484467
2739.528622
2739.576177
2739.593134
2739.599401
2739.603743
2739.617464
2739.620946
2739.704177
2739.859743
2740.192543
2740.354294
2740.427858
2740.489912
2740.585554
2740.692500
2740.845486
2741.553070
2742.276260
2742.829957
2743.091282
2743.595868
2743.778877
2743.919370
2744.059044
2744.156529
2744.241357
2744.397660
2744.438415
2744.509153
2744.921129
2745.174794
2745.296650
2745.362842
2745.715999
2746.325402
2746.591928
2746.745569
2746.805535
2746.871235
2746.885120
2746.926367
2746.933207
2747.017175
2747.304755
2747.776942
2747.986657
2748.042117
2748.485673
2748.497633
2748.503777
2748.540887
2748.573573
2748.582912
2748.643942
2749.259162
2749.304668
2749.958922
2750.001193
2750.412677
2750.460150
2751.050015
2751.144059
2751.234744
2751.330632
2751.401124
2751.587942
2751.787500
2752.076104
2752.183173
2752.388178
2752.627261
2753.270211
2753.412956
2754.479145
2754.575155
2755.146342
2755.231252
2755.310019
2755.522519
2755.888497
2756.169114
2756.304978
2756.533617
2756.653015
2757.329551
2758.121759
2758.199828
2758.547702
2758.582231
2758.631711
2758.644163
2759.073178
2759.132406
2759.146250
2759.200154
2759.225836
2759.456276
2759.704863
2759.852524
2759.932600
2760.045527
2760.076288
2760.186511
2761.320817
2761.751265
2762.895483
2762.984694
2763.599340
2763.699405
2764.299469
2764.337234
2764.374712
2764.473917
2764.568781
2764.738109
2765.573898
2765.913743
2767.683420
2768.531620
2768.699269
2769.028588
2769.900667
2769.952440
2770.579579
2770.775613
2771.060777
2771.591823
2771.762708
2771.784417
2771.797975
2771.808502
2771.858186
2771.904430
2772.300472
2772.531978
2772.669481
2772.700488
2772.863017
2773.329019
2773.770936
2774.364078
2774.494290
2775.424492
2775.582638
2776.047165
2776.140186
2776.239677
2776.981340
2777.137029
2777.281536
2777.503949
2777.532826
2777.680118
2777.870008
2777.934930
2778.018079
2778.069484
2778.203955
2778.446725
2778.672906
2779.068948
2779.159593
2779.341742
2779.544822
2779.639521
2779.769078
2780.302705
2780.378890
2781.978829
2782.216561
2782.303846
2782.630134
2782.784840
2783.078195
2783.172854
2783.246172
2783.584338
2783.761736
2783.963095
2784.004301
2784.182313
2784.278692
2784.621732
2784.664617
2784.896942
2785.038787
2785.150730
2785.291796
2785.628447
2785.925530
2786.353234
2786.421842
2786.835456
2786.998600
2787.284091
2787.674071
2787.782943
2788.298834
2788.740506
2788.984381
2789.005230
2789.446533
2789.496873
2789.537751
2789.722194
2789.981635
2790.129705
2790.181356
2790.230098
2790.347571
2790.415483
2790.495887
2790.743777
2790.785393
2790.842163
2790.900285
2790.955991
2790.978601
2791.410278
2791.798456
2791.879229
2791.911301
2792.364073
2792.541471
2792.597299
2792.891638
2792.966226
2793.166971
2793.613189
2793.709404
2793.752740
2794.249748
2794.370130
2794.513736
2794.631905
2795.060470
2795.160289
2795.547156
2795.646157
2795.914322
2795.945329
2796.023194
2796.088156
2796.124897
2796.197806
2796.235407
2796.440207
2796.500582
2796.563251
2796.606833
2796.674171
2796.703048
2796.752077
2796.802662
2796.854108
2796.924232
2797.007217
2797.143204
2797.215744
2797.449216
2797.651436
2797.962281
2798.716477
2798.821212
2798.963057
2799.086715
2799.208325
2799.365325
2799.560827
2799.619400
2799.642665
2800.198820
2800.477020
2800.742359
2800.986685
2801.064428
2801.166131
2801.394237
2801.576305
2801.651098
2801.816699
2801.852211
2801.987092
2802.729247
2802.941501
2803.102188
2803.584778
2803.791544
2804.667556
2804.744888
2804.812554
2804.949115
2805.130527
2805.635604
2805.706752
2806.030336
2806.123643
2806.166487
2806.247014
2806.335734
2806.809231
2807.235256
2807.291208
2807.500800
2807.765402
2807.879803
2807.927849
2808.026890
2808.127775
2808.464097
2808.523080
2808.772444
2808.902533
2809.032663
2809.170289
2809.200148
2809.686794
2809.887949
2810.667008
2810.944348
2811.034173
2811.202314
2811.518853
2811.622973
2811.692687
2811.832975
2811.909489
2812.094095
2812.159795
2812.938977
2813.178511
2813.257933
2814.382121
2814.562632
2815.601746
2816.163512
2816.657326
2816.862085
2817.682883
2817.819689
2818.286469
2818.449859
2818.901688
2819.112550
2819.273933
2819.407053
2820.359496
2820.484342
2820.746035
2820.924662
2821.149409
2821.454356
2821.514568
2821.549343
2821.601075
2821.651538
2821.769339
2821.824963
2821.909791
2821.977088
2822.428017
2822.740910
