47.620055
47.915418
47.951053
49.100718
49.106371
49.109156
49.132093
49.356800
50.550170
50.747843
50.939535
50.963251
51.112387
51.163382
52.348887
54.148178
54.152479
54.157025
54.337987
54.388326
55.040246
55.496868
55.516242
55.521608
55.740252
55.756022
55.759954
55.771587
55.844659
55.868375
55.893238
56.101233
56.171725
56.249590
56.341955
56.389304
56.453161
56.468111
56.489083
56.497152
56.523776
56.546017
56.551342
56.668201
56.756347
56.789524
56.821473
57.067561
57.339249
57.460408
58.406625
59.737457
59.982602
59.991572
60.109455
60.164178
60.218286
60.265513
60.429885
60.437627
60.442419
60.794511
60.902482
61.454664
62.150451
62.560297
62.570783
62.748713
62.902190
63.432786
63.448596
63.482307
63.552676
63.648113
63.812116
63.939584
63.963668
63.969976
63.973089
64.106865
64.611779
64.866181
65.013719
65.087857
65.283113
65.539031
65.615380
65.761116
66.300273
66.704876
66.723267
67.200860
67.216302
67.307028
67.316777
67.422167
67.480822
67.488809
67.493069
67.761766
67.847332
67.851960
67.966198
68.224901
68.326973
68.427203
68.774748
68.821238
69.238702
69.500559
69.665628
69.861949
69.866906
69.869445
69.880545
69.929411
69.945508
69.962015
69.965169
69.968527
69.979587
69.994414
70.005432
70.445834
70.520914
70.583337
70.588457
70.599967
70.605824
70.897418
71.014769
71.128965
71.291372
71.298499
71.399301
71.449190
71.560438
71.650304
71.747256
71.824548
71.912325
71.923425
71.927972
72.039465
72.050852
72.094515
72.135557
72.367677
72.425062
72.433541
72.460861
72.466104
74.007470
74.015457
74.022298
74.071736
74.104873
74.821550
75.005747
75.236966
75.458396
75.853251
75.861033
75.959747
76.076769
76.514918
76.543836
76.826132
76.832809
76.836823
76.902973
77.127025
77.137551
77.154714
77.261087
77.337108
77.421650
77.492675
77.558825
77.568123
77.602775
77.901292
77.911654
77.976576
78.016061
78.315028
78.329815
78.353900
78.367703
78.374175
78.412800
78.424105
78.432051
78.718935
79.464653
79.492792
79.530435
79.565742
79.726838
79.905382
80.004506
80.041492
80.146883
80.276726
80.954941
80.969482
80.974807
80.978084
81.093796
81.115587
81.128079
81.151427
81.211310
81.296261
81.315635
81.322435
81.332552
81.338696
81.357619
81.363190
81.382973
81.388954
81.400873
81.409884
81.419100
81.572209
81.689723
81.772380
81.835295
81.964155
82.282824
82.366792
82.374820
82.378342
82.381906
82.492252
82.505482
82.529853
82.573558
82.579948
82.592727
82.625987
82.655355
82.700616
82.719457
82.726298
82.735882
82.746860
82.771968
82.784788
82.790769
82.965668
83.025019
83.112755
83.119022
83.127009
83.190661
83.225190
83.245507
83.284460
83.296215
83.365396
83.435028
83.471974
83.599073
83.612221
83.740262
83.798753
83.811123
83.814973
83.822510
83.892019
83.945677
83.951043
84.282286
84.368138
84.390707
84.394148
84.447601
84.471071
84.475535
84.483523
84.488192
84.494950
84.555080
84.566630
85.309235
85.442642
85.555732
85.565972
85.968978
86.462956
87.024804
87.337001
87.339581
87.343186
87.699415
88.049172
88.357642
88.401469
88.461107
88.482570
88.491909
88.601354
88.614298
88.694047
88.713626
88.770806
88.829501
88.845722
89.210184
89.293169
89.368453
89.375048
89.379676
89.799762
89.826345
89.838756
90.010624
90.049495
90.072637
90.114130
90.131579
90.190111
90.198426
90.342646
90.351780
90.514964
90.639524
90.765844
90.954260
91.083940
91.146363
91.249623
91.260600
91.301315
91.568292
92.260024
92.265431
92.676628
92.723610
92.761293
92.771697
92.776776
92.872622
92.882043
92.888842
92.914115
93.045883
93.065667
93.076726
93.098066
93.132923
93.137306
93.183672
93.191987
93.250478
93.255107
93.259653
93.293732
93.298606
93.307372
93.321912
93.330842
93.340058
93.458514
93.476864
93.585981
93.661798
93.909688
93.982761
94.167409
94.364180
94.477763
94.515364
94.581555
94.800650
94.821745
94.846362
94.854799
94.861066
95.192596
95.218852
95.378883
95.433318
95.520727
95.557960
95.569510
95.872328
95.958262
96.071926
96.223969
96.241213
96.247235
96.251003
96.263455
96.446669
96.603668
96.755220
96.890429
97.066435
97.264271
97.560330
97.787740
97.944084
98.006999
98.183455
98.423562
98.587402
98.629878
98.883420
99.021988
99.298836
99.403940
99.557253
99.767296
99.773563
100.084572
100.217856
100.538245
100.625162
100.707656
100.711178
101.060567
101.168620
101.215724
101.281669
101.365678
101.431951
101.504082
101.669560
101.791007
102.104556
102.238700
103.733903
104.306278
104.607252
104.653537
104.814060
105.299149
105.445499
105.621627
105.625354
105.701417
105.724150
105.739592
105.748439
105.773056
105.781535
105.786900
105.800704
105.805701
105.810780
105.815654
105.896591
105.935462
105.994199
106.104832
106.273014
106.309018
106.336256
106.348503
106.351657
106.380698
106.384097
106.392207
106.399785
106.411131
106.443899
106.667049
106.846003
106.939638
106.970808
107.007058
107.052933
107.106591
107.327939
107.394908
107.411907
107.500626
107.599340
107.998822
108.079514
108.105318
108.186993
108.475597
108.542812
108.548628
108.556493
108.660408
108.758344
108.821340
108.826501
108.830474
109.017006
109.028393
109.031793
109.036380
109.139599
109.167165
109.363118
110.026834
110.034452
110.293975
110.602772
110.771610
111.302492
111.724093
111.803433
111.830508
111.933276
112.063037
112.619848
112.693002
112.758825
112.898376
112.943677
112.961536
112.965714
113.003315
113.013965
113.089331
113.153720
113.259848
113.570570
113.669530
113.697956
113.703199
113.706762
113.714463
113.722327
113.738056
113.742520
113.750712
113.756242
113.766851
113.778975
113.794703
113.799619
113.807114
113.818952
113.849754
113.854956
114.227610
114.749153
114.864660
114.985697
115.054592
115.223634
115.305103
115.336397
115.353354
115.472343
115.509289
115.535954
115.574415
115.578388
115.586499
115.684106
115.694182
116.104069
116.244111
116.306780
116.325171
116.597023
116.625940
116.751933
117.004780
117.092188
117.341225
117.439488
117.530829
117.706342
117.728338
117.840200
117.933998
117.946778
117.980324
118.275768
118.302679
118.346301
118.374769
118.380995
118.383903
118.561137
118.662676
118.774456
118.869647
119.011615
119.092101
119.248937
119.410115
119.455949
119.460332
119.465083
119.945175
120.114872
120.206213
120.226529
120.282563
120.323072
120.377754
120.386806
120.487608
120.777482
120.809431
120.986501
121.201664
121.248727
121.317949
121.339781
121.400975
121.530614
121.552445
121.587548
121.590170
121.598239
122.232340
122.330030
122.357187
122.384753
122.481213
122.493952
122.497434
122.703094
122.828882
122.899005
123.006689
123.152343
123.258429
123.320771
123.338424
123.343831
123.365335
123.408384
123.417887
123.434803
123.446149
123.457413
123.831460
123.903631
124.435743
124.485878
124.884296
124.985508
125.021184
125.254943
125.615636
125.620060
125.729423
125.778657
125.918781
126.501683
126.863114
127.016018
127.161098
127.213855
127.298068
127.550505
127.563817
127.567012
127.808922
127.848817
127.982469
127.989105
127.993610
128.033137
128.040509
128.226468
128.649667
128.749486
129.353400
129.466696
129.886331
129.980416
130.300682
130.410414
131.912622
131.954278
131.959398
131.962429
131.973898
132.026245
132.041196
132.058235
132.076052
132.082852
132.100751
132.326072
132.378501
132.713431
132.835164
132.862976
132.923638
132.930028
133.074084
133.145354
133.294326
133.391073
133.539635
133.797888
133.885338
133.889597
134.263849
134.596731
134.803988
135.313654
135.604265
135.828398
135.911956
136.596726
137.602130
137.890161
138.072146
138.249421
138.397696
138.468884
139.516805
139.614495
139.734589
139.763958
139.785298
139.788780
139.795333
139.835064
140.237414
140.286362
140.425421
140.761088
141.179576
141.249372
141.385523
141.536420
141.593149
141.714883
141.986816
141.999841
142.071030
142.149059
142.220288
142.378025
142.526710
142.622761
142.985626
143.016018
143.075410
143.093309
143.100436
143.108055
143.135007
143.193948
143.413207
143.473295
143.928525
143.946998
144.222126
144.359260
144.383959
144.519127
144.664084
144.793846
144.821862
144.915825
144.924713
144.976364
144.998728
145.004995
145.094369
145.147003
145.254195
145.383997
145.430733
145.577615
146.070815
146.179400
146.185871
146.819727
146.932736
147.031286
147.132457
147.267912
147.286548
147.361669
147.658015
147.838362
147.845734
148.546642
148.664320
148.681441
148.883620
150.097060
150.432154
150.681395
151.733494
151.738737
151.774495
151.782973
151.911424
153.329500
153.432351
153.519186
153.836298
153.917891
154.103357
154.597868
154.910966
155.058053
155.670692
155.998413
156.483420
156.526428
156.737782
157.289349
157.305610
157.309870
157.819003
157.899940
158.471496
158.645125
158.993244
159.043625
159.104000
159.213117
159.585239
159.729009
160.762266
160.818954
160.823378
160.965591
161.490575
162.583060
162.593423
162.710200
162.884035
163.161252
163.908157
163.918684
163.921592
163.924132
164.492534
164.499579
164.634911
165.006336
165.045166
165.054095
165.186601
165.191352
165.471355
165.564539
166.860759
167.948984
168.441856
169.154765
169.331630
169.580503
170.074767
170.152305
170.568868
170.711818
170.795622
171.395891
171.828593
171.862958
172.008161
172.102902
172.185027
172.608512
172.622930
176.482509
176.891699
178.018836
178.175877
178.330952
178.365071
178.658099
179.273564
179.278438
179.281347
179.382764
179.447644
179.525222
179.557827
179.605135
179.653181
179.656991
179.660472
179.664814
180.531978
180.596654
180.662968
181.444690
181.656003
182.093578
185.042493
185.100534
185.106555
185.640755
186.247987
186.480394
187.073618
188.680888
189.004186
190.985134
191.048540
192.694026
192.751411
192.820756
193.285652
193.311908
193.322066
193.339884
193.839268
193.905213
195.313336
195.321405
195.427082
195.453460
195.536364
195.953418
196.012073
196.036321
196.039844
196.043325
196.047913
196.461937
196.534190
196.565606
196.582482
196.818821
197.037056
197.065769
197.254144
197.442847
198.168986
198.207242
205.826458
209.408328
210.456371
211.655967
224.180347
224.184648
224.186982
224.192143
225.995653
228.060037
230.965002
234.970563
234.982400
234.986496
235.778335
236.088156
236.273541
237.138371
239.810068
239.917752
239.933932
239.937618
240.000287
240.011674
240.326451
241.744323
241.751245
241.754563
241.757716
241.762591
242.016625
242.535014
243.144335
243.158385
244.683735
244.691436
244.694589
244.698726
245.845852
246.703514
246.800753
246.903521
247.547453
250.008166
250.327777
253.349478
255.610757
255.650120
256.188785
256.755835
257.035469
257.383547
260.050780
268.711936
270.795284
270.806958
270.812938
271.365448
271.373066
271.530803
271.773655
271.947407
272.964567
273.222738
273.745592
273.754604
273.759969
273.762918
274.859377
275.011338
275.017073
276.069376
276.177142
276.662927
277.031076
277.107016
277.468979
277.672960
279.155999
279.302513
280.242217
280.743444
283.330888
284.006605
284.618424
284.812534
285.650125
286.013727
287.556813
288.165519
288.439296
288.497951
288.642540
288.719135
289.360814
289.803223
290.595963
291.225887
293.031813
293.233500
293.237924
293.493023
294.709125
295.615570
296.875377
297.699041
297.740329
306.036326
307.799572
307.869327
307.876946
308.094730
308.204831
310.883492
314.879959
314.886799
314.890281
316.727214
316.730450
316.735734
316.831744
316.945777
317.018972
317.024829
317.027533
317.030687
317.034619
317.039206
317.351158
317.374136
317.385196
317.427425
317.480673
317.509714
317.563085
318.413292
318.524129
319.312241
319.324733
319.329075
319.452856
319.533834
319.962604
320.216433
320.299336
320.417833
320.433930
320.513720
320.600515
320.646881
320.664576
320.677806
320.683295
320.693248
320.698327
320.831365
320.929137
321.249321
321.343898
321.396490
321.774551
321.939415
322.089574
322.178417
322.580767
322.660844
322.867282
322.971402
323.632660
323.726418
323.782287
323.823002
324.164567
324.382433
324.443709
324.568637
324.636549
324.655227
325.130076
325.338153
325.626348
325.935432
325.938012
326.036070
326.180618
326.201672
326.250373
326.538772
326.581658
326.624256
326.744105
326.762291
326.781174
326.786253
326.794199
326.906634
327.003423
327.009567
327.076782
327.106150
327.114015
327.117988
327.140639
327.831798
327.951852
328.056545
328.160461
328.240742
328.313446
328.322499
328.325939
328.389591
328.410153
328.470651
328.501002
328.563302
328.584192
328.609300
328.626463
328.644321
328.823030
328.849613
328.946934
328.957501
329.753108
329.771418
329.984819
330.093363
330.120643
330.163855
330.217513
330.328637
331.288617
332.123791
332.520325
332.660449
332.839117
333.074104
333.078692
333.148283
333.199647
333.373276
333.620183
333.639762
333.713777
333.835223
334.183219
334.245847
334.344069
334.536745
334.562673
334.569144
334.639841
334.719754
334.725775
334.788321
335.438070
335.443681
335.447900
335.503073
335.798641
335.813468
336.393298
336.431718
336.528466
336.643686
336.738591
337.011139
337.254482
337.791345
338.468618
338.476974
338.481070
338.486067
338.801091
339.230106
339.606938
339.758080
339.779953
339.870720
340.053811
340.398121
340.411843
341.391073
341.692375
342.022758
342.132736
342.177710
342.303334
342.529843
344.042824
344.941240
345.011651
345.137357
345.837937
346.350510
347.163894
347.456881
347.657339
347.885363
348.142920
348.404736
348.437135
348.494602
348.541665
348.833341
349.343826
349.422305
351.027200
354.024489
356.412785
365.396009
387.205857
391.201915
393.001165
404.065075
412.686664
416.925409
416.984187
417.576387
417.579868
418.190623
418.503926
418.642493
419.419505
420.703314
420.849869
420.902502
420.906435
421.031690
421.126267
421.203190
421.269545
421.341307
421.398692
421.530993
421.588746
421.885952
422.160589
422.189998
422.285885
422.355681
422.381445
422.503997
422.518333
422.646252
422.745661
422.992732
425.650831
425.734185
426.169672
426.843218
426.979000
427.116462
428.435210
428.654551
429.305856
429.482721
429.688300
429.853860
430.100644
430.781850
430.843085
433.453220
433.913283
434.249277
434.260296
434.462966
434.701804
435.306209
436.317635
437.193892
437.805875
437.880381
438.059459
438.095503
438.439158
443.694694
445.338706
448.740884
448.749117
448.752804
448.859505
458.495795
459.767562
464.113828
464.183583
466.364047
466.791342
467.516621
468.689920
472.486216
472.490435
472.495841
472.758845
472.937308
472.946565
472.951890
472.955453
473.021604
473.025044
473.027994
473.032253
473.339781
473.675940
474.554860
474.803487
474.877338
474.945167
477.653729
477.783982
477.787709
477.794386
477.985423
478.180844
478.428856
480.659988
480.902308
481.323704
481.489961
481.556439
481.562296
481.565245
482.093834
482.437366
482.629386
483.342295
483.349094
483.351470
483.501793
483.619553
483.940762
484.479918
484.791501
484.885832
484.891607
484.901601
484.906762
484.911432
484.984668
485.083341
485.182956
485.202985
485.669847
485.854454
485.912125
487.032709
487.071539
487.087596
487.093617
487.123681
487.129907
487.137198
487.147561
487.308575
487.348961
487.593001
487.650427
487.682785
487.702077
487.713669
487.716536
487.719444
487.750451
487.794196
488.080056
488.218870
488.277074
488.600003
488.652104
488.719401
488.819343
488.850514
488.930673
488.980152
488.988058
489.125110
489.236111
490.123837
490.387210
490.619781
490.650542
490.683433
490.775142
490.825359
490.893558
490.928169
490.941194
490.969825
490.986455
491.001078
491.010867
491.018732
491.023892
491.066368
491.099218
491.160044
491.358331
491.432960
491.595366
491.645092
491.653571
491.659715
491.662828
491.761418
491.845018
492.284109
492.378399
492.462408
492.905226
492.974694
493.096919
493.147546
493.267558
493.331087
493.770056
493.890765
493.949911
494.244086
494.315520
494.391378
494.470758
494.591508
494.646845
494.656553
495.036129
495.141028
495.309537
495.391375
495.667528
495.994757
497.129554
497.567580
497.714504
498.165883
498.407465
498.519040
498.830991
499.252388
499.619717
499.778847
500.057661
500.148879
500.155720
500.255990
500.582851
500.600750
500.608614
500.705444
501.032673
501.318820
501.529190
502.193889
502.402089
502.639698
502.757540
502.974628
503.072768
503.462953
503.531971
503.550075
503.634452
503.717356
503.910932
503.961354
504.267612
504.368415
505.387172
505.656852
510.376223
512.391332
512.660562
512.663839
512.666051
512.671949
512.676454
514.791178
515.946291
516.489871
519.806362
519.811768
519.814758
520.658452
521.169715
521.178767
521.259254
522.310615
524.611666
524.620718
524.623258
525.628948
525.709148
527.095890
528.011674
528.156836
528.210534
528.780780
529.371054
529.409106
529.483162
529.544847
529.583514
529.593958
529.596539
529.792778
529.884774
532.737106
532.901642
532.914872
533.337784
536.153498
537.260564
538.732585
539.572306
540.924723
541.899121
541.905551
541.907763
541.910917
542.191043
543.358976
543.361802
544.656425
552.529756
554.173809
555.568988
555.595121
555.620925
555.624284
555.630264
555.936399
558.225531
558.320312
559.219794
561.285038
561.837507
562.084536
562.739487
563.748946
564.363878
565.204746
565.958042
566.107382
569.338634
569.396675
571.101757
571.107000
571.110769
571.113390
571.273257
573.385032
573.934469
574.016348
574.565048
574.846403
574.976492
575.231713
575.347958
575.417057
575.558656
575.683256
575.690547
575.695913
575.700296
575.972557
576.899154
577.031782
577.334354
577.644216
578.205901
578.259108
578.374124
578.387722
578.391859
578.399232
578.405335
578.415493
578.438185
578.570732
578.733466
578.778235
578.788393
578.793677
578.956493
579.028664
579.156091
579.344097
579.515146
579.600015
579.661210
579.774013
579.856835
579.870474
579.873669
579.984835
580.085146
580.176077
580.408975
580.588544
580.603372
580.683694
580.746568
580.759101
580.848394
581.028454
581.095014
581.107671
581.110948
581.113405
581.368996
581.763891
581.837251
581.901763
581.909094
581.996339
582.046679
582.332457
582.536110
582.572196
582.693192
582.999982
583.053148
583.228908
583.530086
583.842611
583.958569
584.085094
584.088207
584.090788
584.149647
584.157143
584.186020
584.193966
584.218788
584.226816
584.465326
584.554045
584.573092
584.618148
584.953446
585.060393
585.131500
585.147761
585.165169
585.168200
585.171845
585.262449
585.458278
585.586606
585.610445
585.649480
585.719972
586.077143
586.173972
586.214687
586.260193
586.273833
586.327572
586.522173
586.761380
587.273462
587.331174
587.904205
588.175237
589.326828
591.823135
593.895342
593.901117
593.904681
593.907835
594.005361
594.434908
594.664735
594.901975
594.986353
597.155103
598.240666
598.364365
598.422200
601.447260
603.550966
603.556372
603.735040
603.974656
604.808069
605.561037
605.730447
606.129357
607.861842
609.685135
609.805271
612.629750
613.599437
614.238331
614.742221
618.289603
624.074506
625.407877
625.423360
629.664317
630.142771
632.564367
632.686469
632.956191
693.194015
693.221786
693.254676
693.278884
693.282038
693.585142
693.770363
693.853061
694.645678
694.745457
694.922568
695.038362
695.053763
695.056097
695.061135
695.270851
695.281623
695.285023
695.422198
695.609016
695.619256
695.986995
696.065597
696.254300
696.701788
696.841298
697.034711
697.147310
697.499812
697.504768
697.507676
697.829499
697.850266
697.854935
697.873162
697.877217
697.884467
697.889669
698.280223
698.333553
698.420716
698.489446
698.925302
699.468431
699.539251
699.645665
699.701330
699.738808
699.742986
699.811389
699.965522
700.027699
700.050022
700.053381
700.174950
700.239913
700.438815
700.553830
700.618916
701.270917
701.369221
702.404608
702.788239
703.217951
703.996969
704.145777
704.613499
704.799662
705.226957
705.236214
705.370112
706.601902
706.784297
706.957763
707.742720
708.430520
709.013709
709.342618
709.774868
710.645801
712.783421
715.174912
715.613471
715.674051
715.677450
716.074025
716.968141
717.100769
717.295698
717.493903
717.703987
717.801718
720.384369
720.669491
720.673505
720.675963
720.762388
720.896164
721.446707
721.597768
721.674609
721.694147
721.696932
721.883341
722.172600
723.430072
723.505603
723.870147
724.116111
724.319519
724.469391
724.757012
724.928061
725.240095
725.455421
725.871944
726.069330
726.490726
726.664724
726.788956
727.699784
728.501944
731.120435
731.123671
731.127767
731.230249
731.809669
732.151194
733.569679
734.385111
736.924058
736.987587
737.168343
737.478574
737.658266
737.921761
740.531077
743.564698
743.677993
743.684301
743.687496
743.690158
744.072724
744.185405
745.192694
745.355346
745.363825
745.366487
745.369395
745.377178
745.398764
745.426903
745.624412
746.442670
747.059651
747.601838
747.837194
747.962737
748.142510
748.168438
748.244091
748.338012
749.133660
749.671997
751.235768
752.000164
752.779428
753.812316
754.371871
754.879037
754.925527
754.964111
754.979267
754.981601
755.046810
755.551560
756.633149
760.592957
761.192120
761.429033
762.100859
762.590700
767.642952
776.160788
777.755320
777.987400
778.285466
778.985554
779.328676
779.334943
779.386716
779.391508
779.481006
780.390932
781.684941
782.128538
783.002337
783.084298
784.003604
784.586916
784.587694
784.724214
784.776765
784.857580
787.976888
787.991142
787.993805
788.933755
789.174559
790.711706
790.756598
791.401472
791.541187
791.546470
791.661486
791.670088
791.677297
791.814554
791.834010
791.890330
792.367350
792.486093
792.927519
793.308938
793.715343
793.733980
793.985475
794.100736
795.525939
796.131041
796.583649
796.652134
796.938650
796.989686
797.007299
797.011272
797.171548
797.228319
797.446840
797.521347
797.545595
797.615145
797.782139
797.793280
797.881344
798.027407
798.152950
798.305853
798.361068
798.754038
799.327150
800.170803
800.351846
800.362660
800.364954
801.817231
801.993482
802.143232
802.703811
802.956411
803.099771
803.213967
803.371745
803.750093
803.868221
803.960300
805.639660
805.664113
805.673288
805.675745
805.693276
805.911142
805.993964
806.107218
806.236283
806.371082
806.487245
806.517678
806.546924
806.555197
806.559089
806.567035
807.031439
807.229235
807.454474
807.515832
807.559127
807.565967
807.614341
807.626916
807.689134
807.695196
807.699743
807.713505
807.906427
807.932969
807.967990
808.008827
808.052081
808.068383
808.102871
808.152596
808.234107
808.253317
808.314102
808.344453
808.367718
808.490844
808.586404
808.663613
808.906056
809.045074
809.075425
809.095373
809.100902
809.129165
809.135104
809.142804
809.211208
809.544049
809.661440
809.806316
809.953157
810.393108
811.253309
811.259126
811.276780
811.436524
811.516273
811.606426
811.784724
812.327608
812.567306
812.751708
813.049242
813.312901
813.501563
813.745234
813.919150
815.626609
815.761818
815.809905
815.862907
815.931761
816.047268
816.067174
816.070328
816.072909
816.086467
816.431636
816.631235
816.741786
817.597030
818.123940
818.288312
818.457436
818.926346
819.440599
820.303380
820.787323
821.054833
821.163049
821.672264
821.975859
822.788710
822.915482
823.397663
824.201421
825.304351
825.403392
826.116588
826.320650
826.384916
826.539786
826.682040
829.600072
830.280786
830.473339
830.657823
831.397396
831.503278
831.631852
831.643976
831.647212
831.649628
831.816335
831.822275
831.825961
831.833825
831.991235
832.249160
832.380355
833.243587
833.542226
833.683128
834.725233
834.968658
835.219702
835.391037
835.819971
836.124058
836.419502
838.269911
839.185859
839.918920
842.567434
842.834289
842.944717
843.103601
843.156152
843.161149
843.210875
843.332485
843.366810
843.806515
844.263465
844.502016
844.752282
844.812288
845.056041
845.063660
845.070950
845.476700
845.587743
846.398218
847.814779
848.601989
851.018998
851.025674
851.027927
851.489587
852.324884
852.941373
853.523948
853.587763
855.220552
855.729234
855.744594
855.750902
855.753318
855.794934
855.800627
856.094351
856.214036
856.293130
856.666276
856.796324
857.044869
857.050726
857.056256
857.240699
857.362801
857.423872
857.627443
858.514309
858.906419
859.147592
859.229880
859.728650
859.793244
860.437668
860.745605
860.910223
860.997018
861.037281
861.221396
861.291848
861.847101
861.856113
861.859676
862.063288
862.236959
862.311301
862.412882
862.701486
862.773494
863.021261
863.707955
864.120791
864.205292
864.270213
864.418570
864.853238
865.608950
865.772749
866.023997
866.035139
866.448097
866.554102
866.678333
866.840412
867.620782
867.911475
868.043284
870.864609
870.948454
871.015383
871.144079
871.392707
871.445832
871.522509
872.600494
872.799969
872.968151
872.971346
872.975442
872.978268
872.982077
873.262572
874.075259
874.758021
874.991247
875.055350
875.435131
875.773542
875.788042
875.791278
876.263096
876.420997
876.743025
876.827361
876.926239
877.029908
877.395313
877.798605
878.093312
878.257684
878.596301
878.642708
878.743552
879.394284
879.868068
880.483246
881.101578
882.166170
882.320302
882.339226
882.425979
882.727772
882.922127
883.544310
883.792609
884.056392
884.532879
884.759716
885.363835
885.366948
885.369364
885.829468
885.949563
885.989171
885.992284
886.000394
886.991176
887.352730
887.958856
888.277811
888.398029
889.791734
889.914614
890.656891
891.181875
891.187159
891.303485
891.330028
891.488707
891.595817
891.703419
891.819704
891.979776
892.515123
892.720783
892.727665
892.730327
892.897485
893.034004
893.561774
893.575782
893.579141
893.913702
894.343660
894.436352
894.592860
894.713856
894.833910
894.903624
895.005983
895.195996
895.204803
895.208899
895.481119
895.589376
895.782093
895.830098
895.865528
896.072131
896.132997
896.216269
896.375071
896.441344
896.468009
896.544809
896.560251
896.563487
896.828948
896.911114
897.017774
897.073193
898.516705
898.974310
898.982830
898.986025
899.144622
900.816691
900.995768
901.076992
901.191721
901.343887
901.452718
901.627372
901.924700
902.457672
903.524966
904.075387
904.221409
904.595005
904.731853
904.998175
905.008251
905.011405
905.013821
905.264579
905.343058
905.693512
906.022871
906.167419
906.221978
906.393149
906.642022
906.821632
906.983956
907.050762
907.216364
907.288125
908.006441
909.883843
910.032773
910.483333
910.860739
911.239537
911.331205
911.464858
911.942369
912.185221
912.617636
912.784097
913.394319
913.403740
913.407017
913.409884
915.399844
916.441211
916.975493
917.017149
917.435105
920.582636
920.587510
920.593285
920.835113
920.851866
920.857805
920.860672
920.864604
920.868987
920.991293
921.126666
921.399747
921.514353
921.588859
921.659433
921.703465
921.813197
923.460444
923.509473
923.683717
923.820032
924.018074
924.352184
924.594995
924.816015
924.932710
925.403750
925.611459
925.990257
927.923323
928.118661
929.643725
930.795889
931.369329
931.678863
932.193075
933.759222
935.085834
935.092429
935.147848
935.398728
935.721288
935.758766
935.791493
935.927849
936.311808
936.472125
936.489411
936.495636
936.719483
937.005015
937.100657
937.211372
937.520374
937.704284
937.842606
938.008699
938.207683
938.235003
938.261914
938.265723
938.273382
938.594714
938.667008
938.795950
939.032248
939.236311
939.578778
939.758223
940.070298
940.358410
940.922880
941.062636
941.620019
941.885399
942.416978
943.382774
943.438275
943.667896
944.105923
944.248791
944.265011
944.362906
944.428646
945.174241
946.018427
947.087933
949.749309
952.346788
952.367104
954.526188
954.747167
955.357635
955.684823
955.958436
956.856443
957.503775
957.577093
958.075658
958.128824
958.143939
958.147666
958.486118
958.611866
958.642176
958.708736
958.813348
958.844846
959.160074
959.253463
959.300239
959.346647
959.444705
959.543828
959.710372
959.766200
959.866593
960.450560
960.677929
960.708895
961.123615
961.309286
961.387438
961.819812
961.960796
962.124923
962.183455
963.232072
968.607785
968.690934
968.718664
968.721940
969.246843
969.662505
970.651320
972.028682
973.220127
976.833167
979.463127
979.493274
979.531489
979.556147
980.005929
980.575560
980.587069
980.589568
980.591985
980.597228
980.604314
980.610499
980.616274
981.890908
982.497198
982.520422
983.120937
983.254794
983.390331
983.628472
983.757251
983.931986
984.049172
984.060887
984.064164
984.404091
984.413225
984.416174
984.421990
985.012634
985.809224
986.198139
986.210058
986.213704
986.220134
986.747863
987.158487
987.323515
987.353907
987.405763
987.671757
987.801518
987.846205
987.974083
988.036342
988.078694
988.127519
988.147425
988.206899
988.527493
988.722831
988.908749
989.003858
989.166551
989.339034
989.454336
989.463634
989.466788
989.479281
989.492306
989.765140
989.975020
990.087905
990.461911
990.551163
990.674371
990.969569
991.117517
991.208284
991.375442
991.563284
991.636275
991.678382
992.377283
992.573112
992.752067
993.698816
993.888993
994.229903
994.325996
994.368471
994.378179
994.380554
994.384077
994.392146
994.510602
994.852454
995.393659
995.750502
995.833610
995.841556
995.844956
996.135772
996.297851
996.621271
996.791460
996.802642
996.805345
997.021614
997.143429
997.492736
997.510431
998.039839
998.130934
998.363341
998.484091
998.598984
998.678979
998.991217
999.071130
999.145636
999.288914
999.383245
999.926211
1003.604009
1003.810775
1004.301394
1004.520120
1004.547072
1004.569354
1004.705260
1004.804628
1004.965315
1005.063823
1006.052925
1007.624479
1007.716311
1009.370071
1009.544438
1011.059466
1011.811082
1012.107592
1012.262011
1012.313743
1012.379197
1012.393943
1012.396278
1012.402954
1012.605542
1013.984788
1014.762865
1015.721042
1016.177787
1016.474460
1016.602214
1016.788500
1017.367675
1018.037780
1019.062354
1022.161101
1022.165770
1022.171546
1022.178714
1023.197184
1024.993812
1025.858355
1027.961037
1028.576829
1030.902006
1034.288456
1034.443694
1034.447217
1034.449428
1035.020042
1035.206574
1035.381760
1035.405148
1036.157542
1036.299756
1036.409160
1036.577055
1036.787220
1038.116004
1038.179492
1038.899814
1039.261983
1040.012657
1040.172401
1040.461578
1040.604856
1041.236623
1041.384653
1041.766728
1042.415575
1042.423685
1042.427863
1042.921185
1044.684882
1045.074043
1045.158175
1045.498634
1045.887549
1046.875054
1048.329216
1048.604795
1048.747991
1050.758758
1050.763305
1050.765517
1050.895565
1050.951885
1051.911127
1052.140913
1053.171057
1053.502423
1053.621535
1057.085727
1060.337787
1060.494090
1061.068841
1061.171569
1061.181440
1061.485896
1061.647852
1061.709455
1061.825659
1061.851013
1061.855437
1061.858304
1061.944812
1062.139658
1062.149079
1062.257091
1062.323855
1062.409462
1063.019110
1063.067279
1063.186309
1063.199048
1063.307715
1063.361905
1063.446364
1063.556096
1063.679631
1064.066253
1064.262492
1064.812216
1064.876073
1064.947139
1065.093120
1065.100206
1065.103565
1065.180815
1065.245368
1065.440707
1065.559286
1065.636127
1065.650463
1065.655214
1066.246021
1066.382254
1066.517422
1066.598154
1066.726031
1066.832609
1066.913382
1067.038310
1067.162255
1067.269939
1067.371192
1067.439514
1067.454546
1067.458232
1067.467612
1069.155287
1069.210993
1069.872046
1070.567629
1071.670190
1072.659661
1072.987668
1073.012285
1073.041818
1073.046200
1073.051812
1073.532068
1073.922458
1074.058322
1074.511258
1074.533786
1074.540052
1074.542797
1074.547425
1074.781225
1075.938140
1076.092436
1076.333855
1076.410204
1076.665057
1077.543281
1077.802721
1078.377923
1080.099963
1080.828682
1081.153618
1082.649928
1083.482767
1084.162949
1085.005660
1086.171259
1086.941266
1087.110185
1089.997783
1090.058650
1090.065490
1090.069258
1090.072822
1090.078228
1090.088919
1090.094244
1090.806825
1091.140485
1091.194593
1091.268936
1091.997655
1092.293222
1092.394476
1092.560896
1092.817838
1093.008876
1093.138473
1093.430518
1093.502362
1093.673615
1093.825823
1094.239437
1094.315172
1094.463447
1094.576538
1094.770278
1094.900163
1095.114588
1095.640965
1096.803246
1096.935588
1097.108849
1097.191014
1097.278874
1097.370665
1097.430794
1097.545196
1097.705308
1097.934070
1098.113884
1098.317865
1098.383606
1098.783252
1098.906747
1099.031142
1099.039539
1099.043348
1099.113636
1099.271782
1099.354972
1099.373404
1099.396956
1099.399823
1099.488051
1099.675525
1099.800535
1099.949097
1100.385198
1101.925908
1102.068040
1102.778409
1103.721021
1104.038011
1104.215695
1104.575734
1104.678789
1105.453425
1105.811784
1106.049393
1106.126029
1106.177188
1106.280612
1106.294825
1106.476933
1106.485166
1106.489508
1106.933555
1107.229123
1108.515185
1109.318164
1109.505065
1109.633679
1109.876367
1111.708221
1112.041759
1112.287928
1112.303206
1112.487649
1113.457213
1114.945044
1114.960978
1114.964378
1117.440573
1118.041825
1118.124155
1121.746944
1122.066145
1122.292490
1122.299535
1122.302198
1122.305925
1122.586665
1123.115131
1123.616276
1123.776717
1123.922207
1123.993190
1124.753285
1124.763402
1124.806820
1124.885627
1124.943954
1125.007032
1125.231944
1125.249679
1125.254349
1125.287649
1125.293957
1125.296660
1125.543076
1125.571215
1125.573427
1125.577564
1125.586821
1125.593989
1125.602427
1125.612585
1125.617910
1125.627822
1125.643715
1125.650227
1125.656289
1125.662679
1125.670257
1125.681725
1125.688566
1125.722153
1125.728993
1125.735588
1125.742592
1125.827953
1125.839299
1125.875835
1125.942395
1126.055690
1126.125609
1126.411018
1126.455050
1126.524600
1126.563471
1126.930964
1127.024640
1127.209329
1127.260406
1127.335199
1127.408681
1127.413514
1127.474545
1127.563756
1127.600538
1127.647805
1127.833723
1127.952548
1128.000102
1128.362230
1128.623104
1128.828600
1129.080218
1129.192858
1129.429115
1129.593201
1129.981583
1130.067927
1130.408059
1130.446479
1130.563461
1130.919158
1131.118264
1131.246879
1131.503247
1131.631821
1131.866522
1131.896013
1132.427510
1132.738683
1132.956180
1133.447045
1133.628252
1134.300611
1135.068201
1135.189033
1135.283282
1135.704310
1136.043377
1137.008067
1137.022976
1137.027277
1137.029612
1137.277460
1137.519657
1137.791508
1137.812111
1138.589860
1138.950554
1139.298140
1139.369247
1139.390792
1139.394028
1139.401196
1139.544596
1139.617300
1140.096778
1140.311040
1140.409549
1140.486431
1140.615209
1140.944445
1141.252874
1141.288428
1141.358346
1141.433221
1141.495726
1141.518049
1141.594399
1142.243328
1143.994860
1145.449923
1145.540239
1145.550930
1145.552937
1145.560064
1145.778749
1146.369884
1146.668892
1147.555840
1147.870904
1147.987149
1148.162130
1148.280136
1148.577219
1148.713738
1148.746220
1149.257564
1149.452370
1149.810115
1149.929882
1150.321746
1150.373437
1151.029985
1151.308554
1152.005693
1152.633528
1152.748995
1152.960102
1153.143849
1153.393910
1153.522975
1153.579295
1153.684439
1153.695908
1153.799291
1154.855404
1155.397673
1155.581583
1155.698483
1156.454482
1157.152154
1157.165670
1157.168005
1157.171241
1157.181399
1157.468160
1157.548933
1157.566177
1157.570396
1157.794775
1157.920604
1157.985444
1158.253404
1158.360515
1158.629908
1158.664315
1158.831636
1158.984294
1159.222231
1159.428792
1159.539425
1159.617946
1159.888486
1160.030659
1160.075674
1160.089846
1160.093450
1160.096645
1160.103281
1160.108237
1160.129946
1160.133345
1160.138097
1160.142152
1160.161116
1160.166031
1160.177132
1160.193352
1160.208671
1160.216658
1160.230134
1160.248607
1160.255160
1160.309309
1160.331264
1160.380785
1160.421581
1160.442225
1160.499692
1160.695316
1160.836792
1161.215263
1161.483756
1161.542492
1161.833390
1161.898066
1162.021315
1162.048758
1162.370744
1162.725171
1163.471626
1163.781120
1163.853087
1164.013199
1164.132475
1164.758467
1164.983624
1166.648033
1166.759608
1167.397315
1170.632581
1171.846226
1172.106445
1172.175790
1172.253983
1172.777943
1172.902380
1172.911022
1172.913848
1173.458862
1177.978388
1178.026967
1178.067272
1178.345554
1178.353910
1178.396754
1178.444759
1178.466345
1183.242895
1184.243999
1186.280612
1186.399068
1186.537595
1186.600305
1187.049021
1187.110502
1188.363059
1188.613284
1188.944650
1189.040128
1189.046518
1189.049958
1189.052867
1189.279457
1189.515141
1190.101934
1190.211707
1191.649976
1191.717478
1191.721943
1191.724114
1191.727923
1192.026440
1192.191304
1192.245944
1192.663695
1192.673157
1192.675533
1192.683725
1193.063383
1193.278915
1193.538314
1193.749996
1194.084557
1194.425754
1195.329618
1195.487314
1195.984691
1196.548014
1200.108339
1200.223642
1200.325550
1200.483328
1200.605225
1201.601208
1202.765906
1203.641754
1203.944489
1204.556268
1206.207242
1206.366454
1206.467789
1208.294318
1208.411054
1209.464791
1211.380654
1213.212344
1213.341696
1213.760676
1215.084503
1215.377859
1215.433318
1219.663094
1221.438259
1222.184346
1222.901719
1224.913224
1225.774735
1226.645668
1226.691625
1229.041213
1233.529651
1233.601004
1234.077082
1236.904509
1237.328814
1238.014157
1238.106153
1239.564370
1240.537375
1240.719155
1240.926536
1240.967291
1241.259049
1241.393029
1241.792512
1241.817006
1242.121421
1243.582628
1246.013645
1246.748672
1247.278367
1247.575491
1247.601050
1247.666872
1247.801385
1247.883387
1250.142167
1252.050207
1252.569006
1252.972790
1253.323858
1254.231572
1254.464635
1254.609592
1254.623396
1254.625894
1254.628966
1254.637363
1254.642401
1254.927852
1254.993674
1255.054991
1255.228252
1255.480934
1256.376033
1256.496824
1256.640307
1256.744428
1256.779817
1256.817091
1256.878326
1256.962253
1257.053307
1257.082798
1257.149481
1257.196913
1257.235087
1257.319055
1257.544499
1260.350669
1260.397650
1260.445942
1260.512256
1260.639805
1260.787057
1260.905390
1261.128540
1261.199032
1261.545144
1261.577708
1261.727539
1261.759570
1262.395720
1262.523761
1262.828749
1263.112397
1263.196856
1263.359304
1263.701934
1263.975875
1264.266445
1264.315474
1265.992417
1266.209014
1266.253906
1266.370560
1266.423153
1266.506260
1266.632622
1266.771436
1266.935398
1267.052872
1267.275530
1267.508797
1267.876413
1268.150886
1268.308500
1268.518789
1268.524073
1268.526162
1268.833935
1268.866662
1268.876452
1268.952310
1269.193810
1269.679391
1269.982495
1270.221373
1270.484541
1270.543196
1270.768271
1271.006085
1271.258563
1271.344824
1271.410852
1271.613891
1271.749427
1271.826678
1271.958282
1271.985275
1272.353751
1272.707277
1272.717599
1272.720548
1272.726979
1273.362022
1273.366651
1273.369764
1273.521029
1273.620152
1273.779241
1273.953608
1274.188554
1274.249462
1274.715464
1274.727793
1274.902815
1274.912563
1274.915348
1274.918216
1275.004273
1275.082834
1275.144151
1275.705590
1275.882660
1276.269732
1276.313682
1276.388188
1276.587500
1277.045637
1277.460808
1278.845051
1281.070203
1281.496842
1281.921679
1282.580808
1282.637414
1282.645402
1282.650440
1282.652856
1283.452273
1284.008305
1284.177428
1284.214129
1285.978153
1286.128476
1286.174638
1286.219366
1286.249308
1286.319473
1286.329139
1286.331843
1286.334792
1286.621757
1286.647439
1286.706422
1286.741770
1286.969713
1287.015916
1287.054459
1287.176356
1287.230833
1287.660544
1287.730872
1287.944520
1288.839905
1289.115976
1289.657672
1289.925222
1290.583450
1290.604012
1290.971832
1291.084964
1291.776451
1291.887698
1292.128215
1294.161019
1294.193787
1295.212339
1295.235318
1295.238595
1295.274271
1295.608340
1295.680348
1295.948841
1296.014828
1296.029286
1296.034734
1296.038912
1296.604119
1298.008842
1298.133320
1298.137743
1298.140979
1298.699919
1298.708726
1298.711101
1298.713641
1298.837299
1299.108700
1299.114312
1299.117138
1299.458826
1299.551805
1299.558236
1299.805798
1299.880182
1299.955876
1300.283843
1300.708721
1300.758938
1300.773192
1300.778025
1300.781548
1300.831396
1300.874650
1300.883210
1301.139292
1301.221663
1301.342577
1301.382676
1301.464883
1301.677425
1301.796291
1301.886280
1301.959352
1301.983764
1302.508012
1302.782566
1303.071826
1303.141130
1303.203676
1303.390454
1303.419453
1304.140554
1304.405811
1304.550605
1304.677622
1304.762040
1306.487153
1306.496819
1306.499154
1306.639237
1306.931692
1308.124488
1308.262236
1308.403630
1308.425175
1308.536054
1308.759736
1309.019505
1309.654589
1310.135132
1310.446592
1310.716764
1310.745928
1311.009055
1311.122309
1311.211274
1311.364547
1311.370117
1311.372370
1311.549399
1311.971287
1311.978414
1311.981650
1311.984026
1311.987712
1312.666624
1313.458790
1313.712087
1313.859748
1314.422292
1314.968535
1315.301253
1315.601080
1316.649370
1317.968527
1318.180495
1318.319268
1318.482002
1323.111424
1323.999191
1324.262605
1324.398920
1324.668600
1324.766495
1324.852265
1324.999844
1325.068206
1325.124362
1325.272719
1325.925704
1326.058414
1326.064968
1326.069719
1327.315558
1327.728681
1328.236257
1328.422380
1328.636969
1329.760625
1330.895749
1332.962755
1333.602058
1334.072115
1336.284570
1336.504607
1336.695071
1336.699208
1336.701624
1336.871281
1337.351168
1341.257114
1341.343785
1341.377700
1341.386015
1341.389251
1341.595075
1341.796147
1341.818880
1342.051369
1342.170685
1342.346281
1342.494802
1342.800159
1342.940815
1343.016223
1343.383839
1345.658225
1346.096128
1346.245427
1346.373796
1346.380595
1346.425201
1346.481070
1346.655068
1346.697626
1346.842501
1347.123118
1347.297976
1347.586621
1347.645768
1347.816161
1347.857285
1347.904266
1347.976151
1348.004454
1348.558643
1348.770775
1348.899840
1349.118157
1349.172634
1349.274911
1349.414380
1349.437071
1349.614223
1349.782200
1349.819843
1350.186312
1350.422815
1351.292314
1351.651369
1351.759421
1352.348017
1352.623759
1352.718131
1352.891556
1353.120481
1353.576489
1353.644810
1353.720381
1353.725051
1353.733652
1353.741394
1354.025206
1354.087506
1354.711327
1354.834534
1354.868285
1354.986045
1355.284521
1355.476664
1355.589591
1355.715707
1356.114084
1356.148818
1356.330025
1356.744253
1356.899328
1357.013074
1357.131858
1357.174825
1357.660242
1359.202386
1359.724708
1360.024535
1360.695501
1361.027031
1361.429094
1361.432125
1361.434419
1361.440317
1361.444127
1361.450189
1361.454653
1361.460019
1361.589125
1361.669612
1361.707540
1361.738629
1361.913979
1362.047549
1362.423603
1362.512200
1363.465830
1363.745137
1363.950223
1364.238868
1364.491305
1366.590464
1366.730383
1367.749386
1367.835116
1367.939441
1368.247951
1368.594678
1368.664515
1368.819876
1369.110979
1369.319383
1369.467208
1369.605898
1370.001613
1370.063831
1371.045847
1371.364721
1373.092372
1373.692314
1373.789430
1373.910712
1373.926646
1373.929882
1374.088028
1374.329815
1374.566359
1374.600110
1375.433114
1377.766195
1386.648576
1388.449587
1388.606464
1388.854845
1390.315315
1392.499261
1393.117635
1393.955021
1394.468250
1394.625946
1394.818785
1394.899886
1395.480453
1395.501588
1395.503923
1395.514778
1395.688325
1398.246687
1398.705644
1398.743982
1398.792847
1398.797885
1398.802432
1398.920561
1399.613809
1399.621304
1399.998587
1400.339415
1401.262244
1401.866158
1402.046177
1402.066739
1402.071204
1402.073457
1402.273546
1402.380820
1402.882540
1402.974331
1404.712018
1405.843333
1409.653473
1409.875804
1410.041078
1411.756032
1412.403036
1413.899264
1415.425475
1415.489905
1415.497646
1415.565640
1415.569613
1415.576044
1415.581000
1415.778099
1416.096522
1416.102748
1416.107868
1416.448942
1416.482652
1416.743199
1417.929892
1418.913546
1419.512177
1419.875820
1420.202721
1420.978586
1423.842140
1426.470625
1427.809772
1428.013957
1428.310508
1430.082519
1430.768968
1430.833562
1432.642437
1432.902697
1433.000550
1433.983263
1435.400438
1435.843011
1436.850381
1436.869796
1436.873564
1437.072056
1438.015037
1438.239703
1438.326743
1441.576223
1441.962926
1442.028339
1442.164490
1442.453463
1443.138888
1443.329679
1443.335741
1443.338527
1443.496305
1443.865354
1445.538488
1446.164521
1446.844539
1446.966354
1449.043845
1450.408919
1450.418176
1450.703831
1450.791813
1450.907402
1450.909901
1450.917519
1451.337974
1452.002632
1452.143534
1452.410266
1452.594668
1452.963799
1453.724508
1455.842714
1456.864829
1458.374861
1458.493809
1458.549514
1459.180544
1459.296666
1459.403284
1459.535585
1459.593134
1459.601736
1459.605463
1460.059873
1460.064666
1460.067901
1460.070359
1460.523868
1460.895375
1461.527880
1461.724570
1462.374236
1462.694420
1463.092675
1463.221125
1463.303578
1464.099430
1464.584765
1464.777236
1464.817213
1464.821555
1465.009848
1465.078866
1465.331589
1465.354281
1465.652797
1465.872712
1465.997353
1466.092339
1466.327900
1466.696499
1468.297830
1469.349233
1469.354598
1469.771530
1470.002872
1470.175887
1472.200172
1472.421315
1472.456909
1472.600187
1472.694149
1473.117676
1473.351844
1473.419837
1473.938063
1474.091377
1474.285978
1474.401362
1474.588877
1475.417334
1476.866540
1477.164155
1477.525955
1477.949358
1478.222807
1478.307553
1478.393979
1478.742630
1479.212442
1479.218504
1479.219077
1479.706747
1480.533402
1481.069773
1482.381844
1482.629407
1483.533722
1483.541996
1483.545436
1483.551171
1484.909363
1485.184573
1485.360742
1485.580575
1486.290985
1554.243297
1554.315592
1554.493932
1554.521661
1554.715935
1554.953380
1555.006710
1555.079537
1555.106939
1555.264266
1555.417825
1555.443712
1555.479142
1556.053647
1556.062208
1556.064379
1556.068106
1556.350198
1556.426179
1556.954440
1556.968817
1557.512479
1558.226207
1559.182787
1559.623639
1559.700685
1559.792026
1559.864975
1559.926825
1559.986340
1560.086733
1560.101765
1560.227676
1560.516035
1560.520417
1560.825283
1561.070469
1561.294643
1561.584804
1561.984655
1562.873856
1564.316344
1567.012577
1567.090524
1567.426970
1567.492055
1568.679322
1570.015969
1570.073313
1573.321564
1573.330821
1573.333320
1573.479342
1573.661286
1577.027502
1579.420508
1586.451292
1591.446200
1591.452959
1591.458202
1591.461888
1591.740867
1592.037253
1592.065720
1592.087388
1592.098406
1592.101396
1592.140677
1592.155013
1592.161608
1592.173486
1592.186225
1592.223662
1592.258150
1592.271995
1592.434565
1592.443167
1592.447713
1592.454799
1592.543805
1592.582676
1592.590705
1592.639488
1592.734392
1592.772772
1592.787640
1592.821719
1592.875786
1592.900035
1592.991130
1592.996864
1592.999281
1593.004155
1593.036390
1593.041674
1593.049784
1593.066660
1593.264415
1593.364480
1593.512796
1593.904210
1594.306355
1594.609582
1594.696131
1594.728407
1594.762854
1594.802627
1594.811433
1594.877256
1595.009966
1595.017462
1595.136410
1595.211694
1595.257283
1595.408916
1595.652014
1595.675812
1595.716157
1595.748844
1595.776737
1595.783660
1595.794801
1595.803156
1596.156232
1596.362998
1596.405719
1596.428452
1596.456182
1596.509512
1596.528353
1596.814541
1596.911288
1596.917146
1596.929720
1596.932055
1596.950405
1596.953846
1596.959375
1596.968346
1596.978708
1597.129728
1597.166797
1597.255311
1597.312369
1597.327974
1597.351363
1597.355336
1597.906043
1598.096957
1598.116700
1598.120346
1598.604165
1598.745928
1598.836244
1598.851113
1598.917919
1599.284675
1599.767675
1599.855452
1600.471327
1600.991683
1601.021665
1601.035715
1601.445683
1601.487708
1601.506140
1601.547551
1601.701069
1601.965384
1602.011546
1602.056069
1602.077860
1602.131722
1602.197709
1602.346885
1602.489958
1602.498478
1602.500895
1602.507489
1602.611036
1602.630164
1602.643354
1602.658877
1602.664079
1602.803098
1602.864783
1602.877522
1602.919096
1602.991186
1603.020677
1603.065979
1603.329311
1603.516908
1603.743130
1603.776184
1603.811574
1603.847086
1603.949322
1604.036444
1604.062904
1604.322591
1604.519526
1604.543652
1604.606894
1604.611400
1604.614636
1604.623483
1604.647936
1604.652728
1604.664893
1604.670300
1604.673946
1604.679270
1604.690043
1605.221007
1605.235835
1605.241324
1605.281055
1605.285683
1605.294572
1605.320704
1605.332460
1605.342044
1605.384806
1605.683569
1605.862605
1605.962547
1606.135112
1606.421340
1606.873293
1606.997238
1607.775150
1608.777974
1608.784978
1608.904991
1609.193677
1609.810493
1609.888236
1610.532372
1611.329700
1611.835146
1611.959337
1612.812001
1613.310771
1613.385277
1613.575946
1614.200545
1614.848246
1617.330627
1618.554225
1624.063549
1624.317379
1630.331331
1637.171487
1637.915689
1638.161613
1638.259958
1641.611182
1652.989993
1654.337167
1654.617416
1655.036396
1655.382753
1659.597660
1659.633254
1660.278088
1662.824735
1664.229376
1676.167291
1676.262318
1676.278620
1676.282266
1676.324987
1676.380201
1676.385976
1676.389171
1676.416205
1676.693709
1676.736184
1676.762276
1676.875489
1677.497836
1677.612933
1677.760430
1677.836698
1677.952410
1677.955727
1677.981860
1677.987512
1678.183301
1678.311137
1678.589747
1678.659420
1679.376507
1679.776154
1680.201646
1682.480046
1683.948257
1683.953336
1683.956982
1683.960259
1684.036157
1684.209746
1684.220887
1684.223836
1684.230963
1684.659118
1684.669604
1685.033615
1685.082931
1685.621146
1685.749146
1685.932851
1686.447432
1687.160955
1687.219528
1687.319716
1687.381484
1687.685161
1688.416215
1688.777114
1688.961720
1689.097052
1689.282970
1689.553879
1689.931448
1690.133586
1690.264044
1690.365379
1690.536346
1690.597704
1690.638459
1690.991124
1691.117486
1691.291648
1691.396874
1691.492598
1691.588813
1692.172739
1692.921324
1693.005046
1693.008568
1693.014098
1693.232497
1693.245645
1693.248512
1693.272719
1693.287752
1693.297091
1693.306839
1693.500457
1693.568532
1693.604987
1693.619610
1693.711401
1693.927670
1693.973709
1694.023188
1694.049239
1694.182605
1694.243062
1694.317773
1694.370202
1694.550999
1694.682276
1694.734500
1694.860247
1695.714877
1696.287212
1696.503521
1696.796262
1696.844227
1696.907592
1696.969277
1697.085604
1697.205453
1697.340948
1697.385718
1697.856553
1697.979679
1697.994957
1697.998479
1698.526208
1698.827264
1699.109437
1699.386491
1699.610747
1699.751895
1699.956695
1700.871823
1701.145764
1701.223752
1701.659566
1702.030008
1703.034348
1703.365755
1703.602872
1703.636214
1703.773635
1703.885373
1704.268923
1704.902861
1706.817577
1707.219190
1707.322286
1707.330314
1707.333755
1707.584266
1709.625016
1709.629891
1709.632963
1709.729137
1709.912556
1710.712668
1710.855209
1710.861926
1713.010811
1713.218724
1713.309286
1715.573924
1715.594650
1715.630940
1715.843236
1717.228585
1718.550405
1718.637650
1719.504404
1719.901225
1719.943455
1719.948370
1720.075428
1720.318321
1721.138176
1722.166927
1722.311311
1723.071693
1723.574149
1724.692357
1724.987228
1725.850993
1726.361027
1727.368684
1727.430738
1727.450030
1727.452938
1727.476122
1727.487304
1727.509299
1727.602524
1727.796101
1727.994798
1728.077660
1729.578885
1729.839227
1730.432614
1730.612224
1730.886738
1730.975130
1731.428844
1733.470249
1734.280806
1734.339174
1735.664108
1736.105820
1737.427517
1737.493258
1737.680118
1737.690276
1737.698386
1739.141120
1739.609661
1739.912069
1741.435453
1741.444588
1741.454746
1741.461709
1741.466829
1741.876265
1742.139064
1744.140247
1746.390671
1746.492170
1746.642289
1746.652447
1746.658181
1746.990572
1747.102843
1747.497574
1751.001047
1751.471268
1751.512269
1751.544340
1751.561748
1751.589437
1752.147517
1752.223130
1752.551506
1752.805949
1753.081446
1753.310413
1756.618834
1757.990994
1758.256251
1758.269563
1758.275256
1760.562913
1760.573071
1760.576758
1760.988324
1762.318295
1764.122419
1765.828076
1769.125396
1770.754335
1771.742536
1771.804836
1771.824251
1772.263916
1773.184942
1773.930988
1775.681331
1776.478986
1776.722166
1778.020721
1778.213888
1778.462024
1779.707576
1780.024402
1780.088463
1780.108575
1784.401265
1785.347072
1785.352274
1785.356780
1785.484616
1785.530655
1785.540116
1785.547817
1785.565594
1785.603727
1785.616015
1785.690317
1785.719767
1785.761055
1785.917317
1786.057155
1786.099958
1786.118185
1786.155663
1786.267935
1786.435994
1786.617610
1786.732995
1786.790380
1786.800292
1786.888643
1787.003208
1787.475558
1787.622646
1787.676631
1787.734180
1787.800617
1787.998659
1788.117893
1788.246917
1788.337070
1788.402442
1788.491203
1788.531098
1788.626002
1788.731351
1788.814213
1788.867953
1789.052150
1789.061243
1789.103022
1789.183427
1789.235405
1789.377782
1789.473915
1789.691372
1789.773414
1789.907190
1790.135951
1790.225695
1790.367703
1790.468096
1791.008236
1791.989228
1792.026952
1792.050299
1792.053617
1792.065864
1792.071393
1792.076595
1792.088842
1792.101581
1792.569631
1793.600061
1794.065367
1794.090598
1794.139177
1794.187100
1794.209874
1794.249933
1794.310513
1794.383954
1794.777620
1794.781594
1794.907136
1795.084861
1795.222815
1795.395994
1795.416637
1795.601572
1795.638559
1795.783188
1795.804692
1795.842580
1796.074947
1796.111524
1796.461568
1796.490813
1796.639171
1796.665672
1796.724040
1796.914708
1796.941742
1797.148099
1797.279826
1797.482619
1797.508751
1797.517844
1797.520835
1797.526077
1797.599355
1797.669806
1797.681930
1797.685248
1797.691556
1797.699748
1798.235791
1798.696550
1798.754181
1798.773350
1798.873948
1798.964838
1799.021281
1799.327539
1799.602135
1799.662264
1799.788134
1799.839252
1799.965286
1799.997481
1800.231772
1800.423956
1800.662344
1800.892252
1801.401303
1801.474294
1801.737093
1802.228900
1802.263593
1802.630267
1803.196252
1803.314872
1803.395809
1803.775631
1803.826749
1803.836211
1804.002017
1804.030935
1804.054200
1804.350956
1804.450161
1804.830474
1804.860867
1804.914893
1804.928901
1805.494723
1805.891338
1806.274314
1806.345994
1806.881096
1807.274435
1807.388344
1807.470756
1807.586755
1807.657861
1807.737651
1808.922419
1809.364419
1809.377239
1809.379983
1809.473782
1809.482875
1809.549558
1809.635246
1809.818583
1810.018263
1810.254356
1810.400666
1810.435195
1810.712986
1812.054180
1812.124303
1812.455997
1813.610496
1815.988347
1816.092918
1816.236933
1816.798003
1817.015337
1817.552486
1818.387825
1818.497843
1818.651279
1818.750403
1821.379174
1821.659423
1821.846733
1821.926769
1824.863764
1824.982180
1825.502536
1825.985331
1826.020966
1826.942853
1828.826235
1830.513623
1831.417774
1831.840891
1831.931576
1832.041431
1832.148173
1832.872878
1833.145426
1833.154888
1833.160008
1833.527788
1833.543352
1833.546220
1833.905930
1834.025902
1834.337731
1834.495508
1836.224717
1836.229755
1836.451308
1836.630630
1836.789228
1837.700424
1837.704274
1837.713613
1837.718405
1837.942170
1838.083973
1838.782956
1839.074714
1839.096832
1839.102525
1839.107154
1839.166628
1839.214019
1839.473377
1839.967109
1840.416768
1840.472269
1840.667976
1841.560289
1841.676288
1841.810145
1841.858806
1842.019820
1845.967094
1846.316032
1848.221000
1848.235704
1848.240169
1851.042079
1853.905674
1853.978460
1854.326170
1854.537032
1855.892890
1856.320717
1856.781844
1858.055004
1858.104361
1858.144092
1858.154250
1858.161377
1858.340577
1858.370437
1858.486723
1858.529812
1858.640609
1858.705408
1858.754888
1858.952684
1859.008471
1859.098378
1859.104113
1859.226706
1859.357819
1859.521208
1860.021371
1860.075315
1860.238541
1860.346184
1861.974835
1863.450501
1864.924324
1864.944640
1865.069609
1865.214198
1865.407242
1866.247823
1867.786813
1867.794227
1867.883315
1868.014879
1868.035236
1868.038595
1868.275180
1868.507955
1868.596470
1868.798648
1868.823183
1868.860744
1869.024215
1869.088932
1869.227295
1869.275587
1869.360824
1869.427384
1869.455442
1869.476495
1869.493330
1869.498368
1869.506724
1869.511434
1869.558333
1869.616865
1869.809664
1869.822321
1869.839524
1869.849108
1869.852631
1869.979034
1870.041334
1870.049690
1870.105846
1870.120223
1870.155039
1870.163640
1870.296842
1870.996808
1871.258378
1871.335342
1872.016179
1872.508559
1872.592937
1872.808796
1873.658266
1873.778278
1873.890509
1873.916805
1874.028298
1874.146836
1874.431263
1874.770493
1874.991514
1876.077855
1876.568392
1876.711055
1876.878909
1877.001789
1877.027635
1877.034476
1877.137121
1877.144904
1877.148017
1877.152768
1877.305467
1877.336596
1877.421015
1877.480612
1878.067692
1878.113649
1878.122578
1878.148710
1878.152315
1878.157271
1878.227517
1878.259876
1878.530621
1878.546473
1878.567608
1878.569738
1878.637568
1878.670295
1878.687785
1878.770729
1878.790636
1878.843802
1878.852649
1878.859899
1878.866862
1878.941491
1878.981059
1879.056630
1879.219282
1879.273882
1879.468974
1879.767040
1879.847158
1879.858954
1879.864525
1879.872635
1879.983882
1880.007270
1880.046961
1880.060928
1880.063795
1880.067031
1880.074691
1880.122368
1880.146084
1880.194130
1880.253317
1880.300012
1880.316846
1880.372060
1880.750285
1880.945951
1881.044746
1881.215508
1881.434563
1881.448694
1881.518817
1881.604219
1881.785262
1881.853911
1881.929114
1882.028114
1882.139812
1882.348708
1882.605691
1882.689126
1882.701169
1882.706616
1882.857636
1882.926572
1882.984243
1883.071980
1883.153736
1883.157463
1883.161682
1883.288576
1883.670692
1883.731681
1883.966669
1884.030484
1884.101181
1884.234056
1884.503163
1884.602409
1884.657787
1885.121782
1885.178962
1885.423452
1885.538263
1885.647585
1885.656146
1885.659054
1885.747732
1886.981161
1887.135867
1887.257764
1887.294587
1887.331983
1887.349187
1887.361352
1887.371100
1887.378391
1887.702548
1887.750349
1887.796019
1887.807201
1887.844639
1887.879332
1887.897027
1887.901532
1887.907553
1888.170025
1888.225444
1888.712335
1888.846807
1889.086546
1889.206108
1889.269842
1889.445519
1889.541284
1889.722163
1890.297692
1890.484306
1890.571469
1890.636227
1890.747474
1891.119063
1891.168748
1891.199345
1891.273359
1891.395871
1891.443589
1891.601490
1891.850732
1892.037755
1893.001093
1893.029069
1893.079532
1893.241487
1893.497242
1893.672468
1893.790884
1893.965988
1894.197412
1894.464758
1894.575555
1895.397745
1895.514358
1895.651533
1895.762575
1895.833027
1895.952957
1896.066212
1896.161485
1896.571617
1897.395937
1897.642271
1897.754706
1898.160783
1898.947297
1899.299348
1899.347231
1899.477238
1899.706860
1899.764695
1900.072673
1900.229509
1900.412436
1900.500705
1900.532204
1900.535808
1900.538921
1900.542730
1900.614246
1900.646687
1900.991816
1901.743186
1901.752812
1901.896622
1902.609449
1903.402312
1903.620137
1904.290243
1907.772129
1907.885466
1907.893494
1907.896033
1907.994788
1907.999580
1908.190331
1908.332626
1908.420690
1908.849295
1908.893204
1909.017764
1909.116396
1909.209907
1909.216461
1909.219369
1909.222113
1909.390664
1909.540127
1909.568553
1909.649203
1909.675827
1909.705441
1909.851177
1910.090506
1910.582723
1911.024067
1911.243080
1911.325082
1911.439319
1912.013332
1912.151900
1913.217188
1914.834166
1914.849444
1915.405967
1915.457946
1915.499192
1915.502961
1915.542569
1915.546706
1915.635466
1915.834081
1915.893842
1916.020818
1916.047155
1916.105441
1916.133663
1916.236268
1916.329165
1916.359311
1917.094912
1918.422262
1918.914806
1918.959043
1918.962770
1918.965760
1919.260631
1919.409398
1920.048497
1921.088758
1921.163633
1921.583473
1921.589903
1921.672888
1922.598994
1923.266847
1923.356221
1923.736904
1924.286710
1924.353352
1924.357612
1924.432282
1924.736082
1924.793590
1924.933919
1926.381281
1926.498099
1926.599721
1926.603612
1926.608323
1926.796042
1926.823404
1926.979707
1927.052698
1927.103283
1927.116104
1927.120896
1927.935918
1928.099512
1928.141251
1928.370790
1929.679503
1930.783539
1931.343217
1932.331295
1934.786314
1938.195333
1938.921349
1939.195863
1940.132987
1940.721623
1940.831683
1940.929454
1942.139412
1942.212772
1944.575795
1944.610529
1944.673894
1944.731116
1944.809472
1945.410847
1947.303731
1953.130250
1953.135657
1953.144136
1953.147658
1953.778565
1956.695491
1957.823652
1959.557980
1959.564534
1959.568835
1959.780434
1960.551383
1960.991826
1961.082593
1961.100493
1961.103647
1961.656238
1961.738977
1961.757655
1961.760481
1961.770803
1961.781166
1961.791488
1961.798042
1962.121871
1962.171433
1962.281124
1962.350551
1962.407404
1962.472325
1962.515128
1962.658570
1962.672210
1962.675651
1962.683023
1962.769244
1962.840310
1962.844692
1963.142185
1963.284480
1963.426038
1963.566653
1963.764572
1963.866317
1963.992023
1964.623626
1964.842066
1964.926280
1964.987269
1965.103432
1965.145334
1965.285212
1965.385359
1965.855785
1966.187725
1966.238228
1966.297825
1966.360494
1966.374093
1966.378230
1966.393139
1966.606336
1967.065661
1967.151350
1967.737283
1967.942410
1968.175063
1968.341238
1968.732201
1968.854835
1969.675264
1969.738465
1969.786061
1969.849590
1969.876582
1970.173092
1970.363515
1970.421432
1970.487255
1970.563195
1970.653880
1970.904760
1971.016458
1971.053937
1971.427860
1971.504947
1971.522109
1971.538616
1971.542139
1971.566305
1971.648307
1971.706388
1971.932447
1972.073923
1972.187259
1973.064909
1973.497774
1973.537874
1974.150226
1974.260204
1974.403727
1974.455788
1974.657597
1974.676972
1974.717645
1974.726738
1974.729851
1974.740541
1974.747300
1975.169270
1975.334502
1975.387546
1975.486054
1975.571005
1975.854612
1975.860060
1976.043930
1976.087880
1976.105656
1976.229274
1976.258970
1976.295014
1976.656404
1977.121956
1977.596559
1977.800212
1978.035446
1978.407567
1978.523279
1978.736640
1978.828227
1978.931405
1979.141693
1979.455283
1979.956634
1980.433981
1980.445983
1982.565622
1983.676498
1983.909069
1984.360366
1984.408494
1985.809777
1986.156790
1986.864087
1987.257221
1988.637409
1989.451981
1990.631055
1992.984084
1993.102090
1993.190195
1993.411502
1993.857638
1993.952707
1994.653532
1994.659676
1994.722632
1996.311347
1997.419848
1997.795738
1997.891297
1997.928653
1997.934715
1998.250353
1998.294999
1998.355005
1998.458020
1998.480794
1998.710989
1998.793277
1998.898627
1999.141192
1999.533629
1999.545631
2000.119357
2000.223601
2000.573768
2000.642621
2000.762839
2001.892680
2002.009702
2003.466445
2004.251075
2004.318126
2004.443054
2004.525834
2006.673695
2007.433011
2008.310211
2008.405688
2008.618885
2009.020293
2009.114419
2009.172460
2011.115151
2011.175404
2011.363492
2011.942339
2011.957371
2011.960197
2011.967488
2011.970806
2011.975107
2011.980431
2012.989276
2016.446833
2017.319690
2017.364419
2017.425818
2017.532109
2019.314196
2020.576174
2020.907418
2021.199340
2022.006907
2022.112625
2022.417777
2022.493512
2022.501048
2022.508831
2022.511043
2022.515671
2022.729196
2022.807101
2023.140844
2023.300997
2023.541064
2023.789896
2024.575222
2024.632771
2026.412974
2026.721485
2026.764329
2027.135017
2027.173683
2027.206861
2027.361075
2027.389870
2027.717591
2027.796603
2027.900150
2028.088361
2028.643164
2029.033144
2029.045146
2029.211402
2029.227663
2029.302456
2029.403996
2029.420585
2029.424435
2029.426811
2029.442621
2029.445530
2029.452206
2029.459784
2029.465108
2029.469532
2029.479117
2029.677281
2030.022124
2030.049485
2030.123254
2030.199153
2030.335345
2030.400061
2030.432461
2030.469652
2030.581064
2030.694564
2030.815437
2030.828339
2030.900920
2030.931231
2031.026749
2031.139021
2031.212462
2031.664783
2031.733842
2031.863644
2031.974031
2031.982756
2031.986442
2031.989187
2032.120996
2032.175800
2032.304906
2032.373678
2032.509297
2032.574915
2032.598508
2032.602276
2032.846438
2032.905134
2032.933601
2033.053123
2033.153516
2033.311048
2033.426637
2033.446134
2033.933271
2034.244977
2034.366054
2034.520474
2034.616320
2034.642371
2034.653716
2034.661253
2034.667807
2034.681815
2035.189719
2035.472835
2035.638764
2035.642696
2035.646546
2035.912172
2035.998925
2036.212408
2036.261642
2036.558397
2036.572119
2036.576297
2036.671980
2037.284127
2037.470167
2037.538038
2037.771674
2037.787525
2037.981716
2038.494904
2038.641705
2038.731407
2038.738084
2038.948209
2039.046799
2039.155302
2039.189217
2039.220797
2039.236362
2039.243776
2039.304602
2039.343350
2039.411876
2039.618068
2039.797719
2039.838638
2039.848100
2039.988388
2040.079401
2040.084275
2040.109507
2040.142356
2040.191386
2040.223826
2040.229601
2040.253194
2040.361656
2040.441569
2040.464916
2040.573092
2040.657306
2040.733532
2040.854569
2040.860099
2040.864031
2040.919900
2040.965161
2040.976548
2040.980849
2040.985027
2040.988877
2041.057649
2041.085788
2041.108357
2041.120317
2041.141453
2041.179628
2041.186550
2041.364316
2041.480028
2041.508864
2041.555149
2041.566986
2041.640550
2041.852150
2041.970606
2042.054164
2042.110812
2042.195067
2042.587587
2042.698875
2043.044250
2043.122156
2043.191173
2043.278377
2043.448607
2043.475927
2043.499684
2043.789312
2044.008571
2044.076401
2044.167332
2044.369920
2044.657828
2044.720947
2044.823757
2045.306880
2045.539533
2046.146847
2046.301839
2046.400840
2046.503936
2046.532485
2046.625710
2046.714798
2046.762107
2046.833910
2046.868808
2046.902723
2046.932050
2047.180390
2047.321702
2047.331205
2047.333990
2047.456788
2047.606702
2047.694684
2047.883919
2048.094863
2048.258417
2048.397107
2049.017815
2049.236378
2049.407222
2049.470382
2049.474806
2049.478001
2049.481482
2049.531986
2049.615135
2049.688617
2049.711350
2049.920696
2050.060902
2050.141798
2050.246246
2050.295194
2050.388705
2050.402918
2050.430484
2050.466038
2050.517524
2050.544599
2050.568397
2050.613494
2050.655724
2050.685911
2050.720236
2050.747228
2050.799493
2050.836193
2051.051110
2051.128156
2051.180708
2051.565076
2051.613368
2051.688776
2051.789988
2051.833242
2051.864289
2051.885670
2051.888415
2051.900826
2052.124590
2052.129587
2052.178616
2052.237353
2052.408279
2052.589527
2052.599849
2052.819108
2053.021327
2053.085348
2053.200814
2053.281300
2053.287485
2053.295555
2053.301207
2053.408522
2053.465170
2053.487575
2053.500436
2053.505393
2053.512356
2053.582684
2053.756273
2053.800878
2053.969551
2054.365061
2054.417162
2054.471025
2054.495805
2054.595502
2054.603162
2054.605660
2054.713590
2054.873498
2055.486628
2055.613235
2055.639777
2055.647109
2055.650345
2055.921541
2055.992443
2056.266793
2056.388403
2056.414331
2056.456151
2056.473354
2056.488346
2056.504730
2056.515338
2056.524554
2056.536515
2056.561541
2056.652718
2056.828887
2056.859771
2057.031967
2057.102950
2057.553838
2057.774490
2057.821389
2057.874063
2057.914122
2057.950945
2058.057728
2058.135798
2058.384384
2058.995261
2059.258921
2059.681464
2059.753103
2059.771290
2059.773952
2059.777188
2059.838136
2059.878851
2059.888927
2059.907031
2060.137513
2060.303278
2060.344156
2060.650701
2060.713738
2060.937503
2061.308273
2061.412639
2061.763748
2061.861233
2062.081966
2062.266040
2062.353736
2062.504919
2062.641275
2062.874501
2063.002501
2063.356477
2063.644426
2063.969567
2064.494510
2064.611983
2064.841196
2065.028424
2065.356513
2065.831649
2065.964605
2066.408817
2066.568806
2066.752102
2066.865766
2067.172229
2067.248947
2067.481313
2067.966853
2068.178862
2068.293755
2068.346470
2068.374077
2068.408074
2068.731085
2068.822139
2069.266924
2069.325824
2069.586043
2069.632573
2069.912003
2070.158049
2070.247178
2070.269747
2070.377800
2070.477783
2070.814638
2070.910239
2070.925107
2071.036355
2071.208387
2071.320535
2071.880172
2072.060641
2072.300052
2072.363090
2072.477983
2075.044168
2075.610890
2076.247654
2076.511887
2077.054403
2092.358984
2094.313595
2094.334321
2094.337352
2094.339686
2096.283484
2097.137377
2097.903493
2098.396979
2098.906358
2099.872113
2102.063268
2103.558185
2104.200028
2105.514148
2106.162708
2108.272271
2108.390482
2108.693750
2108.717220
2110.150492
2110.790943
2110.794711
2112.147907
2112.391905
2112.565903
2113.304576
2113.849139
2114.683822
2115.119596
2115.791708
2115.821937
2116.514202
2116.719411
2117.384069
2117.387346
2117.476639
2120.085668
2120.326717
2120.540283
2121.402204
2121.742008
2122.716201
2123.416207
2125.232292
2125.269934
2125.885563
2125.915668
2125.918740
2125.922468
2126.690632
2128.626442
2128.630211
2128.632422
2128.789709
2128.878019
2129.189274
2129.841603
2132.839916
2135.821558
2137.053921
2137.410355
2138.773709
2139.193958
2139.503862
2139.695022
2139.789230
2139.825971
2139.850056
2139.865702
2140.029338
2140.124037
2140.401377
2140.454339
2140.576154
2140.743188
2140.748390
2140.752241
2140.896829
2141.054239
2141.139763
2141.152092
2141.169050
2141.174866
2141.291110
2141.365617
2141.462323
2141.503283
2141.589504
2141.706609
2141.763052
2141.853204
2141.988577
2142.482309
2142.520648
2142.599619
2142.758216
2142.790697
2143.156347
2143.319572
2143.565783
2144.002826
2144.381829
2144.601416
2144.842260
2144.955433
2145.418117
2145.514537
2145.606001
2145.821819
2145.828700
2146.045092
2146.153718
2147.092439
2147.379077
2147.448873
2147.558892
2148.282860
2148.323615
2148.703887
2149.129503
2149.271347
2149.334630
2149.836554
2150.269583
2150.454518
2150.951608
2151.284040
2151.352525
2151.426949
2151.475569
2151.681925
2151.731528
2151.746683
2151.750861
2151.770440
2151.774495
2151.844618
2151.852401
2151.877509
2151.944069
2152.036884
2152.185856
2152.260035
2152.455619
2152.482079
2152.487404
2152.498545
2152.757248
2152.816067
2152.937308
2153.057976
2153.207767
2153.650053
2153.723740
2153.745080
2153.782559
2153.889096
2153.918341
2153.922191
2154.008166
2154.042900
2154.327368
2154.332652
2154.844078
2154.979942
2155.084145
2155.164180
2155.180974
2155.201085
2240.550298
2240.585196
2241.020600
2241.090150
2241.133650
2241.176084
2241.181901
2241.189192
2241.212375
2241.218929
2241.228759
2241.251123
2241.259192
2241.267220
2241.292984
2241.311089
2241.324196
2241.568236
2241.634345
2241.661215
2241.707336
2241.756365
2241.797530
2241.817846
2241.870561
2241.952195
2242.003845
2242.022318
2242.060411
2242.290483
2242.375803
2242.547180
2242.567168
2242.767380
2242.786959
2242.799288
2242.806456
2242.812150
2242.862490
2242.907546
2242.929869
2243.124593
2243.216261
2243.379937
2243.453665
2243.608986
2243.629588
2243.765535
2243.819643
2243.857981
2243.870269
2243.888251
2244.488684
2244.501709
2244.599030
2244.603658
2244.607386
2244.611564
2244.660265
2244.690452
2244.714619
2244.799365
2244.804362
2244.809277
2244.813005
2244.822958
2244.872643
2244.925481
2244.933878
2244.944364
2244.958945
2244.963656
2244.970783
2244.977172
2244.991099
2244.995809
2245.005025
2245.013545
2245.021491
2245.032428
2245.044429
2245.056922
2245.064663
2245.078344
2245.092639
2245.145272
2245.207286
2245.285642
2245.310996
2245.355889
2245.477499
2245.519974
2245.542175
2245.605990
2245.616312
2245.666611
2245.735137
2245.751808
2245.797396
2245.803049
2245.811651
2245.833236
2245.840691
2245.868831
2245.929656
2246.007521
2246.107218
2246.184100
2246.201385
2246.205440
2246.210970
2246.234276
2246.253937
2246.267412
2246.280970
2246.309970
2246.340690
2246.385254
2246.393815
2246.403195
2247.436411
2247.908475
2248.302060
2248.373740
2248.640512
2248.873124
2249.049170
2249.055150
2249.058427
2249.136742
2249.298002
2249.578332
2249.778504
2249.782518
2249.786696
2249.798164
2249.801933
2249.814958
2249.819382
2249.837199
2249.842115
2249.849078
2249.890775
2249.901384
2249.918259
2250.596884
2250.672538
2250.939802
2250.977321
2251.186094
2251.268710
2252.136530
2253.766984
2254.251172
2254.490583
2255.758254
2256.448717
2256.608174
2257.348731
2257.410335
2257.525719
2257.701970
2258.270044
2258.701230
2258.821366
2259.613450
2259.973120
2260.150682
2260.285891
2260.300145
2260.498637
2260.736123
2260.863345
2260.868506
2260.871455
2260.989583
2261.066793
2261.355233
2261.645967
2261.893734
2261.896602
2262.062572
2262.116434
2262.126223
2262.220513
2262.525051
2262.632980
2262.732472
2262.892052
2262.998876
2263.079281
2263.207977
2263.355638
2263.395697
2263.409869
2263.602299
2263.787766
2263.820452
2263.854694
2263.878533
2263.884227
2264.076493
2264.122819
2264.172872
2264.264786
2264.288584
2264.300790
2264.312259
2264.327004
2264.514028
2264.535286
2264.564408
2265.054413
2265.309512
2265.838305
2266.078904
2266.093322
2266.161111
2266.164675
2266.249708
2266.418749
2266.696827
2266.799432
2266.820035
2266.904248
2266.941850
2267.072840
2267.345265
2267.453276
2267.676426
2267.720786
2267.893514
2268.067512
2268.121539
2268.216484
2268.355338
2269.016146
2269.291069
2269.724099
2270.383268
2272.368599
2272.940442
2273.632215
2277.704622
2277.709169
2277.711872
2277.773722
2277.777039
2277.786296
2277.795840
2277.807309
2277.942804
2278.445957
2278.549463
2282.776494
2282.959913
2283.454915
2283.633705
2283.952251
2284.167782
2284.240855
2284.370289
2284.373893
2284.421652
2284.703048
2284.852511
2286.057185
2286.669988
2289.542062
2289.640612
2290.593833
2290.600796
2290.744197
2291.106120
2291.115008
2291.117343
2291.218596
2291.276964
2291.672842
2291.915940
2292.038328
2292.109066
2292.114350
2292.117135
2292.522598
2292.530913
2292.598989
2292.638761
2292.705608
2292.802560
2292.852204
2292.959027
2293.073142
2293.079613
2293.082358
2293.091328
2293.282161
2293.524644
2294.078833
2294.208184
2294.380380
2295.107297
2295.112458
2295.673610
2295.832781
2296.267694
2297.478717
2297.624453
2298.091561
2298.162995
2298.477240
2298.515333
2298.827694
2299.026842
2299.694326
2299.698094
2299.821916
2299.830927
2299.994194
2300.003942
2300.007629
2300.011315
2300.016067
2300.099543
2300.196577
2300.443034
2300.890235
2301.192561
2301.266207
2301.340262
2301.566198
2302.372823
2302.414971
2302.419845
2302.427218
2302.613381
2302.715699
2302.956503
2303.863112
2303.943598
2303.962276
2304.464036
2304.469688
2304.475095
2304.554107
2304.586670
2304.616325
2304.740024
2304.758702
2304.771645
2304.778568
2304.843612
2304.891945
2304.931389
2304.942817
2304.955105
2304.955638
2305.052262
2305.089782
2305.098670
2305.399890
2305.544806
2306.134426
2306.749932
2306.776105
2306.808259
2306.827387
2306.884321
2306.904310
2307.005358
2307.010478
2307.022275
2307.123118
2307.132662
2307.225559
2307.273196
2307.340083
2307.349463
2307.397509
2307.499745
2307.813663
2307.828040
2307.831480
2307.842458
2308.653097
2308.686316
2308.698317
2308.703191
2308.771348
2308.822589
2308.828365
2308.832174
2308.839342
2308.880015
2308.980081
2308.999496
2309.048525
2309.078671
2309.275320
2309.285847
2309.290189
2309.343314
2309.364654
2309.381325
2309.392220
2309.411103
2310.311731
2310.748897
2310.883410
2310.912901
2310.927401
2310.931046
2311.013089
2311.023247
2311.027343
2311.043523
2311.059210
2311.257539
2311.296164
2311.312138
2311.350436
2311.359693
2311.364321
2311.505592
2311.573012
2311.583334
2311.592018
2311.638426
2311.657431
2311.660749
2311.665091
2311.670415
2311.677952
2311.699251
2311.718339
2311.971185
2312.190321
2312.231199
2312.261345
2312.344289
2312.363131
2312.451604
2312.501699
2312.572191
2312.605123
2312.702525
2312.750653
2312.820081
2312.849777
2312.977080
2313.063383
2313.353134
2313.543393
2313.644810
2313.687286
2313.697239
2313.701130
2313.717637
2313.766380
2313.776865
2313.780183
2313.791365
2313.826796
2313.864151
2313.918423
2313.931489
2313.938289
2313.959506
2313.966060
2314.343793
2314.678190
2314.840228
2314.879427
2314.950820
2314.964460
2315.041997
2315.060593
2315.067187
2315.114086
2315.146240
2315.319828
2315.364270
2315.373363
2315.392492
2315.399209
2315.419730
2315.426202
2315.434230
2315.498824
2315.528151
2315.636244
2315.708703
2315.715011
2315.736392
2315.755643
2315.911127
2316.031508
2316.081807
2316.117156
2316.173189
2316.362056
2316.376392
2316.417556
2316.424765
2316.429312
2316.437873
2316.457411
2316.489482
2316.501647
2316.521021
2316.558131
2316.773007
2316.803359
2316.836946
2316.936069
2317.107978
2317.178225
2317.196902
2317.321626
2317.481288
2317.486121
2317.490463
2317.777142
2317.808148
2317.905715
2318.070088
2318.087414
2318.270054
2318.293361
2318.306796
2318.314988
2318.427668
2318.574100
2318.621532
2318.736835
2318.848819
2319.099372
2319.177114
2319.330468
2319.530148
2319.536087
2319.539241
2319.545917
2319.831859
2319.895593
2319.931720
2319.940567
2319.944827
2319.949537
2320.007537
2320.048087
2320.254566
2320.298435
2320.689111
2320.756163
2320.806175
2320.822108
2320.825221
2321.009132
2321.036247
2321.098424
2321.169203
2321.177395
2321.196728
2321.214382
2321.236500
2321.335951
2321.385185
2321.551565
2321.831567
2321.945764
2322.130657
2322.338939
2322.419425
2322.424422
2322.719580
2322.965627
2323.439862
2323.580682
2323.585270
2323.590963
2323.725558
2324.007363
2324.090675
2324.214170
2324.307354
2324.573184
2324.684349
2324.961280
2325.457797
2325.568348
2325.854003
2326.156083
2326.473646
2326.941000
2327.232594
2327.540859
2327.652925
2327.709123
2327.906345
2328.551711
2328.588534
2329.929073
2331.026473
2331.082998
2331.158651
2331.303977
2331.388396
2332.353044
2332.435456
2332.944179
2333.102531
2333.997015
2334.088274
2334.170931
2334.265262
2334.313513
2334.801142
2335.674655
2335.678996
2335.681946
2335.806669
2335.815844
2335.819735
2335.828992
2335.839764
2335.991276
2336.446013
2336.503726
2336.593347
2336.654828
2336.694067
2336.735519
2336.891372
2337.094451
2337.362043
2337.584005
2338.156585
2338.352660
2338.438103
2338.481848
2338.562662
2338.728509
2340.588503
2341.021450
2341.139456
2341.153628
2342.017106
2342.474834
2342.672138
2342.798991
2342.991831
2343.732716
2343.794033
2344.090952
2344.156611
2344.161567
2344.167096
2344.174060
2344.267694
2344.688435
2344.745984
2344.780882
2344.852439
2344.963113
2344.975852
2345.027092
2345.042125
2345.056420
2345.070100
2345.198838
2345.271050
2345.282273
2345.286164
2345.301115
2345.386885
2345.428746
2345.463603
2345.530778
2345.565962
2345.600000
2345.625887
2345.661563
2345.881969
2346.371072
2346.632151
2346.649190
2346.652918
2346.657956
2346.663608
2346.668483
2346.920591
2347.010540
2347.180319
2347.485102
2347.603395
2347.961262
2348.340224
2348.586967
2349.018317
2349.028680
2349.032120
2349.488333
2349.557596
2349.646029
2349.753344
2349.850051
2349.905347
2349.925048
2349.954949
2349.965558
2349.987635
2349.993861
2350.008771
2350.018355
2350.091633
2350.118011
2350.253097
2350.264402
2350.357176
2350.362255
2350.366188
2350.370079
2350.435942
2350.489313
2350.612685
2350.663639
2350.698906
2350.955192
2350.979154
2350.996849
2351.001518
2351.111660
2351.362253
2351.392236
2351.425044
2351.458099
2351.523635
2351.615508
2351.625626
2352.221389
2352.351560
2352.469156
2352.588063
2352.694149
2352.911319
2352.927375
2353.249526
2353.285038
2353.288069
2353.294049
2353.840087
2353.848074
2353.895137
2353.939456
2353.961779
2353.983816
2353.988076
2353.991803
2354.177597
2354.363597
2354.458952
2354.560819
2354.618245
2354.943058
2355.107062
2355.230884
2355.328696
2355.404759
2355.430154
2355.477627
2355.519611
2355.564093
2355.571958
2355.585720
2355.680707
2355.690168
2355.753902
2355.791135
2355.797115
2355.804815
2355.818332
2355.823616
2355.831235
2355.837051
2355.843113
2355.851428
2356.908278
2356.952924
2356.959109
2357.016945
2357.035254
2357.062287
2357.084037
2357.203313
2357.217198
2357.224899
2357.230879
2357.238661
2357.251277
2357.363999
2357.374403
2357.452677
2357.604393
2357.642977
2357.655634
2357.698273
2357.713019
2357.726577
2358.064620
2358.166856
2358.175621
2358.192169
2358.258401
2358.358262
2358.653829
2358.753976
2359.358382
2359.449846
2359.474872
2359.582269
2359.722353
2359.765361
2359.785308
2359.806403
2359.809352
2359.815905
2359.898890
2359.920394
2359.951729
2359.969505
2360.081859
2360.171028
2360.197489
2360.206705
2360.217641
2360.220344
2360.266015
2360.273060
2360.280965
2360.287560
2360.313119
2360.320205
2360.332370
2360.348713
2360.385331
2360.396349
2360.405524
2360.414781
2362.380288
2362.695188
2364.020285
2364.253594
2364.537569
2364.580372
2364.698132
2364.985303
2365.110845
2365.163889
2365.188301
2365.212918
2365.247898
2365.251707
2365.265183
2365.269729
2365.288899
2365.589135
2365.804421
2365.937377
2365.989806
2366.075822
2366.107525
2366.198292
2366.309704
2366.361559
2366.487060
2366.578811
2366.592696
2366.596506
2366.682522
2366.709965
2366.841692
2366.897889
2366.905344
2367.317688
2367.721103
2368.299950
2368.331776
2368.424100
2368.432701
2368.437043
2368.440730
2368.526500
2368.635126
2368.639631
2368.643891
2368.782909
2368.809247
2368.932782
2369.000202
2369.053000
2369.078518
2369.156833
2369.235804
2369.505772
2369.905377
2369.908613
2369.992212
2370.028462
2370.042921
2370.119107
2370.183209
2370.209710
2370.239570
2370.430771
2370.828575
2371.013960
2371.047670
2371.108741
2371.196027
2371.237028
2371.450880
2371.473203
2371.508511
2371.515884
2371.664814
2371.698033
2371.814892
2371.977626
2372.132209
2372.151255
2372.155228
2372.282900
2372.393574
2372.551025
2373.137613
2373.452390
2373.851505
2373.932933
2374.051512
2374.493594
2374.570639
2376.122204
2376.219279
2377.410273
2377.435177
2377.440829
2377.444680
2377.447916
2377.454141
2377.530286
2377.535816
2377.545073
2377.555968
2377.595249
2377.694003
2377.830646
2377.881723
2377.985393
2378.190029
2378.415677
2378.492600
2378.686505
2378.954506
2379.154964
2379.222958
2379.241431
2379.243807
2379.246838
2379.612160
2379.723530
2379.958641
2380.162540
2380.291031
2380.556206
2380.585902
2381.032079
2381.218243
2381.646070
2381.710787
2382.240195
2382.594580
2383.080612
2383.151186
2383.156306
2384.189891
2384.693780
2385.675141
2385.836032
2385.844224
2386.069832
2386.505564
2387.451699
2388.865843
2390.060032
2390.141624
2390.196634
2390.442394
2390.664274
2390.843515
2391.293788
2391.297761
2391.577436
2392.387584
2392.957501
2395.032371
2395.035853
2395.038802
2395.503903
2395.545723
2398.347837
2398.385766
2401.499218
2402.239775
2402.703688
2403.357778
2403.633316
2403.791749
2403.981763
2404.337418
2406.098002
2408.533524
2409.244549
2411.897651
2411.930214
2411.942175
2413.167616
2414.896128
2415.761777
2415.829197
2416.411361
2416.487260
2416.629228
2417.005404
2417.209795
2419.952845
2420.134666
2420.357775
2420.364575
2420.369940
2420.408074
2420.451000
2420.594033
2420.686807
2420.707942
2420.749722
2420.779745
2420.829880
2420.966892
2421.162271
2421.220229
2421.223465
2421.308826
2421.416059
2422.169764
2422.702039
2422.856253
2422.865142
2422.867476
2422.871695
2422.875832
2422.991340
2423.669596
2423.675904
2423.678566
2424.337490
2424.444436
2424.601231
2424.789647
2425.127690
2425.174917
2428.454420
2429.011272
2429.034701
2429.132104
2429.559849
2429.567304
2429.569884
2429.630054
2429.639803
2429.647585
2429.652869
2429.768008
2430.643651
2430.808637
2430.903992
2431.058903
2431.124849
2431.219343
2431.368643
2431.388877
2431.413125
2431.554519
2431.819776
2431.852872
2433.203241
2433.209180
2433.212908
2433.300890
2433.340621
2433.345413
2433.380311
2433.393992
2433.423360
2433.440481
2433.453015
2433.485988
2434.035917
2434.186895
2434.508595
2434.793923
2434.857902
2434.940600
2434.998886
2435.079373
2435.257016
2435.312312
2435.375063
2435.504783
2435.528909
2435.543613
2435.648061
2435.722158
2435.738296
2435.794780
2435.843359
2435.929702
2435.935355
2436.161249
2436.188733
2436.229284
2436.295270
2436.315791
2436.357202
2436.394271
2436.636754
2436.747715
2436.844339
2436.865106
2436.872110
2436.878418
2436.977009
2437.131346
2437.140890
2437.153300
2437.165220
2437.231657
2437.461279
2437.507482
2437.513462
2437.606851
2437.612954
2437.618196
2437.621473
2437.625938
2437.747425
2437.784248
2437.867274
2438.018007
2438.053233
2438.079283
2438.110454
2438.125732
2438.128763
2438.353920
2438.444360
2438.502359
2438.515671
2438.565478
2438.587515
2438.668698
2438.734766
2438.747791
2438.843638
2438.871900
2438.889472
2438.900818
2439.117824
2439.179018
2439.198597
2439.231283
2439.241974
2439.443251
2439.495926
2439.558308
2439.667958
2439.874273
2440.155546
2440.212603
2440.388485
2440.463852
2440.579932
2440.690811
2441.016402
2441.125110
2441.260237
2441.283543
2441.287434
2441.345843
2441.417114
2441.487852
2441.566822
2441.703629
2441.784197
2441.823724
2441.863414
2441.866650
2441.870664
2441.972736
2442.013450
2442.056868
2442.103521
2442.175898
2442.257777
2442.274570
2442.297344
2442.301972
2442.307174
2442.312008
2442.317701
2442.648330
2442.688471
2442.731807
2442.782392
2442.805576
2442.884956
2442.913423
2442.953769
2443.003617
2443.031183
2443.049861
2443.277517
2443.521802
2443.597824
2444.162294
2444.187075
2444.385690
2444.446433
2444.642058
2444.684698
2444.812329
2444.992963
2445.052068
2445.357957
2445.416325
2445.564477
2445.657129
2445.754368
2445.795983
2446.179656
2446.243103
2446.468383
2446.474404
2446.639964
2446.755348
2447.368765
2447.451791
2448.646799
2448.696033
2448.803430
2448.836116
2448.942981
2448.989962
2449.046651
2449.349509
2449.696809
2449.786102
2450.076549
2450.163958
2450.236703
2450.323743
2450.355118
2450.406523
2450.427044
2451.357532
2451.562291
2451.956449
2452.083876
2452.373504
2452.990075
2454.419825
2455.539057
2457.272852
2457.377956
2457.421373
2457.982239
2458.531103
2458.994278
2460.958433
2463.542231
2463.995781
2466.129265
2466.922783
2467.306537
2467.784294
2467.787858
2467.790561
2469.697208
2471.888282
2471.918264
2472.301937
2474.867794
2477.215949
2477.224428
2477.226967
2477.229957
2477.234790
2477.303030
2477.438812
2478.928978
2482.087485
2484.909998
2487.205519
2487.210476
2487.213384
2489.208791
2491.819172
2495.930819
2499.575726
2500.686848
2500.835205
2501.233091
2508.083282
2514.466284
2514.502779
2514.544026
2514.566267
2514.573885
2515.780157
2519.544013
2519.551754
2519.555973
2520.832737
2526.728028
2528.564429
2528.573112
2528.575365
2528.649175
2528.679731
2528.696443
2528.708076
2528.728719
2528.732119
2528.751002
2528.758538
2529.010893
2529.217577
2530.369864
2531.116564
2531.194102
2532.776796
2532.809605
2534.407823
2534.618194
2534.817464
2535.855718
2537.977160
2538.487521
2539.104379
2539.111711
2539.116995
2540.404408
2542.329487
2544.587325
2544.607683
2544.810598
2544.821125
2544.824443
2544.830341
2544.952484
2544.994509
2545.005363
2545.048494
2545.055130
2545.506058
2545.604731
2547.526820
2547.592561
2548.113981
2548.126884
2548.178166
2548.185457
2548.189430
2548.196557
2548.200940
2548.204995
2548.296827
2548.323123
2548.331684
2548.339220
2548.441334
2548.581417
2548.679270
2548.924293
2549.123195
2549.283922
2549.422367
2549.516493
2549.663375
2549.695980
2549.734072
2549.803622
2550.017147
2550.036644
2550.048809
2550.054994
2550.062653
2550.303744
2550.394266
2550.775603
2551.351214
2551.472742
2551.527178
2551.629373
2551.838925
2551.866655
2552.576942
2553.219891
2553.453322
2553.526518
2553.578906
2553.689047
2553.829704
2553.878487
2553.927803
2553.933373
2553.943777
2553.949553
2553.993912
2554.003005
2554.450739
2554.849526
2554.960364
2555.113185
2555.346944
2555.530076
2555.624161
2555.735327
2555.767112
2555.940577
2556.370330
2556.490957
2557.027000
2557.151191
2557.341204
2557.845955
2558.281933
2558.444380
2559.514706
2560.414351
2560.810476
2560.865362
2560.966656
2560.977633
2561.234125
2561.404232
2561.409516
2561.412915
2561.602150
2561.641062
2561.716429
2561.780122
2561.844593
2561.947525
2561.995244
2562.063196
2562.126397
2562.472264
2563.084083
2563.219456
2563.290849
2563.682836
2563.819069
2564.305920
2564.424868
2564.480000
2564.552622
2564.642406
2564.780605
2564.838441
2564.891853
2564.909793
2565.011128
2565.042217
2565.238620
2565.453046
2566.679388
2566.690243
2566.692864
2566.856253
2566.936248
2566.977577
2567.228703
2567.787151
2567.833682
2567.929201
2567.933747
2567.937884
2568.137073
2568.174060
2568.195850
2568.271626
2568.373084
2568.516690
2568.529388
2568.568545
2568.610161
2568.644567
2568.654848
2568.660951
2568.664842
2568.984003
2569.063670
2569.172910
2569.197937
2569.203794
2569.234760
2569.319588
2569.439150
2569.532539
2569.692119
2569.731564
2569.790587
2569.856492
2569.928540
2570.006938
2570.108232
2570.161029
2570.175693
2570.186752
2570.189373
2570.193797
2570.197238
2570.202235
2570.357391
2570.440131
2570.457743
2570.461839
2570.466263
2570.471055
2570.559447
2570.596762
2570.627400
2570.971546
2571.023647
2571.130798
2571.152097
2571.266540
2571.361321
2571.423212
2571.464581
2571.495752
2571.524137
2571.653816
2571.993498
2572.033188
2572.042813
2572.045722
2572.094177
2572.109169
2572.121211
2572.124488
2572.127887
2572.152914
2572.182200
2572.193055
2572.213207
2572.228116
2572.461425
2572.517171
2572.535357
2572.581683
2572.589752
2572.612116
2572.617196
2572.655657
2572.662866
2572.667208
2572.679209
2572.692234
2572.889498
2573.019136
2573.104988
2573.246382
2573.256376
2573.413949
2573.581517
2573.614817
2573.691945
2573.722460
2574.598595
2574.992015
2575.239782
2575.325430
2575.346565
2575.454659
2575.558861
2575.707177
2575.741460
2575.800443
2575.822070
2575.830589
2575.858483
2575.862129
2575.866184
2575.872778
2575.879004
2576.416522
2576.504422
2576.515850
2576.612188
2576.674898
2576.743301
2576.752189
2576.791634
2576.828293
2576.879411
2576.886579
2576.915169
2576.931389
2577.265582
2577.365361
2577.417216
2577.444659
2577.458176
2577.466163
2577.495859
2577.529979
2577.901732
2578.176983
2578.185585
2578.217370
2578.231337
2578.241085
2578.245632
2578.249523
2578.752389
2578.989425
2579.047629
2579.106693
2579.247800
2579.372360
2579.392676
2579.469804
2579.594076
2579.762463
2580.179845
2580.292772
2580.425851
2580.531200
2580.689674
2580.704338
2580.708680
2580.839219
2580.858634
2581.009900
2581.059420
2581.066588
2581.069373
2581.073838
2581.239685
2581.527839
2581.670912
2581.678735
2581.765939
2581.818368
2581.857812
2581.870182
2581.888860
2581.893816
2582.054789
2582.166610
2582.324593
2582.473646
2582.653338
2582.685000
2582.751846
2582.758564
2582.777856
2582.853468
2582.939935
2583.247217
2583.251722
2583.363584
2583.539999
2583.620280
2583.629578
2583.793377
2583.838024
2583.853834
2583.903928
2583.980810
2584.673731
2584.832696
2584.976671
2585.213338
2585.296978
2585.317704
2585.321103
2585.399091
2585.435013
2585.565635
2586.021315
2586.234880
2586.667131
2586.706903
2586.764165
2586.783130
2587.078451
2587.083981
2587.173069
2587.353334
2587.361403
2587.389010
2587.396669
2587.480351
2587.687649
2587.698586
2587.726438
2587.748966
2587.780997
2587.857060
2587.899412
2588.156805
2588.256748
2588.448768
2588.463800
2588.686950
2588.690964
2588.701860
2588.728689
2588.754944
2588.815360
2588.835635
2588.861972
2588.889211
2588.896666
2588.905472
2588.920709
2588.953190
2588.963922
2588.964332
2588.987064
2589.000868
2589.034373
2589.120061
2589.175931
2589.211689
2589.276119
2589.310525
2589.335224
2589.347799
2589.361684
2589.367542
2589.373850
2589.382369
2589.410796
2589.435453
2589.444588
2589.451960
2589.463101
2590.174454
2590.239048
2590.328955
2590.428774
2590.457078
2590.737572
2591.180268
2591.253586
2591.326781
2591.378104
2591.431229
2591.475999
2591.503688
2591.529820
2591.581635
2591.598019
2591.607890
2591.611085
2591.618458
2591.630049
2591.650324
2591.681782
2591.707791
2591.713976
2591.739904
2591.747359
2591.829729
2592.348611
2592.917381
2593.005896
2593.149747
2593.519084
2594.138644
2594.191442
2594.416353
2594.609029
2594.854707
2594.912993
2595.074458
2595.189637
2595.282657
2595.693691
2595.953377
2596.099318
2596.221706
2596.368507
2596.450058
2597.374648
2597.473485
2598.906511
2601.064202
2601.694290
2602.151895
2602.170081
2602.760520
2605.190758
2606.170317
2606.317445
2606.933975
2607.368069
2611.020964
2613.585838
2615.124828
2619.621745
2619.644764
2619.671511
2619.680195
2619.682488
2619.687035
2619.696333
2619.856241
2620.123873
2620.264776
2620.325847
2620.335268
2620.371558
2620.380938
2620.881633
2620.916900
2620.935823
2620.970025
2621.019218
2621.114860
2621.279805
2621.382246
2621.873070
2622.145700
2625.290322
2625.299784
2627.357000
2630.261228
2630.275564
2630.342410
2631.326228
2631.407698
2631.733985
2631.923261
2632.239268
2632.345190
2632.488346
2633.030164
2633.129206
2633.332736
2633.419080
2635.094794
2635.182080
2635.378196
2635.500995
2635.505869
2635.508449
2636.608635
2636.643246
2636.707676
2636.882043
2637.944545
2638.227005
2640.413286
2642.593915
2642.603008
2642.605425
2645.766390
2647.617987
2647.664804
2647.784243
2651.039826
2651.047281
2651.063173
2651.067105
2651.077714
2651.083776
2651.605688
2651.703378
2651.983421
2653.329736
2657.234575
2657.947320
2658.207048
2659.175465
2660.069253
2660.074537
2660.078633
2660.084244
2660.224614
2660.555080
2660.606525
2660.760330
2661.000151
2661.408317
2662.601400
2663.190569
2663.763067
2664.780227
2664.897577
2664.921088
2665.394381
2671.268905
2675.203154
2677.515674
2682.161521
2684.994601
2688.548741
2688.555049
2688.557548
2688.561357
2688.817684
2695.299973
2697.712845
2701.455196
2705.350820
2705.367613
2705.439048
2706.643845
2707.177718
2707.284910
2709.039964
2709.070316
2709.156127
2709.785395
2711.342490
2711.422689
2711.716905
2711.809352
2711.969874
2712.124375
2712.147354
2712.156979
2712.166932
2712.361656
2712.412611
2712.474993
2712.566743
2712.630026
2712.871199
2712.892293
2712.967045
2713.120768
2713.345925
2713.508454
2713.543107
2713.607373
2713.659884
2713.668526
2713.671926
2714.134446
2714.345513
2714.644685
2714.797425
2715.022254
2715.409940
2715.599667
2715.804344
2715.814584
2715.817902
2716.038595
2716.195471
2716.314051
2716.511846
2716.518195
2716.522947
2716.624200
2716.723855
2716.991980
2717.189775
2717.513400
2717.601219
2717.678592
2717.748429
2717.844275
2717.992878
2718.198088
2718.390026
2718.693949
2718.867128
2719.092163
2719.154094
2719.186002
2720.145940
2720.191816
2720.410706
2720.453837
2720.458793
2720.462725
2720.591708
2720.596910
2720.601334
2720.649011
2720.760218
2720.776929
2720.786964
2720.791921
2720.808919
2720.831570
2720.926925
2720.956334
2720.973742
2720.981279
2721.080156
2721.111818
2721.160438
2721.216758
2721.244160
2721.350738
2721.435689
2721.904353
2722.067784
2722.640282
2722.754232
2722.773033
2722.777784
2722.855772
2722.864169
2722.991636
2723.044721
2723.067904
2723.151667
2723.220480
2723.270902
2724.336640
2724.761928
2725.516411
2725.552415
2725.582111
2725.930844
2725.987860
2726.058721
2726.143468
2726.156247
2726.159606
2726.301286
2726.392750
2726.418760
2726.517801
2726.548603
2726.554788
2726.558925
2726.574162
2726.586941
2726.597632
2726.618890
2726.632366
2726.647439
2726.861906
2726.953861
2727.086735
2727.172874
2727.258849
2727.368131
2727.373783
2727.377183
2727.577231
2728.124170
2728.142070
2728.190771
2728.228332
2728.234189
2728.237138
2728.262861
2728.332739
2728.347771
2728.410235
2728.417198
2728.427315
2728.462336
2728.505590
2728.511611
2728.529838
2728.608440
2728.759009
2728.773878
2728.789074
2728.804188
2728.813036
2728.856412
2728.872100
2728.875377
2728.896102
2728.903762
2728.907817
2728.914698
2729.033277
2729.198961
2729.535160
2729.830318
2729.910477
2729.989857
2730.063012
2730.090947
2730.166190
2730.479698
2730.484982
2730.490061
2730.555965
2730.561290
2730.568540
2730.572145
2730.691707
2730.695352
2730.701292
2730.704527
2730.784891
2730.810655
2730.872136
2731.010949
2731.027456
2731.034173
2731.038433
2731.044004
2731.129815
2731.158118
2731.187487
2731.214684
2731.366851
2731.395727
2731.425096
2731.496980
2731.618673
2731.721810
2731.766989
2731.858371
2731.911414
2731.927962
2731.971953
2731.992310
2732.023603
2732.044370
2732.048794
2732.061860
2732.070748
2732.127928
2732.285952
2732.587254
2732.881142
2732.956017
2733.014999
2733.051904
2733.330432
2733.506806
2733.519954
2733.691986
2733.738312
2733.768991
2733.771612
2733.775094
2733.845873
2733.960028
2733.967401
2734.080164
2734.244209
2734.304420
2734.317036
2734.320722
2734.334730
2734.408376
2734.453023
2734.489518
2734.702223
2734.842634
2734.915092
2734.996685
2735.050465
2735.082701
2735.195300
2735.238963
2735.292580
2735.332925
2735.429632
2735.442739
2735.453839
2735.458796
2735.462932
2735.587942
2735.594783
2735.599288
2735.603876
2735.642583
2735.826002
2735.898624
2735.979520
2736.010772
2736.015155
2736.310559
2736.491725
2736.603013
2736.629719
2736.744448
2736.885883
2737.050706
2737.064182
2737.149624
2737.161544
2737.177395
2737.182147
2737.433436
2737.437327
2737.639383
2737.676739
2737.685217
2737.737974
2737.987133
2738.102190
2738.116813
2738.205041
2738.285978
2738.391122
2738.446459
2738.452808
2738.474926
2738.553446
2738.560614
2738.568479
2738.643640
2738.652447
2738.686198
2738.739528
2738.762138
2738.778481
2739.141714
2739.224453
2739.228877
2739.251814
2739.254682
2739.258450
2739.357614
2739.412664
2739.448545
2739.623322
2739.663340
2739.682017
2739.722813
2739.732685
2739.745628
2739.932324
2739.937894
2740.175626
2740.202906
2740.251976
2740.270121
2740.296376
2740.300595
2740.447764
2740.534682
2740.749066
2740.857119
2741.248082
2741.516206
2741.533614
2741.606318
2741.676605
2741.710070
2741.807063
2741.839380
2741.879357
2741.883904
2741.889966
2742.000722
2742.009733
2742.081085
2742.101770
2742.192865
2742.378947
2742.387671
2742.439608
2742.449111
2742.477373
2742.490972
2742.496788
2742.519194
2742.529352
2742.771220
2742.785393
2743.079526
2743.184548
2743.196180
2743.440712
2743.513170
2743.525663
2743.529718
2743.538811
2743.594435
2743.631421
2743.728087
2743.907697
2744.011694
2744.066253
2744.290140
2744.480236
2744.547779
2744.701788
2744.859812
2745.083658
2745.223086
2745.338102
2748.861153
2749.068943
2749.474079
2749.762232
2749.824573
2750.446838
2750.799790
2750.963835
2751.017492
2751.025848
2751.033549
2751.146680
2751.505818
2751.563489
2751.609405
2752.285942
2752.379372
2752.908411
2753.045996
2753.052877
2753.056154
2753.061888
2753.939333
2754.030100
2754.924585
2755.388662
2755.465462
2755.913523
2756.047708
2756.291666
2756.550369
2756.899512
2757.063434
2757.099479
2757.154652
2757.760205
2757.829960
2758.034637
2758.133719
2758.137610
2758.140068
2758.157312
2758.161121
2758.242140
2758.342492
2758.679306
2758.688236
2758.692495
2758.744433
2758.911386
2758.963487
2758.984991
2759.120896
2759.480033
2759.505551
2759.548559
2759.710310
2759.838392
2760.131256
2760.203428
2760.280228
2760.328274
2760.407163
2760.525373
2760.569610
2760.573460
2760.596398
2760.711168
2760.719442
2762.587709
2762.778255
2763.443937
2763.608801
2763.672084
2763.924439
2764.642509
2764.750520
2764.819538
2764.823675
2766.119035
2766.204764
2766.213120
2766.215987
2766.926316
2767.008276
2767.140209
2767.513764
2767.581921
2767.688868
2767.723889
2769.918894
2769.948590
2770.168177
2771.807355
2771.818127
2771.879485
2771.925443
2772.004577
2772.060529
2772.809073
2772.820296
2772.828160
2772.832215
2772.944773
2773.017477
2773.811036
2774.735380
2774.781829
2775.429407
2775.488758
2775.697981
2776.046510
2779.701166
2781.003325
2781.016474
2781.020201
2781.023232
2781.069926
2781.405553
2781.418619
2781.730447
2781.930127
2782.280827
2783.119647
2783.471165
2783.961580
2784.024289
2784.250880
2784.496353
2784.665477
2784.705823
2784.840540
2784.909599
2785.011343
2785.311171
2785.447035
2786.038333
2786.769879
2787.594813
2789.142610
2790.246400
2791.333683
2793.519268
2793.524224
2793.528074
2796.253962
2797.217219
2798.902354
2799.307039
2801.544192
2804.579410
2806.708593
2807.177052
2809.734349
2809.759334
2810.002268
2810.029179
2810.233979
2811.337728
2811.341496
2811.345019
2811.603108
2811.751752
2815.503278
2815.951421
2816.008274
2816.329482
2816.334193
2816.338575
2816.341524
2817.298801
2817.447772
2817.720361
2817.769267
2817.932493
2818.092155
2818.878833
2819.361915
2819.370148
2819.373302
2819.383132
2819.576832
2820.090593
2820.098130
2820.102267
2820.445553
2821.092434
2821.448090
2821.985485
