51.535217
51.558195
51.594035
51.711263
51.773194
51.844424
51.980206
52.013384
52.202332
52.342661
52.619100
53.291704
53.861704
53.932646
53.972091
54.689096
55.921623
56.456806
56.637317
56.715387
56.736522
56.749629
56.789975
56.926208
56.960655
56.995062
57.017180
57.057157
57.077105
57.090130
57.107538
57.133097
57.190728
57.204408
57.236685
57.267487
57.301688
57.322783
57.335972
57.361572
57.416417
57.480724
57.494774
57.784893
57.882010
57.910067
57.966920
58.010952
58.165043
58.186220
58.253148
58.434929
58.467656
58.508943
58.553467
58.587382
58.675077
58.747126
58.777272
59.666268
59.714970
59.769528
59.878113
59.941765
60.624814
60.712673
60.816507
60.832850
60.845138
60.925010
61.038756
61.055058
61.073285
61.104169
61.180027
61.264364
61.298401
61.314744
61.341082
61.433283
61.505659
61.517742
61.533716
61.601300
61.667615
61.711360
61.812122
61.856358
61.882327
61.901455
61.965189
61.986898
62.123622
62.194442
62.307615
62.444175
62.463836
62.537810
62.613012
62.633779
62.895636
63.028879
63.234458
63.309087
63.393260
63.404278
63.525110
63.551529
63.565701
63.614935
63.683994
63.746785
64.029655
64.118497
64.152904
64.200704
64.244736
64.287457
64.369050
64.523305
64.842957
64.886538
64.921190
64.951665
65.113620
65.142825
65.159946
65.203077
65.219338
65.503068
65.573970
65.620255
65.676165
65.750180
65.846395
66.133156
66.231050
66.398003
66.424422
66.845000
66.921677
67.000484
67.051110
67.125740
67.409224
67.626271
67.706511
67.756769
67.787776
67.880509
68.031693
68.097065
68.286013
68.360028
68.385669
68.658872
68.721091
68.813742
68.858470
69.049344
69.432033
69.593989
69.957140
69.997445
70.068797
70.091203
70.119055
70.155141
70.265324
70.317302
70.596731
70.626836
70.710477
71.016243
71.170171
71.552410
71.733821
71.831101
72.172503
72.209203
72.394629
72.721121
72.734269
72.752333
72.861450
72.890614
72.919450
73.002353
73.181921
73.264660
73.403802
73.461596
73.563750
73.754460
73.809265
73.845514
74.582016
74.825810
74.898473
75.218125
75.849728
76.041298
76.147384
76.659098
76.829737
77.132800
77.326459
77.472399
77.537894
77.748183
78.097736
78.658970
78.710415
78.804337
80.390513
80.641270
81.934049
82.148557
83.568312
83.697623
84.128686
84.230390
84.378870
86.034309
86.500106
86.590792
86.618931
86.756598
86.879519
87.067034
87.180411
87.212442
87.275192
87.557202
87.585751
87.718912
87.764500
88.086897
90.782638
90.784113
91.423744
91.553423
93.798236
93.878313
94.278164
94.347919
94.377411
94.399939
94.453924
94.491361
94.532321
94.743593
94.811955
94.982554
95.515771
95.548252
95.638405
95.864422
95.907348
96.214385
97.839104
101.625651
102.195446
102.401802
102.470001
102.561792
103.060972
103.124255
103.204782
103.234028
105.112248
105.456763
105.683681
106.132521
106.231767
106.426327
109.914890
111.170396
111.359754
115.150275
115.286712
115.395707
115.407217
115.419628
115.445268
115.476521
115.574170
115.594117
115.610829
115.625001
115.649004
115.672719
115.692872
115.711181
115.845325
115.910205
115.987456
116.125737
116.151706
116.173824
116.196925
116.211835
116.234650
116.281057
116.390420
116.443382
116.553196
116.701020
116.745667
116.753039
117.045084
117.372150
117.506253
118.752870
118.830612
118.871122
120.747500
122.913669
122.934641
123.078656
125.496279
126.108140
126.450565
126.630994
127.179244
128.607519
129.557135
130.111939
130.178662
130.291876
130.371584
131.054019
131.290030
131.322839
131.939779
131.962388
132.069048
132.451369
132.666655
133.178245
133.769216
134.633431
134.668411
134.706668
134.767084
135.754301
135.861658
136.219771
136.908349
136.940585
137.209487
137.252454
137.484288
137.651651
139.623629
140.418048
140.568125
140.572672
140.903260
141.313434
141.329080
141.587743
141.725368
141.963223
141.989970
142.036541
142.060749
142.079345
142.093148
142.096916
142.422917
142.514668
142.559355
142.601462
142.706483
143.864218
143.904317
144.023757
144.386171
144.516096
144.900956
144.980500
145.036124
145.086915
145.151181
145.190912
145.911685
145.939948
145.980662
146.097889
146.152530
146.172928
146.197832
146.378547
147.180626
147.404677
147.450184
147.542385
147.568230
147.681444
147.833815
147.915817
148.052378
148.121600
148.167885
148.350116
148.433879
148.726292
148.869816
148.969636
149.124178
149.159977
149.220270
149.434778
149.474263
150.225388
152.738693
153.549169
153.597624
154.017546
154.207396
154.321306
154.648699
154.902733
154.983711
155.012137
155.152671
155.461468
155.587625
156.112486
156.949709
156.984934
157.080617
157.288776
157.313802
159.406080
159.685755
159.961252
160.404070
160.495411
160.932946
160.956006
160.961823
160.992297
161.021952
161.046323
161.139999
161.182106
161.236419
161.273733
161.359749
161.440358
161.642496
161.730314
161.918198
165.640356
167.687250
169.122324
170.595656
170.615603
170.642473
170.869023
171.940659
172.846572
173.038223
176.201769
181.726700
181.850030
184.020419
184.157143
185.783460
188.010742
190.288773
190.392033
190.616044
190.671585
190.715249
193.148232
194.299658
196.061757
198.096527
199.467459
199.479296
200.894669
201.374269
203.079475
203.340882
204.896829
205.111665
208.094372
208.577659
213.310833
214.391890
214.702735
214.756188
216.196301
216.877875
216.899994
216.913428
216.926659
216.950129
216.963482
216.983020
216.991949
217.009357
217.054372
217.076040
217.091523
217.114419
217.158984
217.285263
217.335603
217.358705
217.376358
217.394627
217.406218
217.475113
217.493832
217.504072
217.509069
217.572065
217.578947
217.591276
217.604301
217.625436
217.678111
217.691587
217.709363
217.742500
217.756221
217.777807
217.857270
217.879921
217.895772
217.907610
217.962455
217.982648
218.004603
218.033398
218.149233
218.169754
218.207601
218.324214
218.344284
218.426941
218.466427
218.498294
218.524754
218.556989
219.032289
219.051336
219.139932
219.206984
219.246060
219.474985
219.603354
219.863859
219.957248
220.088156
220.266332
220.829696
220.902646
221.697884
222.030889
222.078771
222.107812
222.132797
222.156145
222.179328
222.214595
222.258668
222.272143
222.350131
222.424187
222.450811
222.485135
222.544978
222.616371
222.780785
222.906040
222.929428
223.029903
223.130665
223.180882
223.216271
223.340995
223.518515
223.529738
223.562711
223.589376
223.614607
223.688581
223.884165
224.184443
224.295690
224.324280
224.380559
225.017979
225.058611
225.121485
225.195295
225.708032
226.284667
226.982298
228.305633
229.445181
229.806531
229.852406
229.975532
230.024561
230.091899
230.136627
230.200197
231.758275
231.775027
231.790715
231.792640
231.813489
231.907574
231.978107
231.983964
232.135066
232.237138
232.266383
232.324915
232.625111
232.741478
233.034547
233.542369
235.860419
239.436882
239.718318
239.952896
240.479478
240.693125
242.257347
242.430484
242.482954
242.581012
242.646876
243.782861
243.969106
244.398899
247.504855
247.553352
248.680366
250.253804
250.742047
251.822326
252.150456
253.447823
253.527532
253.763666
253.855580
253.894861
254.001807
254.595809
254.745108
255.183176
258.810798
260.749599
260.788142
260.840571
260.937687
261.156987
261.178614
261.211259
261.276672
261.337334
261.619057
262.057288
262.284984
262.385623
262.478520
262.555156
263.340524
263.578706
263.657841
263.823483
263.913595
263.981793
264.111964
264.209900
264.271503
264.365466
264.454062
267.155128
268.006277
269.286482
272.399319
272.846971
272.933683
273.596539
273.613373
273.629676
273.643561
273.651753
273.677844
273.715446
273.734902
273.760993
273.862861
273.883955
273.921802
273.948140
274.063196
274.149745
274.163794
274.195948
274.210529
274.253988
274.269430
274.275983
274.298757
274.430730
274.511340
274.540216
274.581135
274.598093
274.628485
274.760090
274.789294
274.847130
274.885427
274.927370
275.067863
275.117097
275.163873
275.234939
275.319316
275.358966
275.444941
275.714376
276.056842
276.105093
276.286095
276.318290
276.399841
276.461158
276.527350
276.617052
276.637041
276.669030
276.752097
276.775363
276.821156
276.873912
276.892180
277.104026
277.147812
277.201674
277.239480
277.277000
277.353390
277.922734
278.107709
278.387794
278.397542
278.736527
278.761554
278.781338
278.797967
278.839706
278.868296
278.910198
278.967460
279.031849
279.157146
279.240090
279.283057
279.309558
279.400202
279.608156
279.699128
279.798047
279.820820
280.148132
280.185037
280.309391
280.389427
280.891515
281.035817
281.051832
281.075302
281.260564
281.336832
281.467331
281.622569
281.755197
281.812337
282.182779
282.224722
283.818148
284.835758
285.329039
285.476700
287.451136
288.672932
288.971940
289.316864
289.409311
289.709138
289.802240
289.880515
290.012815
292.640563
292.879155
293.033738
294.513992
294.522348
294.642606
295.080387
295.610860
295.787930
296.027832
296.056504
296.094269
296.467497
296.481505
296.499569
296.517673
296.710717
296.822129
297.094881
297.162957
297.229025
297.339822
297.556869
297.672172
297.839616
298.166026
299.698790
300.438036
300.487066
300.566938
300.598272
300.784599
300.974367
300.992430
301.155983
301.182034
301.213450
301.238845
301.261619
301.326254
301.467771
301.744497
301.792543
301.814252
301.870694
301.897196
301.931971
301.971210
302.029783
302.154506
302.204723
302.337352
302.402519
302.739251
302.940037
302.986404
303.063368
303.375237
303.397396
303.418778
303.454945
303.555789
303.628247
303.730524
303.882772
304.562217
304.661340
304.707379
304.761201
304.909926
304.933028
305.744937
305.769472
305.797980
305.835254
305.948918
306.033787
306.049884
306.096415
306.118205
306.205942
306.274263
306.417705
306.493850
306.566267
306.691277
306.821734
306.850898
306.911764
306.988360
307.329843
307.486433
308.800266
309.191762
309.475820
310.303212
310.363300
310.473155
310.993797
311.123354
311.254057
311.354900
311.511532
311.543235
311.576248
311.910973
312.210063
312.928379
313.409536
313.447137
313.641861
313.714524
314.046300
314.094182
314.131661
314.195558
314.337935
314.417930
314.707067
314.996040
315.424850
315.726397
315.868242
316.257444
316.425093
316.702065
316.948357
317.017907
317.582868
317.625672
318.676378
318.981816
319.125996
319.486689
319.509668
319.543337
319.569469
319.592899
319.629025
319.654134
319.704105
319.833047
319.880520
320.020931
320.166953
320.287334
320.321782
320.436634
320.443269
320.467067
320.536986
320.562954
320.624763
320.637010
320.640819
320.658883
320.686490
320.723067
320.754565
320.846520
320.885555
320.917709
320.927416
320.968663
320.979272
321.015726
321.131725
321.263411
321.361101
321.399644
321.448018
321.506673
321.552671
321.604854
321.637990
321.685873
321.741332
321.756692
321.774797
321.807237
321.862492
321.884242
321.902019
321.925980
322.037105
322.070405
322.197709
322.260500
322.500526
322.510275
322.618737
322.806989
323.041608
323.326648
324.130488
325.072159
325.120819
325.175542
325.645681
325.763523
325.915402
326.773064
326.841631
326.878863
326.952059
326.995190
327.089521
327.129539
327.158743
327.232430
327.387955
327.444808
327.665132
327.925719
327.964099
328.085258
328.211661
328.822579
329.555067
329.585992
329.697772
330.296975
330.490552
330.628055
330.810778
331.458642
331.810816
331.925012
331.975025
331.985633
331.990426
332.015657
332.028846
332.134359
332.162703
332.209152
332.279685
332.292342
332.352922
332.459049
332.670812
332.711608
332.801229
332.869386
332.885688
332.933079
333.269197
333.341041
333.491036
333.534659
333.585490
333.591880
333.633454
333.669130
333.710582
333.825188
333.974897
334.009713
334.054810
334.077051
334.238024
334.323753
334.391869
334.571151
334.653399
334.894490
334.993777
335.025562
335.181537
335.201649
335.224955
335.378104
335.419351
335.490540
335.532810
335.709880
336.599736
336.903700
337.866875
337.910579
339.526656
339.658179
340.008673
340.205855
340.260659
340.282163
340.324024
340.389683
340.428308
340.430438
340.468326
340.512973
340.534026
340.883169
341.378130
341.895414
342.165094
342.569533
343.657841
343.671316
343.713710
343.775437
343.799808
343.886848
343.946076
344.000266
344.019845
344.104878
344.135844
344.390861
344.420434
344.438907
344.466678
344.509276
344.599962
344.651039
344.741437
344.850309
344.887337
345.201869
345.571779
345.686917
346.963476
347.654349
348.204687
348.524544
350.151270
350.192845
350.238843
350.265057
350.422139
350.433649
350.486159
350.499103
350.548664
350.568243
350.689772
350.720655
350.754447
350.851031
350.880399
351.062589
351.516672
351.742403
351.885599
351.924429
351.976202
352.094986
352.140001
352.194232
352.363930
352.533135
352.619438
352.827638
352.854589
352.877363
352.939950
353.030103
353.123328
353.217372
353.423729
353.963254
354.064466
354.463785
354.738504
354.785772
354.854666
354.881864
354.936955
355.232072
355.272090
355.332628
355.391406
355.477094
355.495035
355.520676
355.577119
355.630531
355.779666
356.008509
356.023009
356.038492
356.104069
356.129751
356.149412
356.198646
356.230267
356.247552
356.277207
356.310303
356.331889
356.354335
356.413071
356.444570
356.476805
356.516372
356.531896
356.646912
356.780851
356.811571
356.813414
356.826972
356.845486
356.863590
356.885873
357.048566
357.145027
357.208842
357.244764
357.480817
357.533245
357.592474
357.654077
357.680947
357.692662
357.726495
358.224159
358.332211
358.359368
358.533284
358.581658
358.672261
358.739681
358.785679
358.809641
358.901391
359.066870
359.378412
359.401185
359.593779
359.638548
359.651492
359.764173
359.846134
359.896515
360.206131
360.470118
360.539750
361.783050
362.063012
362.240532
362.779443
362.951598
363.438694
363.638661
363.717796
363.830272
364.369428
364.452168
364.546703
364.611092
365.288940
365.850419
365.921690
366.001807
366.048952
366.100439
366.234460
366.253384
366.371308
366.498447
366.573527
366.732001
367.505449
367.868805
367.877407
368.208077
368.244449
368.473580
368.522650
368.724910
369.625375
370.148393
370.820628
371.429949
376.116879
376.175944
376.550728
377.106391
377.734636
379.885036
379.997102
380.068864
380.267807
381.777961
383.775007
384.255222
384.438313
384.583762
384.623616
384.634839
384.670843
384.719544
384.913162
384.992010
385.064673
385.094574
385.111491
385.920082
385.969644
386.042184
386.116076
386.202788
386.237235
386.360934
386.424791
386.544804
386.615132
386.677432
386.694144
386.775491
386.960835
387.098583
387.311002
387.557949
387.598868
387.646710
387.689062
387.708150
387.738747
387.755827
387.821036
387.956613
388.109885
388.303544
388.326892
388.362650
388.407091
388.878991
388.934533
388.965458
389.102920
389.271675
391.505674
391.608812
391.967580
392.063427
392.094925
392.309391
392.424448
392.545239
392.615567
392.739430
392.805499
392.859116
392.945254
392.978801
393.039749
393.114092
393.164759
393.195602
393.484820
393.510052
393.529139
393.611796
394.114703
394.167624
394.241106
394.263347
394.412278
394.442424
394.499236
394.539581
394.567352
394.616832
394.666353
395.567104
395.584512
395.602330
395.618222
395.631657
395.638047
395.646566
395.673027
395.698381
395.724882
395.743724
395.756831
395.778376
395.788083
395.805614
395.821261
395.837194
395.851981
395.927634
395.950080
395.967898
396.049654
396.070134
396.103516
396.228649
396.334244
396.366111
396.390687
396.418458
396.441559
396.461670
396.481946
396.499190
396.613181
396.643164
396.677325
396.709028
396.769526
396.873851
396.875735
396.921569
396.994806
397.286605
397.493576
397.590610
397.650371
397.696246
397.726802
398.130053
398.243758
398.314988
398.357094
398.422548
398.527529
398.571971
398.833254
398.879826
398.897766
398.976819
398.997381
399.045100
399.094415
399.136195
399.159337
399.181210
399.249203
399.350170
399.548416
399.765012
399.812280
399.868887
400.004055
400.032440
400.128901
400.150610
400.772342
400.858194
400.900792
401.270497
401.318298
401.625989
401.822925
401.904886
401.965302
402.007941
402.103337
402.196808
402.240102
402.289132
402.332303
402.404557
402.626232
402.701394
402.800189
403.305226
403.735921
403.805430
403.852820
403.933307
403.999990
404.349706
404.972954
405.162844
405.249065
405.393285
405.645517
405.683118
405.780767
405.924618
406.230835
406.415729
406.651822
406.763028
406.813164
406.858056
406.908846
407.013089
407.068262
407.143465
407.261020
407.518536
407.573504
407.641416
407.672750
407.952794
408.041718
408.099553
408.121426
408.230707
408.335647
408.373903
408.476467
408.619950
408.687944
408.812749
408.938373
409.190154
409.596150
409.896141
410.003948
410.047898
410.160210
411.036140
411.241103
411.284439
411.408302
411.469251
411.816059
411.965809
412.021678
412.089262
412.305654
412.437791
412.735652
412.809912
412.889293
413.007053
413.350584
413.410796
413.667287
416.937042
417.063977
417.221468
417.366589
417.596948
417.715937
417.729495
417.757880
417.767588
417.789379
417.806746
417.844142
417.918198
417.984471
418.049556
418.099651
418.165309
418.241618
418.277581
418.306048
418.320138
418.359050
418.381414
418.419712
418.433434
418.461327
418.568643
418.588426
418.620088
418.647327
418.686525
418.808545
418.870272
418.970010
419.061473
419.135201
419.175670
419.239813
419.292979
419.343278
419.390218
419.454034
419.469681
419.505766
419.615212
419.654492
419.785769
419.815670
419.861955
419.891814
419.979756
420.036608
420.131963
420.230267
420.253573
420.286136
420.302275
420.328940
420.347617
420.356547
420.396196
420.418396
420.536197
420.589814
420.636221
420.703396
420.722647
420.746609
420.793139
420.859494
420.913316
420.943872
420.988273
421.070111
421.193769
421.670871
422.143672
422.256312
422.313452
422.540370
423.629783
423.813939
423.841464
424.110572
424.380498
424.950825
425.198060
425.273385
425.361080
425.415516
425.567519
425.589678
426.359439
427.785830
428.360663
428.413583
428.467118
428.533719
428.618834
428.699075
429.292175
429.926810
430.320394
430.850417
431.331041
431.973990
432.072950
432.660562
433.271767
433.910620
434.328412
434.697994
435.748905
435.791053
435.852943
436.030628
436.456243
436.482376
436.514693
436.561469
436.803543
436.860600
437.061345
437.102879
437.188485
437.242143
437.283267
437.374648
437.474468
437.529887
437.610947
437.673861
437.802476
437.826273
437.889393
437.911798
438.154895
438.279660
438.359654
438.477660
438.534103
438.658540
438.659359
438.785188
438.810255
438.863954
438.954967
438.983926
440.727101
441.264865
441.669837
441.858744
441.889505
442.197729
442.240410
442.269286
442.294641
442.344980
442.462863
442.544701
442.568049
442.701496
442.734387
442.785546
442.881516
442.918543
442.946519
442.997146
443.108844
443.132232
443.169137
443.220705
443.287101
443.433042
443.457208
443.480392
443.528151
443.614085
443.665162
443.704197
443.750646
443.919114
444.065219
444.260925
444.349440
444.481331
444.519219
444.750684
444.872663
445.062062
446.004716
446.730527
446.845379
447.420703
447.463383
447.576637
447.846154
447.981855
448.027607
448.065618
448.161997
448.195707
448.257065
448.331325
448.390226
448.427622
448.488735
448.528876
448.621158
448.657736
448.704922
448.756449
448.777134
448.844595
448.869827
448.894853
448.928809
448.955679
449.014252
449.115750
449.152532
449.268285
449.309983
449.361347
449.518019
449.573396
449.664532
450.118164
450.208154
450.284257
450.705654
450.876662
451.240796
451.323699
451.781427
451.801989
451.849585
451.874939
451.958989
452.190495
452.253778
452.293878
452.378378
452.441825
452.771717
453.079204
453.182423
453.412536
453.716419
453.780644
453.895496
453.936742
454.188646
454.234767
454.476554
454.557737
454.777201
454.805914
455.015711
455.135846
455.164559
455.249838
455.346545
455.423795
455.471350
455.692943
456.060969
456.252416
457.428419
457.658982
458.629120
459.763835
460.626944
460.718162
460.732252
460.761702
460.781445
460.808888
460.823675
460.861071
460.883190
460.927549
460.992963
461.011395
461.177897
461.344236
461.587866
461.662904
461.734175
461.790945
462.250230
462.300733
462.320067
462.498775
462.542643
462.686904
462.778368
462.980260
463.117722
463.245107
463.342060
463.864340
463.908454
463.990907
464.010936
464.030392
464.053125
464.190505
464.323256
464.345743
464.387645
464.450765
464.689603
464.771686
464.872612
464.895713
464.957153
465.016914
465.036820
465.555538
466.069955
466.086543
466.141225
466.162975
466.192302
466.242970
466.289541
466.349711
466.412175
466.532516
466.685174
466.844713
466.892431
466.971116
467.026330
467.061555
467.105382
467.352576
467.401400
467.469763
467.923354
468.267991
468.305428
468.373504
468.520428
468.563558
468.886938
469.014733
469.037302
469.343068
469.380301
469.417984
469.442028
469.509284
469.563720
469.972378
469.988229
470.016819
470.058189
470.159524
470.187786
470.243164
470.316319
470.386606
470.631219
470.687867
470.747505
471.189012
471.274783
471.339786
471.400980
471.412408
471.424655
471.429734
471.454761
471.480607
471.502316
471.541350
471.660503
471.688438
471.725261
471.821394
471.917691
471.947223
472.013783
472.057774
472.100946
472.212152
472.245084
472.301814
472.388731
472.397251
472.430387
472.490353
472.576123
472.673034
472.747991
472.776294
472.795750
472.852070
472.886927
472.906670
472.972206
473.036022
473.066168
473.135186
473.191096
473.242378
473.244918
473.267978
473.282560
473.302344
473.363210
473.411215
473.447055
473.892372
473.998950
474.109788
474.297754
474.455982
474.531471
474.637107
474.810450
475.107451
475.177943
475.336253
475.366277
475.570012
476.846531
476.889457
476.947538
477.043671
477.146358
477.363937
477.632758
478.033428
478.512456
478.672118
478.717624
479.051530
479.110595
479.165850
479.347917
479.406039
479.790039
481.388339
481.439498
481.467556
481.533583
481.830584
482.439864
482.457027
482.478162
482.549391
482.632008
482.674811
482.768937
482.865766
482.889728
482.918236
482.992210
483.055043
483.758612
483.800310
483.864781
484.063437
484.187095
484.222771
484.240998
484.310712
484.602921
484.629422
484.654531
484.710072
484.812186
485.063885
485.088174
485.315707
485.768479
485.821768
485.967340
486.105580
486.148465
486.673203
486.895043
487.158825
487.817708
488.088207
488.398275
488.460984
488.579932
488.759337
488.920924
489.593774
489.772646
490.182451
490.321756
490.362102
490.451108
490.593772
490.618839
490.638008
490.675364
490.708787
490.757243
490.771620
490.823557
490.935747
490.948116
490.966262
491.034337
491.103396
491.128914
491.148984
491.235000
491.338179
491.416781
491.473060
491.674173
491.869921
492.444180
492.467569
492.707676
492.804547
492.831908
492.885320
492.902195
492.985262
493.009101
493.105234
493.274685
493.389169
493.677363
493.938811
494.128046
494.130135
494.644879
495.670354
496.003318
496.105923
496.167772
496.571884
496.662815
496.807731
496.821412
497.428562
497.519002
497.929462
498.207867
498.414551
499.014001
499.472384
500.576911
501.174600
501.298135
501.467505
501.512028
501.577523
501.646991
501.705236
503.207854
505.072763
505.438863
505.829130
505.837937
505.878897
505.923215
506.025411
506.311352
506.861527
507.768136
507.847025
507.961508
508.199158
508.500132
508.530074
508.622930
508.726968
508.915630
509.045637
509.114941
509.143695
509.158564
509.196206
509.372662
509.428408
509.512499
509.544694
509.622436
509.642547
509.680476
509.745521
509.779190
509.843661
510.028964
510.306181
510.511473
510.536131
511.069389
511.308022
511.605719
511.861473
511.922586
512.249938
513.235231
514.433884
516.251894
516.317553
516.491141
516.560323
516.676198
517.132493
517.774254
520.353300
521.282109
521.741517
522.056049
522.332938
522.558915
523.571937
524.158730
524.563579
525.390479
526.060667
526.139269
526.160036
526.292951
526.322934
526.382162
526.691983
526.731674
527.451136
527.498076
527.528632
527.540552
527.617229
527.732613
527.828828
528.540590
528.562381
528.663675
528.685138
528.720404
528.790200
528.928522
528.990904
529.099612
529.152123
529.812644
529.844224
530.112676
530.394931
530.488320
530.536448
533.210276
533.245215
533.312799
533.384438
533.773967
533.832581
533.873213
533.944115
534.343680
534.406717
534.506004
534.556221
534.624829
534.781870
534.941819
535.856374
536.556749
536.748114
536.991580
536.993997
537.019515
537.532293
537.577349
537.604751
537.788662
538.116997
538.181386
538.191544
538.209526
538.223903
538.240041
538.257326
538.268221
538.278707
538.299269
538.454548
538.504724
538.511114
538.978591
539.011727
539.428127
539.456143
539.499151
539.542282
539.553915
539.586028
539.621868
539.636941
539.714396
539.741676
539.783619
539.805737
539.828265
539.910676
539.924070
539.939062
539.957821
539.983217
540.004475
540.036178
540.064276
540.079227
540.106670
540.180193
540.243886
540.418744
540.501770
540.544737
540.772966
540.858081
540.966584
541.005701
541.048013
541.105357
541.133496
541.238436
541.361603
541.534659
541.559972
541.602816
541.627105
541.653484
542.109696
542.119117
542.148813
542.173594
542.188708
542.195425
542.202061
542.258586
542.301757
542.322811
542.368031
542.429839
542.478664
542.495089
542.549238
542.583767
542.643896
542.669865
542.693581
542.770012
542.807368
542.845256
542.874665
542.941798
543.007416
543.169864
543.252931
543.351644
543.447736
543.665357
544.197714
544.413573
544.473129
544.512942
544.515113
544.528835
544.645816
544.818708
544.950436
545.163674
545.282621
545.382154
545.574912
546.045829
546.140242
546.155438
546.601697
546.833408
546.906440
546.940396
546.968248
547.096044
547.312230
547.666207
548.202537
548.904919
549.362975
549.419172
550.001705
550.145679
550.186516
550.309315
550.412370
550.488187
550.642319
550.677668
551.068180
551.169884
551.457751
551.664230
552.024965
552.135107
552.215798
552.245617
552.294318
552.347894
552.468357
552.560927
552.624701
552.643461
552.682168
552.694538
552.766996
552.804229
552.896430
552.920883
552.932966
552.953364
552.970527
552.989164
553.013125
553.046876
553.095660
553.141903
553.163817
553.281413
553.350881
553.442509
553.589637
553.622200
553.644564
553.658696
553.675612
553.727549
553.766461
553.901138
554.094305
554.149765
554.242908
554.279035
554.310083
554.327532
554.357432
554.411500
554.634527
554.784236
554.807665
554.866115
554.903880
554.919363
555.055596
555.094508
555.163730
555.187159
555.408220
555.454464
555.662049
555.711775
555.956429
556.779971
556.833178
557.046006
557.113754
557.162578
557.287055
557.302661
557.366272
557.436887
557.589053
557.609697
557.668516
557.707960
557.745480
557.800980
557.834936
557.863199
557.891215
557.996032
558.286684
558.320763
558.363976
558.429430
558.529167
558.619361
558.785987
558.847468
558.877164
558.915011
558.987592
559.083643
559.141601
559.189893
559.234171
559.477309
559.565251
559.636275
559.729541
559.795773
559.839724
560.014213
560.191816
560.280371
560.344678
560.368230
560.506757
560.597975
560.658719
560.860652
561.412833
562.112225
562.481316
562.655846
562.797404
563.003105
563.035546
563.284255
564.310098
564.604027
564.665098
564.776837
565.423800
566.815621
566.831432
566.834422
566.925107
567.384392
567.407002
568.006738
569.383158
569.584271
569.891021
569.949798
570.211779
570.464215
570.587341
570.789274
572.446269
572.513403
572.676751
573.139313
574.907679
576.609239
577.279877
577.303388
577.339924
577.356800
577.422254
577.435361
577.480540
577.590067
577.799332
577.820754
577.876460
577.986191
578.309571
578.367324
578.493276
578.867487
579.031491
579.149906
580.205732
580.527759
581.038162
581.041725
581.228667
581.274255
581.287567
581.350441
581.363958
581.390541
581.473526
581.510717
581.900657
582.344663
583.198228
583.551017
583.630029
583.695933
583.752499
583.785308
584.020378
584.577761
585.026478
588.250767
590.056120
590.164214
590.457979
590.618952
591.932129
592.492544
592.505856
592.523141
592.547062
592.589537
592.702751
592.875807
592.993403
593.050624
593.068769
593.122673
593.213399
593.253745
593.325384
593.372529
593.473044
593.535549
593.621647
593.654211
593.777418
593.837056
594.343076
594.363146
594.376131
594.389729
594.409062
594.423849
594.446868
594.464932
594.489836
594.518508
594.541568
594.597724
594.670879
594.695905
594.762998
594.804408
594.936463
595.083960
595.190170
595.384607
595.525100
595.603661
595.927081
596.023828
596.788019
596.838810
597.381734
597.613609
597.750129
597.782569
597.981676
598.127616
598.251233
598.304072
598.456320
598.621635
598.667919
598.726656
598.789612
599.034102
599.136870
599.241769
599.271096
599.282565
599.315210
599.951032
600.772567
601.099960
601.345802
601.639977
602.001203
602.011484
602.136003
602.178437
602.216038
602.864845
602.885243
602.911621
603.306598
603.476828
603.645379
603.774607
603.992924
604.055224
604.125757
604.157051
604.208620
604.285583
604.426813
604.736594
604.818063
604.851077
605.040435
605.225288
605.323633
605.626409
605.721764
605.740810
605.811876
605.946429
606.032118
606.319329
606.348288
606.498406
606.573568
607.456502
607.616614
608.052716
609.148969
609.208893
609.248092
609.522483
609.643233
609.721180
609.763205
610.340946
610.430444
610.486968
611.792036
611.953132
611.982828
612.763484
614.573588
614.602383
614.610002
614.632120
614.661775
614.687130
614.731366
614.762865
614.800343
614.899753
614.927073
614.939197
614.943375
614.995968
615.046758
615.085957
615.239393
615.362437
615.385457
615.424737
615.857480
615.879229
615.922115
616.003297
616.025989
616.073994
616.195031
616.290673
616.564777
616.690074
617.397248
617.483796
617.941197
617.978962
618.230538
619.912520
619.940864
620.600689
620.691702
620.813107
621.256868
621.529825
623.282012
624.938066
625.151713
625.167524
625.175347
625.191035
625.206927
625.245716
625.259930
625.307116
625.332634
625.357988
625.397842
625.430569
625.452442
625.645322
625.675756
625.702707
625.911603
625.945149
625.983816
626.100019
626.181407
626.458460
626.472509
626.595389
626.675261
626.785812
626.869494
626.962063
627.122504
627.151708
627.197010
627.262956
627.314196
627.338486
627.666493
627.706552
627.741368
627.773235
627.845038
628.191191
628.231004
628.264468
628.291789
628.405535
628.422042
628.975780
629.168374
629.220721
629.263974
629.432893
629.497078
629.730836
629.915525
629.926953
629.994988
630.109307
630.233334
630.268150
630.690324
630.835610
630.883246
630.912246
630.976594
631.022060
631.058760
631.118397
631.185162
631.280599
631.327498
631.626670
631.811400
631.870341
632.046838
632.172872
632.363622
632.801198
633.293087
633.910764
634.157343
634.258022
634.612449
634.676470
634.715668
634.802463
634.983834
635.168563
635.239997
635.807662
635.912479
636.081562
637.065421
637.097820
637.601096
637.729915
637.903626
638.220083
638.345667
638.482596
638.537114
638.811709
639.087534
639.313265
639.377203
639.406244
640.241295
640.632300
640.836567
641.152573
642.379448
642.463826
642.552586
642.611732
642.682634
642.742927
642.824397
642.975252
643.042509
643.091988
643.126600
643.240673
643.495731
645.397012
645.722440
646.061834
646.195446
646.783017
648.248525
648.678236
649.601475
651.473347
652.261007
652.804096
653.048300
653.059727
653.087416
653.114286
653.207716
653.252690
653.284762
653.310075
653.383475
653.746504
654.114816
654.141481
654.157373
654.177812
654.191780
654.204764
654.229094
654.278779
654.296924
654.318387
654.335345
654.349517
654.431642
654.473748
654.555750
654.572831
654.588600
654.606500
654.668882
654.696448
654.714716
654.717870
654.728765
654.733885
654.767022
654.782505
654.810563
654.826783
654.843085
654.918861
654.937416
654.953636
655.004959
655.110799
655.138898
655.173468
655.190835
655.247852
655.320842
655.409603
655.469568
655.491277
655.523062
655.542682
655.568323
655.593882
655.615058
655.647171
655.661998
655.677358
655.705743
655.780946
655.871795
655.922749
655.947284
655.988367
656.052265
656.148890
656.180224
656.244818
656.341565
656.465510
656.575078
656.592527
656.612884
656.646144
656.691937
656.709714
656.771850
656.832840
656.868352
656.920822
656.985866
657.117307
657.188332
657.244406
657.267589
657.287660
657.314079
657.377526
657.417175
657.530348
657.579540
657.724006
658.238013
658.298388
658.396078
658.496512
658.664980
658.796667
659.079004
659.284828
659.407995
659.531121
659.607593
659.654164
659.698442
659.739075
659.796664
659.849175
659.873997
659.898327
659.923722
659.944530
659.996262
660.075520
660.159365
660.187996
660.262871
660.412785
660.562002
660.649124
660.691640
660.727644
660.906271
661.246362
661.282161
661.314970
661.343683
661.415404
661.589770
661.640643
661.736366
661.883412
661.920563
662.199173
662.525624
662.683730
662.698353
663.260037
663.569203
663.654728
663.823360
664.101315
664.268636
664.415109
664.493507
664.530657
664.553882
664.609096
664.629740
664.657265
664.735867
664.880456
664.916910
664.983470
665.017508
665.098445
665.177620
665.218703
665.401713
665.531843
665.598116
665.634652
665.868083
665.892127
665.964544
665.993216
666.025247
666.061005
666.088612
666.253926
666.351657
666.405437
666.571366
666.595656
667.097989
667.286364
667.581645
667.675116
667.818435
667.856691
667.975639
668.011848
668.093645
668.239421
668.617810
668.711117
668.751299
668.796887
668.827566
668.867871
668.952945
669.032612
669.223813
669.319741
669.354025
669.398467
669.410632
669.428408
669.459456
669.572342
669.576806
669.597368
669.622395
669.694853
669.747651
669.794181
669.924229
669.996442
670.078362
670.098801
670.188012
670.272553
670.325350
670.390804
670.463508
670.529864
670.553416
670.624358
670.647460
670.652580
670.735524
670.765507
670.829568
670.983496
671.127224
671.192392
671.358648
671.443763
671.449620
672.274432
672.396902
672.440893
672.490660
672.528876
672.565576
672.593920
672.823583
672.870605
672.959037
672.998769
673.057178
673.127260
673.240965
673.335910
673.642537
673.790525
673.824891
673.922335
674.032804
674.197791
674.394726
674.430525
674.446500
674.459935
674.480046
674.523136
674.557379
674.667971
674.706350
674.721423
674.769838
674.831933
674.849751
674.875556
674.887434
674.910618
674.923930
674.928968
674.950636
675.016827
675.089572
675.124306
675.153879
675.197051
675.220111
675.458990
675.657810
675.711427
676.035174
676.064870
676.102308
676.172063
676.246897
676.359004
676.404716
676.451738
676.776878
676.933509
677.309645
677.510267
677.558886
677.623194
677.804442
677.882225
678.076211
678.261432
678.367150
678.400000
678.478111
678.550159
678.618563
678.684017
678.722191
678.760653
678.891848
678.918636
678.962586
679.021855
679.367229
679.544013
680.322048
681.010381
681.459876
682.010051
682.063790
682.071122
682.367672
682.470769
682.580787
682.718085
682.893312
683.180564
683.624284
684.140544
686.103101
686.161715
686.231675
686.432788
686.465024
686.762598
687.903498
688.092365
688.654787
689.784463
689.808998
689.848893
690.156052
690.191073
690.374042
690.717655
690.965545
691.016868
691.056353
691.461734
691.833610
692.170629
692.482621
693.311242
693.359411
693.373952
693.388780
693.425152
693.446533
693.465825
693.486305
693.550367
693.606482
693.632614
693.988024
694.051676
694.150881
694.245376
694.287278
694.321111
694.394184
694.431621
694.475366
694.527631
694.620447
694.630400
694.736855
694.890742
694.961766
695.062815
695.068099
695.131873
695.228088
695.830692
695.982940
696.073134
696.304189
696.411996
696.682660
697.759990
698.779689
699.092541
699.101430
699.272069
699.379507
699.444388
699.508449
699.646075
699.688100
699.727749
699.762565
699.800289
699.954217
700.523725
700.799345
700.909814
700.969370
701.013279
701.089669
701.971866
702.013358
702.272020
702.387937
702.466540
702.614487
703.655690
705.603502
705.691894
705.948754
706.803139
707.024691
707.950182
708.057293
708.386652
708.700979
709.741404
709.965701
710.110863
710.520504
710.914130
710.973399
711.407370
712.132936
712.203387
712.247009
712.707809
712.908431
713.412321
713.774776
714.494075
715.111260
715.751506
715.785871
716.107735
717.157417
717.210337
717.312819
717.387489
717.442376
717.505331
718.375444
719.741460
720.073196
720.631767
720.718971
720.730399
720.758661
720.835461
720.858030
720.885268
720.916357
720.941916
720.976814
721.044275
721.081876
721.100636
721.169121
721.229414
721.243259
721.355735
721.404232
721.467310
721.598833
721.634263
721.689108
721.761403
721.821327
721.909023
721.957437
721.982341
722.016010
722.037228
722.062459
722.124022
722.203279
722.246861
722.282414
722.332099
722.361344
722.462310
722.496143
722.531123
722.555003
722.582364
722.627461
722.759844
722.923274
722.973819
723.035750
723.175547
723.231826
723.268403
723.315507
723.377439
723.508470
723.579003
723.617055
723.693568
723.724042
723.752837
723.821486
723.914138
723.975496
723.995484
724.043121
724.121887
724.348600
724.417577
724.441702
724.469064
724.488479
724.529766
724.576707
724.635853
724.675092
724.698481
724.738703
724.818452
724.929044
725.260820
725.284127
725.328036
725.368136
725.401231
725.455790
725.474468
726.297436
726.391644
726.854410
726.938173
727.013417
727.033856
727.301161
727.348634
727.794074
727.872348
728.748401
728.789975
728.879841
728.949965
729.063137
729.120236
729.260278
729.387377
729.516933
729.847071
729.907651
730.006118
730.036347
730.072392
730.128179
730.151240
730.171392
730.193060
730.328965
730.336092
730.375864
730.419569
730.440827
730.494157
730.520822
730.544210
730.572964
730.644808
730.702602
730.719519
730.782106
730.803528
730.825933
730.878157
730.909000
730.956882
731.086193
731.107410
731.246961
731.386880
731.484078
731.505336
731.582874
731.659428
731.683840
731.977359
732.091023
732.238848
732.283535
733.673472
733.728031
733.855867
733.966787
734.069678
734.096261
734.110106
734.376100
734.428365
734.473011
734.500741
734.528840
734.567875
734.748058
734.784266
734.885356
734.991770
735.067382
735.092654
735.331123
735.464571
735.683543
735.765135
736.036782
736.144712
736.190136
736.235848
736.285901
736.345375
736.461906
736.481894
736.506511
736.573235
736.660111
736.682148
736.702300
736.811336
736.844677
736.867287
736.903250
736.916767
736.963133
736.984678
737.049518
737.067254
737.213112
737.320223
737.388421
737.527316
737.554391
737.580605
737.641882
737.682719
737.762017
737.779261
737.817436
737.947566
738.006712
738.067415
738.086912
738.119434
738.149581
738.287985
738.341929
738.365604
738.551439
738.677473
738.744975
738.787983
738.836357
738.927698
738.956452
738.977874
739.014861
739.150152
739.192300
739.239977
739.271188
739.334636
739.394560
739.500442
739.558031
739.613123
739.655311
739.838034
739.982623
740.110582
740.156580
740.248207
740.546847
740.810383
740.997489
741.092598
741.334016
741.352284
741.369815
741.388861
741.402337
741.423514
741.528822
741.582111
741.630444
741.653955
741.733458
741.798257
741.838684
742.181560
742.347858
742.569492
742.988923
743.066132
743.191470
743.376814
743.435346
743.551427
744.020091
744.338883
744.438374
744.505016
744.526971
744.547410
744.574239
744.629780
744.749220
744.757821
744.866529
744.877384
744.991990
745.110364
745.285304
745.388728
745.418916
745.459302
745.525207
746.302464
746.400399
746.420879
746.566124
746.917888
746.965320
747.025162
747.064238
747.322573
747.379589
747.673395
747.750932
747.803730
747.959951
747.998740
748.044247
748.274565
748.445655
748.506644
748.578734
748.641485
748.655616
748.894372
749.143163
749.273702
749.317530
749.387121
749.404160
749.527859
749.673554
749.755884
749.932462
750.120141
750.628086
750.874419
751.122350
751.283118
751.347180
751.400305
751.436923
751.480627
751.633736
751.699640
751.905628
752.035144
752.280166
752.401981
752.724705
752.818258
752.918569
753.293107
753.506304
753.722819
753.827144
753.868431
754.022113
754.179482
754.291753
754.507366
755.191398
755.217859
755.252675
755.268403
755.292037
755.310879
755.344794
755.366871
755.386614
755.427860
755.524772
755.575603
755.598172
755.995894
756.053279
756.148224
756.196147
756.223631
756.571873
756.650721
756.704215
757.307515
757.765939
757.846344
758.475530
758.917079
758.969713
759.320494
759.849574
761.045279
761.103606
761.388564
761.667011
761.743729
762.817741
764.447212
765.006397
765.234913
765.376758
765.688504
766.121329
766.266778
767.911117
768.480461
768.494756
768.504177
768.571965
769.329439
770.014822
770.221384
770.234532
770.247516
770.263982
770.280489
770.311578
770.354586
770.358886
770.426388
770.451948
770.616320
770.676859
770.708316
770.730762
770.771272
770.817925
770.873917
771.207496
771.309568
771.352166
771.413811
771.466732
771.493888
771.568271
771.850322
771.872522
771.874652
771.934003
771.982991
772.023009
772.105667
772.150886
772.252795
772.338893
772.397711
772.571709
772.674847
772.694303
772.765245
772.824515
772.859412
772.926136
772.947272
773.153464
773.305958
773.469553
774.004367
774.019686
774.420152
774.652477
774.886564
775.223583
775.272776
775.394918
775.847076
776.422277
776.455168
776.476303
776.527913
776.592507
776.636498
776.748155
776.947958
777.480438
777.524879
777.934438
777.972204
778.239181
778.314097
778.561454
778.663158
778.875290
779.009556
779.220664
779.873812
779.890237
779.917107
779.941929
780.096061
780.217999
780.280054
780.328632
780.359229
780.400435
780.422390
780.442583
780.462817
780.612403
780.643860
780.677980
780.702106
780.759040
780.818596
780.924641
781.036012
781.322117
781.426852
781.641974
781.776568
781.862052
781.890560
782.096671
782.143119
782.261944
782.277714
782.386790
782.415995
782.557512
782.582989
782.613873
782.660239
782.798029
782.825964
782.847263
782.874870
782.942904
783.000289
783.032279
783.059640
783.109366
783.142584
783.215575
783.242486
783.361843
783.440896
783.477678
783.568118
783.702180
783.863276
783.951954
784.067256
784.340255
784.845046
784.991683
785.004134
785.050214
785.098138
785.141146
785.176986
785.346765
785.428767
785.541489
785.626317
785.651139
786.034115
786.125537
786.141594
786.536448
787.057254
787.153183
787.444285
787.664200
787.696312
787.719700
787.887268
788.167025
788.169892
788.367852
788.600791
788.686807
788.828160
789.006172
789.047337
789.106688
789.236122
789.332582
789.388042
789.425930
789.456855
789.890007
789.940797
790.914048
790.987203
791.597588
791.701176
791.712481
791.969710
792.004936
792.043233
792.076820
792.092385
792.142971
792.409170
792.564122
792.828232
792.847565
792.860672
792.901796
792.965202
793.295667
793.429443
793.505628
793.640878
793.812623
794.023649
794.139894
794.160783
794.367222
794.474004
794.611384
794.705510
794.755195
794.900849
795.154514
795.375903
795.472691
795.570954
795.619492
795.690353
795.717263
795.768996
796.171469
796.306719
796.327731
796.355707
796.391342
796.443197
796.654469
796.694241
796.862505
796.946391
797.033021
797.205422
797.495419
797.549240
797.614531
797.627105
797.679288
797.724426
797.743677
797.802824
797.882491
798.002258
798.029947
798.126490
798.343209
798.359388
798.472970
798.597693
798.625341
798.673551
799.892275
800.014991
800.256369
800.318792
800.507085
801.042637
801.175716
801.869578
802.640814
802.802524
802.930237
803.386245
803.494011
803.584205
803.670385
803.752264
803.893862
803.923436
803.948462
804.202578
804.294042
804.455956
804.513219
804.870021
804.952924
805.511332
805.601116
805.704745
806.362153
806.789120
806.948454
807.388447
807.482245
808.013046
808.076083
808.094474
808.338104
808.526643
808.666685
808.969257
809.990103
810.021192
835.324682
835.826647
835.846922
835.905577
836.441948
836.943544
837.007442
837.981880
838.039388
838.612173
838.760694
838.989210
839.063511
839.647396
839.738245
839.821885
839.897743
839.986053
840.120238
840.680243
841.880781
843.292672
843.611505
843.627643
843.658240
844.554854
844.870492
845.137142
845.193748
845.209559
845.384294
845.635707
845.678182
846.007747
846.029210
846.105805
846.146519
846.203822
846.684365
846.708695
846.888878
846.953759
847.035802
847.108055
847.206564
847.491523
847.637422
847.771116
847.950029
847.980462
848.413737
848.576553
848.577167
848.704307
848.857989
848.929792
849.015767
849.177723
849.482383
849.542185
849.797243
850.293391
850.714870
850.785772
850.829230
850.861425
850.895544
851.093996
851.276800
851.569050
851.627500
851.730227
852.005765
852.807926
853.098332
853.107712
854.035128
854.628106
854.656696
854.731940
854.852198
855.048806
855.519642
855.836795
856.211907
856.342487
857.273795
857.495880
857.496781
857.631457
857.651569
857.681592
857.696379
857.751429
857.848668
858.079642
858.157343
858.284114
858.495508
858.534502
858.709279
859.353334
859.410964
859.695800
859.706327
859.772805
859.818025
859.847148
859.904573
860.209807
861.415096
861.684204
862.372823
862.597612
863.983862
864.124887
864.144056
864.225075
864.246579
864.257393
864.285082
864.294584
864.307569
864.319529
864.330138
864.348570
864.365937
864.398787
864.419512
864.458424
864.478249
864.608666
864.630702
864.676495
864.715121
864.777953
864.924713
864.997827
865.030840
865.130250
865.170555
865.250959
865.277747
865.354629
865.468375
865.538417
865.563730
866.167521
866.837053
866.935480
866.961367
867.014287
867.201597
867.243131
867.281797
867.364332
867.480494
867.609969
867.736003
868.206019
868.550984
868.650066
868.814930
868.910981
868.952719
870.832128
870.868705
870.970655
871.157187
871.273718
871.290839
871.418143
872.655585
872.762286
872.801034
872.922071
873.091523
873.196708
873.209201
873.801564
874.397204
874.771579
875.373240
875.674051
875.765801
875.957125
876.423660
876.519014
877.070746
877.307699
879.529165
881.321861
881.686036
881.761075
883.307356
884.144947
884.271391
884.424663
884.449362
884.486881
884.557251
884.583301
884.639416
884.844790
886.726902
886.730793
886.888858
886.903931
886.957793
887.010591
887.069000
889.371320
890.404823
890.661642
890.782638
890.831176
890.892124
891.720499
893.501522
893.934100
895.793725
899.799204
899.827548
899.869737
900.009861
900.081541
903.360348
903.444480
904.239596
904.379965
904.470856
904.509522
904.558797
904.605573
904.641413
904.761467
904.796570
904.844902
904.988918
905.417032
905.455493
905.869435
905.976709
907.862180
908.510003
908.720251
908.913623
909.084754
909.103677
909.144269
909.167124
909.253263
909.270999
909.426401
909.458391
909.545718
909.660365
909.749330
909.834240
910.009549
910.173921
910.183997
910.199194
910.218404
910.237819
910.256210
910.328136
910.346322
910.352466
910.376878
910.391419
910.417224
910.425866
910.439301
910.453842
910.472438
910.492385
910.535557
910.579753
910.595564
910.628700
910.644797
910.658109
910.664581
910.692680
910.728315
910.754857
910.805443
910.886298
910.958428
910.978048
911.010857
911.222538
911.241748
911.270830
911.314452
911.349678
911.368520
911.505162
911.534572
911.542272
911.559352
911.600640
911.623004
911.661629
911.726961
911.771730
911.836160
911.883510
911.899648
911.916114
911.938478
911.960187
911.986524
912.051364
912.073646
912.093798
912.136233
912.152617
912.166666
912.187433
912.229868
912.252191
912.317809
912.341197
912.362291
912.388833
912.412754
912.453632
912.471900
912.490127
912.498483
912.566723
912.626196
912.677683
912.725197
912.782172
912.839066
912.890552
912.914801
912.956826
913.028956
913.076306
913.128612
913.196769
913.253499
913.320509
913.355653
913.385308
913.401692
913.425039
913.448428
913.496637
913.516831
913.552097
913.598177
913.729085
913.774469
914.061025
914.119352
914.155397
914.220196
914.266644
914.372731
914.414346
914.454405
914.600673
914.647286
914.698322
914.744893
915.041485
915.169812
915.282862
915.709297
915.828695
915.887268
916.008182
916.079534
916.117012
916.237353
916.310671
916.369613
916.413358
916.553073
916.786463
916.821647
916.857651
916.988232
917.462876
917.612052
917.807636
917.895660
917.939732
917.983560
918.013829
918.360637
918.668165
918.836388
918.896804
919.172383
920.123269
920.273469
920.326103
920.343101
920.360059
920.373330
920.384758
920.412692
920.430592
920.469258
920.490885
920.518124
920.537620
920.558920
920.588124
920.635433
920.654520
920.673812
920.690115
920.721572
920.803123
920.859894
920.887214
920.901140
920.996372
921.030615
921.113313
921.146941
921.230746
921.252454
921.357230
921.387868
921.405563
921.520824
921.709363
921.999155
922.129121
922.242007
922.305454
922.413588
922.425836
922.838917
923.251302
924.572672
924.621210
924.706898
924.809748
924.857467
925.300367
925.419684
928.603218
929.281024
930.134098
930.353234
930.730066
931.145974
932.020060
934.468690
934.641050
936.356168
937.052488
938.813030
940.613100
945.190502
945.330504
945.661051
946.142740
946.171453
946.313626
948.419748
948.518216
950.208594
950.514934
950.595461
951.096607
951.519805
951.544259
951.558349
951.648707
952.332739
952.366162
953.420718
954.220626
956.049121
956.270060
957.166551
957.745234
958.039654
958.238351
958.319411
959.255020
959.971082
960.485335
960.612393
960.701112
960.813998
961.065820
961.688740
962.908283
966.284452
967.240868
968.787108
969.373696
970.593321
971.201372
972.345016
972.501811
972.708741
972.884091
973.935493
974.136566
974.238802
974.768292
975.816008
977.088266
977.408901
980.638761
980.668662
980.732396
981.710234
981.788795
981.834547
981.887918
982.133596
982.382961
982.395658
982.599762
982.972621
985.317335
985.567191
986.736845
986.752041
986.803610
987.349729
987.427963
988.192236
988.225413
988.269363
988.479529
990.603919
990.903501
991.453389
991.651922
996.365558
998.073876
998.105129
998.120038
998.155305
998.185820
998.195282
998.250824
998.267781
998.301327
998.454026
998.483599
998.506906
998.611845
998.855475
998.876611
998.896927
998.917202
998.963569
999.088046
999.501824
999.520051
999.535780
999.563428
999.595786
999.666237
999.748649
999.831224
1000.872182
1000.907735
1001.017631
1001.136660
1001.213338
1002.044047
1002.257490
1002.297836
1002.926490
1004.052480
1004.558131
1004.862546
1004.966093
1005.117317
1005.271491
1005.665894
1006.582170
1006.988820
1007.511224
1007.885640
1008.687104
1008.853402
1009.181368
1009.864008
1011.075850
1011.206472
1011.629957
1011.709010
1012.049306
1012.144169
1013.029847
1013.284004
1013.572321
1013.713674
1013.757010
1013.845606
1013.946081
1014.034637
1014.490972
1015.406182
1015.489085
1016.380334
1016.842486
1017.170371
1017.502515
1018.900849
1018.953933
1019.092582
1019.151196
1019.550188
1019.970232
1020.059197
1020.512297
1021.030605
1022.162862
1022.442291
1024.095764
1024.769106
1025.055785
1025.344881
1025.720525
1025.822597
1026.572370
1026.834309
1027.299738
1029.298258
1029.483315
1030.264463
1030.474998
1030.502605
1030.752625
1030.768476
1030.809436
1030.827377
1030.863421
1031.727882
1031.783875
1031.972209
1032.257987
1032.422810
1032.500879
1032.546263
1032.569528
1032.840233
1032.963113
1033.463890
1033.655951
1033.683763
1033.797796
1034.814054
1034.970235
1035.079803
1035.148534
1035.254989
1035.341619
1036.424847
1037.215457
1037.410304
1040.100188
1040.257802
1040.315761
1040.383017
1040.480707
1040.581591
1040.750961
1040.815964
1041.011548
1042.033992
1042.374328
1042.434048
1042.479268
1042.507694
1042.549555
1043.019080
1043.216097
1043.274875
1043.326812
1043.397468
1043.457147
1043.492618
1043.690209
1044.168090
1044.546232
1045.635850
1045.680906
1046.013952
1046.285763
1046.588498
1046.744801
1047.562363
1047.939604
1048.139817
1048.858747
1048.951112
1049.308037
1049.562358
1049.635348
1049.707889
1049.965199
1050.804797
1051.260969
1051.969577
1052.404654
1052.544614
1052.557722
1052.573614
1053.091922
1054.004552
1055.399117
1055.744000
1056.041656
1056.135291
1056.147620
1056.323994
1056.364667
1056.430572
1057.910579
1058.693693
1058.769961
1059.135037
1059.680707
1060.248412
1060.532920
1061.038776
1061.368259
1062.781174
1063.029473
1063.255409
1063.265731
1063.355802
1063.397007
1063.522017
1063.737549
1063.797268
1063.869972
1063.999324
1064.672829
1064.782356
1064.834376
1064.990802
1065.213010
1065.776005
1066.561454
1066.795827
1066.859561
1067.195351
1067.355832
1068.967322
1068.969247
1069.280666
1069.346120
1069.768704
1070.499922
1071.196283
1071.560008
1071.607439
1072.505160
1072.769147
1072.836198
1073.492255
1073.578148
1074.156872
1074.227077
1074.404393
1074.660966
1075.689677
1075.837665
1076.836147
1077.308129
1077.498798
1077.568512
1077.610783
1077.673574
1077.996462
1078.064906
1078.394102
1078.708019
1081.152307
1082.249544
1082.346824
1082.615276
1082.682245
1082.999562
1083.029135
1083.219067
1084.025815
1084.296233
1086.080287
1086.099702
1086.229463
1086.286643
1086.514504
1086.648852
1086.669824
1086.698086
1086.769644
1086.889206
1087.784100
1087.906734
1088.182845
1088.324485
1088.706191
1088.712581
1089.539400
1089.667523
1090.198241
1090.384200
1090.970132
1090.977464
1091.059794
1091.410248
1091.613123
1091.704709
1091.769672
1092.138557
1092.153999
1092.304159
1092.523786
1092.899267
1093.043446
1093.549752
1094.037340
1094.587228
1097.789276
1097.817047
1098.570056
1098.682696
1098.733404
1099.183677
1100.072059
1100.219228
1100.312084
1100.508406
1101.140132
1101.517496
1101.749740
1101.757645
1101.968548
1102.311383
1102.536335
1102.616166
1103.007908
1103.177769
1104.089989
1104.524493
1104.881664
1105.432125
1105.842299
1106.018632
1106.295808
1106.749972
1106.813624
1107.132703
1107.618570
1107.641303
1108.078838
1108.462060
1108.783677
1109.063639
1110.057329
1110.184223
1110.469796
1110.695240
1111.581614
1112.758272
1113.193144
1113.449513
1113.562317
1114.226074
1114.458276
1114.533765
1114.959913
1115.806720
1115.858862
1116.426240
1116.625838
1116.804342
1118.111457
1118.184612
1118.892114
1119.167283
1119.646065
1119.735521
1120.625910
1120.963707
1121.037066
1123.121521
1123.201352
1123.392840
1123.521700
1123.613942
1123.893002
1125.931622
1126.143713
1126.217359
1126.227558
1126.254387
1126.357156
1126.807388
1126.954803
1127.773348
1128.558428
1128.769126
1129.116180
1129.157509
1129.239716
1130.772316
1131.374019
1131.751916
1131.941396
1132.299756
1133.538877
1133.698007
1133.847511
1134.380892
1134.619238
1134.854431
1135.003116
1135.414067
1136.082862
1137.381458
1137.948959
1138.402714
1138.511380
1139.800842
1139.991142
1140.003021
1140.264182
1140.379197
1140.524401
1141.271388
1141.335777
1141.359002
1141.397258
1141.966971
1142.517514
1142.768312
1144.804884
1145.093693
1145.188966
1145.263964
1145.300951
1145.360261
1145.462415
1145.621094
1145.960735
1146.046751
1146.337362
1147.090534
1147.283948
1147.350671
1147.489526
1147.783291
1147.948769
1148.024340
1148.276081
1148.467405
1148.573245
1148.596224
1148.619940
1148.707676
1148.756419
1148.940943
1149.037076
1149.109740
1149.580124
1149.609247
1150.697021
1150.758543
1150.820065
1151.006679
1151.301427
1151.370732
1151.412142
1151.492506
1151.536906
1151.836856
1152.418693
1153.147126
1153.275617
1154.003599
1154.935030
1155.364536
1156.813988
1156.823613
1157.918802
1158.247137
1158.341673
1158.451651
1158.672261
1159.008256
1159.073260
1159.673487
1159.917036
1159.977247
1160.518984
1160.557650
1160.666481
1160.793211
1161.082634
1161.269371
1161.766584
1162.722058
1162.740490
1162.773504
1163.024507
1163.304632
1164.296438
1164.875858
1166.103552
1166.292337
1167.430205
1167.750595
1167.908864
1168.489472
1168.499466
1171.212411
1171.673620
1172.373463
1172.701921
1172.779008
1172.830372
1172.892221
1172.914504
1172.930601
1172.948746
1173.032468
1173.142159
1173.268521
1173.649613
1174.304973
1174.426665
1175.001252
1175.047045
1175.325000
1175.556506
1175.630889
1176.393687
1176.606597
1176.987607
1177.256673
1177.270518
1177.287762
1177.364070
1177.403351
1177.452544
1177.476506
1177.506570
1177.572844
1177.620111
1177.770230
1177.868452
1178.061865
1178.089923
1178.123264
1178.237174
1178.380165
1178.402857
1178.817004
1178.897490
1179.010540
1179.067310
1179.158856
1179.628012
1179.637596
1179.706081
1179.763466
1179.795128
1179.943895
1180.048056
1180.320113
1180.604498
1180.823798
1181.101711
1181.556777
1181.839360
1182.525727
1182.789509
1182.823793
1182.865940
1182.905344
1182.953718
1183.087534
1183.232573
1183.285371
1183.498936
1183.561196
1183.585690
1183.602115
1183.667200
1183.830835
1183.897027
1183.958262
1184.061727
1184.103301
1184.128041
1184.198451
1184.217948
1184.253092
1184.323297
1184.340214
1184.542966
1184.593265
1185.054228
1185.157489
1185.234616
1185.309819
1185.476936
1185.522647
1185.545339
1185.590026
1185.705206
1185.972797
1186.543452
1186.587771
1186.658755
1186.692137
1186.744771
1186.900009
1186.919055
1187.134792
1187.169034
1187.499745
1187.627991
1187.775529
1188.624589
1188.828979
1189.039596
1189.315953
1189.527224
1190.208881
1190.680740
1190.689096
1190.713549
1190.831268
1190.917079
1190.959514
1191.035535
1191.115817
1191.349494
1191.376978
1191.621755
1192.060805
1192.135516
1192.181473
1192.284692
1192.329667
1192.378245
1192.457011
1192.571249
1192.643625
1192.667013
1192.777032
1192.978924
1193.153004
1193.399337
1193.646080
1194.591887
1195.276083
1196.085330
1196.382454
1196.605522
1196.817121
1196.859228
1196.941967
1197.139927
1197.358449
1197.477396
1197.815685
1197.817815
1197.869384
1198.104863
1198.844805
1199.655854
1199.827190
1200.018227
1200.043336
1200.996393
1201.501553
1201.830625
1202.196931
1202.872852
1203.216876
1204.841677
1205.873377
1206.185288
1206.491791
1207.808901
1207.945175
1208.333066
1208.428175
1208.439153
1208.791654
1209.272320
1210.453565
1210.489569
1210.569646
1212.867133
1213.358244
1213.530112
1213.638083
1213.687357
1213.708820
1213.832315
1214.049321
1214.076436
1214.922670
1214.995948
1215.247032
1215.858729
1216.116326
1216.731628
1217.425900
1217.520722
1217.963622
1218.033623
1218.102313
1218.493358
1218.512814
1218.657157
1218.756444
1218.802483
1219.020186
1219.344630
1219.460383
1219.727237
1220.021043
1220.053811
1220.071424
1220.126638
1220.298998
1220.322673
1220.798792
1220.837171
1221.327708
1221.493596
1221.630935
1221.683651
1221.951693
1222.039020
1222.124708
1222.154281
1222.267249
1222.283141
1223.133430
1224.040038
1224.544748
1224.798372
1224.921498
1225.129697
1225.238733
1225.549906
1226.314711
1226.951475
1227.008123
1227.305738
1227.729756
1227.816591
1227.825684
1227.865620
1228.565463
1228.579430
1228.605645
1228.944343
1229.195674
1229.205627
1229.280338
1229.840835
1230.486446
1231.017492
1231.142666
1231.274271
1231.476490
1231.644221
1233.238180
1233.445315
1233.500406
1233.617306
1233.969848
1233.988198
1234.201149
1234.544517
1235.209748
1235.525468
1236.096287
1236.461773
1236.709827
1236.958618
1237.243453
1237.348762
1237.566423
1237.795021
1238.468895
1238.480650
1238.608609
1238.808822
1238.830612
1238.892585
1239.287644
1240.144978
1240.202035
1240.237711
1240.492728
1240.574116
1241.016443
1241.150095
1241.153454
1241.280758
1241.444925
1241.499976
1241.590948
1242.403103
1242.871931
1243.845018
1244.234301
1244.759859
1245.024174
1245.865984
1246.145495
1246.171832
1246.203208
1246.218854
1246.244086
1246.260675
1246.332436
1246.354063
1246.386422
1246.405386
1246.435533
1246.461952
1246.487224
1246.514708
1246.636810
1246.657741
1246.731305
1246.791148
1246.891704
1246.969283
1247.022244
1247.160812
1247.173591
1247.315231
1247.338250
1247.361024
1247.374377
1247.378145
1247.428280
1247.511757
1247.534572
1247.569756
1247.717663
1247.770010
1247.805891
1247.884902
1247.982182
1248.061399
1248.142131
1248.300974
1248.423854
1248.556769
1248.636682
1248.718971
1248.748175
1248.833946
1248.948183
1248.995164
1249.934377
1250.226135
1250.673254
1250.735227
1250.767094
1250.854912
1251.054060
1251.251896
1251.471933
1251.522683
1251.626885
1251.696640
1251.720151
1251.785564
1251.825541
1251.851551
1251.921347
1251.995361
1252.033126
1252.049592
1252.105544
1252.142121
1252.172390
1252.198318
1252.213883
1252.244890
1252.347617
1252.379689
1252.421550
1252.476559
1252.515963
1252.615004
1252.765983
1252.827955
1252.858470
1253.087478
1253.118935
1253.198971
1253.308293
1253.552865
1253.645599
1253.892751
1253.909135
1253.971190
1253.989048
1254.248899
1254.309929
1254.467584
1254.526525
1254.542295
1254.584443
1254.770852
1254.821233
1254.876856
1254.901965
1254.931784
1254.967050
1255.013745
1255.076741
1255.227187
1255.289364
1255.549952
1255.704289
1255.894753
1256.044421
1256.138342
1256.998584
1257.736602
1257.768223
1258.356777
1258.494198
1258.654106
1258.802463
1258.875085
1259.142963
1259.811185
1259.924029
1260.319293
1260.432712
1260.495749
1261.608100
1262.106911
1262.774968
1263.069061
1264.165110
1265.292247
1265.964687
1266.630574
1267.290972
1267.654164
1267.831644
1268.081050
1268.136878
1268.731699
1268.835697
1269.063025
1269.596201
1270.000517
1270.362767
1270.842491
1271.182418
1271.200686
1271.425475
1271.444603
1271.762166
1271.771955
1271.779983
1271.825039
1271.936369
1272.255160
1272.413389
1272.415478
1272.418714
1272.996946
1273.135022
1273.493996
1274.157302
1274.332611
1275.330150
1276.664586
1276.799713
1276.875489
1276.910100
1277.198909
1277.323387
1277.369958
1277.420872
1277.465436
1277.514056
1277.555589
1277.588644
1277.605970
1277.619282
1277.715825
1277.741711
1277.818552
1277.841408
1277.888553
1278.340915
1278.421893
1278.535639
1278.609736
1278.713774
1279.149998
1279.377818
1279.726428
1279.917793
1279.958999
1280.179323
1280.276521
1280.428810
1280.442900
1280.512778
1280.611615
1280.955720
1281.007002
1281.675469
1281.724211
1282.074419
1282.096824
1282.107761
1282.371666
1282.435686
1282.908488
1283.544801
1283.872481
1283.935601
1283.963003
1284.184924
1284.386447
1284.402176
1284.502856
1284.681114
1285.238579
1285.447107
1285.561672
1285.606441
1285.641011
1285.719982
1285.742756
1285.820498
1285.887590
1286.252954
1286.496215
1286.586163
1286.612828
1287.061586
1287.377224
1287.436861
1287.461233
1287.983596
1288.016732
1288.126259
1288.477286
1289.117409
1289.943040
1289.973350
1290.369024
1290.960609
1291.177984
1291.265024
1291.686420
1292.117361
1292.727132
1292.832440
1292.926484
1292.997714
1293.094953
1293.386097
1293.557064
1294.467768
1294.541169
1294.853120
1295.259689
1296.055460
1296.243384
1296.377733
1296.457933
1296.559964
1296.570040
1296.659907
1296.719954
1296.765338
1296.827146
1296.935690
1297.296466
1298.005197
1298.450063
1299.376292
1299.435110
1299.514900
1299.566920
1300.066509
1300.163297
1300.277494
1300.848681
1301.083750
1302.318080
1302.366700
1302.610412
1302.637281
1302.688809
1302.779494
1302.866739
1302.905815
1302.991217
1303.142113
1303.298744
1303.524270
1303.621673
1303.985234
1304.055562
1304.067645
1304.639283
1304.995676
1305.133875
1305.366610
1305.409126
1305.506611
1306.376397
1306.424975
1306.598318
1306.723082
1306.830889
1306.886636
1307.095818
1307.399250
1307.515412
1308.125716
1308.520079
1308.552479
1308.855706
1309.011968
1309.022372
1309.228319
1309.456015
1309.538550
1309.612114
1309.619692
1309.720330
1309.760594
1310.276854
1310.821827
1311.637217
1311.686287
1311.907881
1312.090481
1312.168468
1312.216023
1312.662569
1313.312481
1313.503805
1313.699103
1314.076918
1315.828244
1315.865231
1316.176937
1316.268442
1316.551598
1316.687503
1316.859453
1317.445796
1317.609390
1317.699133
1317.848801
1317.960909
1318.096773
1318.187991
1318.223503
1318.350316
1319.260201
1319.769989
1320.071782
1320.552940
1321.451110
1321.710469
1321.885204
1322.384425
1322.416374
1322.763796
1323.032044
1323.170406
1323.246019
1323.736351
1323.794063
1324.098232
1324.405064
1324.861071
1324.909691
1324.941025
1325.115351
1325.599252
1326.450483
1326.824940
1327.010939
1327.530312
1327.625953
1328.249774
1328.561029
1328.947077
1328.989962
1329.790566
1329.886986
1330.076180
1330.485699
1330.671739
1330.765947
1331.104072
1331.336561
1331.645850
1331.705446
1331.886694
1332.281180
1333.202657
1333.312471
1333.597635
1333.631713
1333.724733
1334.183035
1334.377062
1334.564946
1334.790922
1334.817833
1334.941491
1335.001948
1335.024476
1335.229891
1335.683072
1335.950623
1336.319877
1337.573376
1337.774490
1338.465485
1338.613146
1338.828431
1338.965361
1339.039293
1339.311677
1339.819581
1339.915919
1340.257690
1341.795860
1341.959004
1342.034616
1343.107031
1343.164989
1343.243346
1343.325348
1344.426639
1344.489185
1344.523633
1345.090109
1345.140040
1345.470341
1345.490575
1345.562542
1346.010890
1346.110669
1346.182185
1346.254643
1346.718966
1346.730476
1348.381532
1348.404797
1348.425769
1348.440146
1348.453622
1348.478157
1348.519444
1348.552131
1348.570644
1348.655268
1348.673536
1348.679639
1348.683325
1348.721009
1348.750664
1348.785807
1348.811899
1348.897219
1349.033984
1349.092639
1349.143552
1349.210235
1349.286175
1349.453128
1349.481923
1349.546516
1349.600379
1349.699953
1349.816115
1349.864079
1349.866086
1349.936087
1350.032835
1350.347735
1350.430638
1350.603448
1350.704292
1351.084892
1351.174431
1351.464755
1351.471923
1351.515054
1351.539261
1351.578542
1351.727514
1351.747953
1351.782400
1352.046592
1352.080753
1352.153866
1352.334049
1352.366203
1352.641413
1352.648090
1352.746148
1352.774902
1352.846746
1352.988262
1353.074278
1353.153946
1353.328394
1353.388319
1353.426944
1353.475932
1353.528115
1353.631867
1353.770107
1353.799680
1353.837322
1353.872957
1353.875169
1353.912730
1353.944351
1353.957581
1353.988424
1354.004521
1354.031964
1354.055926
1354.160579
1354.212516
1354.236969
1354.262446
1354.306724
1354.374349
1354.450084
1354.502267
1354.600980
1354.639606
1354.706903
1354.735616
1354.789642
1354.848297
1354.866401
1354.892657
1354.913464
1354.927923
1354.944963
1354.953155
1354.960814
1354.983547
1355.002634
1355.023237
1355.072348
1355.087995
1355.127112
1355.280138
1355.327283
1355.355628
1355.385528
1355.459502
1355.488584
1355.493253
1355.541053
1355.583324
1355.678679
1355.796521
1355.846820
1355.934188
1356.066693
1356.160983
1356.262932
1356.342231
1356.542321
1356.588155
1356.616172
1356.680929
1356.703744
1356.797747
1356.998574
1357.075251
1357.145784
1357.266002
1357.419930
1357.503734
1357.657784
1357.676872
1357.703127
1357.767352
1357.791109
1357.831741
1357.894001
1357.979443
1358.088479
1358.126858
1358.216028
1358.353162
1358.402970
1358.450401
1358.494679
1358.544159
1358.566973
1358.595031
1358.666424
1358.792663
1358.868562
1358.936924
1359.161999
1359.241339
1359.386829
1359.490949
1359.532564
1359.709061
1359.858278
1360.066273
1360.193823
1360.280003
1360.499548
1360.528835
1360.576061
1360.640492
1360.736502
1360.913285
1361.032069
1361.122632
1361.163715
1361.368515
1361.417953
1361.740636
1361.972879
1362.035425
1362.149089
1362.320998
1362.941706
1362.987049
1363.026821
1363.178414
1363.208110
1363.842990
1363.907256
1363.974881
1364.104520
1364.258529
1364.317225
1364.491387
1364.540662
1364.701635
1364.750828
1364.887675
1365.188854
1365.314437
1365.393121
1365.500887
1365.887590
1365.890294
1366.089114
1366.177137
1366.507766
1366.720676
1366.961562
1367.421379
1367.619461
1367.761633
1368.136663
1368.733901
1368.854610
1370.394583
1370.973962
1371.064197
1371.486659
1371.510743
1371.602903
1371.753554
1371.937587
1372.003082
1372.231148
1372.362793
1372.518195
1372.559852
1372.687811
1372.704891
1372.783329
1372.924928
1373.176463
1373.604250
1374.265508
1374.280417
1374.354227
1374.699274
1375.059476
1375.065170
1375.713567
1375.774474
1376.113091
1376.358728
1376.463995
1376.651223
1376.824484
1376.897597
1376.926106
1377.274511
1377.312850
1377.484513
1377.509499
1377.808343
1377.888051
1378.168054
1378.289172
1378.380841
1378.398003
1378.416681
1378.542592
1378.677555
1378.711880
1378.875105
1379.120333
1379.407340
1379.868099
1379.937567
1379.960545
1380.135199
1380.225147
1380.293345
1380.509491
1380.804690
1380.958290
1381.610373
1382.584279
1383.524147
1383.535739
1383.735869
1383.777280
1384.670454
1384.750367
1385.605571
1386.025492
1386.376806
1386.579231
1387.142103
1387.914691
1388.650291
1389.161144
1389.228401
1389.318513
1389.335716
1389.675520
1389.836943
1390.009426
1390.085693
1390.127718
1390.194852
1390.682194
1390.854554
1390.904361
1390.958551
1391.399199
1391.562015
1391.605309
1391.932047
1392.077619
1392.515809
1392.690995
1392.693207
1393.804575
1393.887314
1394.058117
1394.551398
1394.596823
1394.694390
1395.179397
1395.217531
1395.255091
1395.410657
1395.482747
1395.519242
1395.595796
1396.306616
1396.378829
1396.412989
1396.429783
1396.710400
1397.466726
1397.800141
1397.928673
1398.230917
1398.321766
1398.337700
1398.358794
1398.393487
1398.417162
1398.439117
1398.499615
1398.582845
1398.684221
1398.739272
1398.772900
1398.805668
1398.974259
1399.033815
1399.055155
1399.128801
1399.271997
1399.326474
1399.363420
1399.384719
1399.421542
1399.686554
1399.814226
1399.831101
1399.850476
1399.898931
1399.967949
1400.104223
1400.113644
1400.207606
1400.339251
1400.420147
1400.440300
1400.482652
1400.651940
1400.697037
1400.864686
1401.074156
1401.296241
1401.324626
1401.762406
1401.851945
1402.018365
1402.068623
1402.079724
1402.102211
1402.402324
1402.751181
1402.791240
1402.928415
1403.241308
1403.631206
1403.843912
1403.934147
1404.342067
1404.441846
1404.475720
1404.499026
1404.520325
1404.582257
1404.664545
1404.693012
1404.840141
1404.868239
1404.889129
1404.914811
1404.989768
1405.087048
1405.163356
1405.379011
1405.447782
1405.507502
1405.579674
1405.683917
1405.697352
1405.699072
1405.717586
1405.726843
1405.738926
1405.803110
1405.858243
1405.870694
1405.882778
1405.903340
1405.971456
1406.036992
1406.088643
1406.123131
1406.148485
1406.165811
1406.186824
1406.191657
1406.216110
1406.253834
1406.275256
1406.292664
1406.310973
1406.336164
1406.354473
1406.400553
1406.423777
1406.444872
1406.465966
1406.487880
1406.538998
1406.577418
1406.609080
1406.631731
1406.663107
1406.703165
1406.746993
1406.767514
1406.792008
1406.810235
1406.816748
1406.840422
1406.854062
1406.930657
1406.949253
1406.980137
1407.003853
1407.034204
1407.079096
1407.230444
1407.259853
1407.284838
1407.321129
1407.345459
1407.380890
1407.443722
1407.488942
1407.516303
1407.543583
1407.561114
1407.612805
1407.647539
1407.659909
1407.670764
1407.883059
1407.914803
1408.093839
1408.862781
1408.953057
1408.996844
1409.174200
1409.192837
1409.297367
1409.455022
1409.611121
1409.745715
1409.778401
1409.857946
1409.986888
1410.003763
1410.465546
1410.494423
1410.574991
1410.653102
1410.698281
1410.743951
1410.813379
1410.944328
1411.014738
1411.053732
1411.086131
1411.127173
1411.134136
1411.168174
1411.206636
1411.316695
1411.451781
1411.766190
1412.073923
1412.084900
1412.123075
1412.156989
1412.379238
1412.431053
1412.528251
1412.582400
1412.675052
1412.755538
1412.793098
1412.867850
1412.873462
1413.010596
1413.044347
1413.153464
1413.188567
1413.235712
1413.282202
1413.379359
1413.457265
1413.547213
1413.625774
1413.657436
1413.715558
1413.809152
1414.062572
1414.106644
1414.271508
1414.419415
1414.486589
1414.536274
1414.587965
1414.612746
1414.699295
1414.800384
1414.882304
1415.011000
1415.097262
1415.152312
1415.182828
1415.218586
1415.358136
1415.668163
1415.684260
1415.782236
1415.885742
1415.938171
1416.093082
1416.288502
1416.538071
1416.570266
1416.630764
1416.687862
1416.783135
1416.836792
1416.899912
1417.016852
1417.223987
1417.384223
1417.907323
1418.516111
1418.538598
1418.962493
1419.048223
1419.073208
1419.188224
1419.368407
1419.482153
1419.725578
1419.888476
1420.202230
1420.469862
1420.742001
1421.049283
1421.093151
1421.367951
1421.394493
1421.574636
1422.073979
1422.505533
1422.663926
1422.779023
1422.869176
1423.509504
1423.947571
1424.260301
1424.703652
1425.049887
1425.299784
1425.321329
1426.041938
1426.310840
1426.614845
1427.078554
1427.266109
1427.314565
1427.373548
1427.407094
1427.449774
1427.463987
1427.496141
1427.532677
1427.642245
1427.649413
1428.031734
1428.069622
1428.165100
1428.168008
1428.198973
1428.211057
1428.362732
1428.447150
1428.506706
1428.517356
1428.595507
1428.621804
1428.683981
1429.239112
1429.615903
1430.411223
1430.437765
1430.605251
1430.689014
1430.782648
1430.799892
1430.840607
1431.152640
1431.166075
1431.492280
1431.985766
1432.488387
1432.693842
1432.813199
1432.980398
1433.356698
1433.460777
1433.546957
1433.840230
1433.867305
1434.803487
1435.088609
1435.512709
1435.779768
1436.312658
1436.575048
1436.644557
1436.703703
1437.278126
1437.369590
1437.671178
1437.682565
1437.782303
1437.831905
1437.954007
1437.990543
1438.770790
1439.444091
1439.956091
1440.858972
1441.069220
1518.713569
1518.787789
1520.122225
1520.402309
1521.150444
1525.188239
1527.069164
1529.969295
1530.390036
1530.657014
1532.326461
1532.786852
1532.819333
1533.240689
1534.600028
1534.640251
1534.725489
1535.121408
1535.355167
1535.740273
1536.200704
1536.294011
1536.936223
1536.952484
1537.003274
1537.099203
1537.127670
1537.196114
1537.260708
1537.764762
1537.785078
1538.126234
1538.153882
1538.318991
1538.771313
1539.240837
1539.740754
1540.653425
1540.933140
1541.326275
1542.191677
1542.290432
1542.432891
1544.896184
1544.904786
1544.995594
1545.608479
1546.885693
1547.007058
1547.068334
1547.301847
1547.350876
1547.996365
1548.961505
1549.038510
1549.048095
1549.547151
1549.575741
1549.669581
1549.767557
1549.896704
1551.719956
1551.783281
1551.813263
1551.878185
1551.921725
1552.247112
1552.339886
1552.986931
1553.193288
1553.451745
1553.529283
1553.576755
1553.670636
1554.009375
1554.032845
1554.408202
1556.498391
1556.832379
1557.207736
1558.760776
1558.840074
1559.000801
1559.137198
1559.250657
1559.371039
1559.626957
1559.639695
1559.692902
1559.902085
1561.455370
1561.585951
1561.620726
1561.684869
1561.710100
1561.730458
1561.885901
1561.952543
1561.978266
1562.102702
1562.646938
1563.798979
1563.974656
1564.903956
1565.147791
1566.809743
1566.849270
1567.029944
1567.223644
1567.344517
1569.146511
1571.023299
1571.162808
1574.322708
1574.511739
1574.551347
1574.736323
1574.981100
1575.148339
1575.204004
1575.338435
1575.412572
1575.711375
1576.756961
1576.845271
1576.875663
1577.253724
1577.553060
1578.176061
1578.558382
1578.635346
1579.140260
1580.645048
1580.790989
1581.133619
1581.441393
1581.497385
1581.865370
1584.215532
1585.014907
1586.130207
1586.187059
1586.271519
1586.674033
1587.538166
1588.402381
1589.770117
1590.209413
1590.401229
1591.525007
1593.009234
1593.286738
1597.724631
1598.656922
1598.862828
1598.971945
1599.034737
1600.504463
1601.001308
1601.226588
1603.582853
1604.959191
1605.032960
1605.168456
1606.313411
1607.953490
1608.253768
1608.637440
1612.618547
1613.285622
1613.533348
1614.905754
1617.507820
1617.535427
1618.098831
1618.222899
1618.350694
1618.400215
1618.467717
1618.987991
1620.491551
1620.531692
1620.880015
1621.137777
1621.162557
1621.557494
1622.539756
1622.698230
1624.727593
1625.158287
1625.816515
1626.989855
1627.205427
1637.107466
1642.293617
1644.727132
1646.073201
1648.061112
1651.085312
1652.101530
1652.950794
1653.290803
1656.846828
1657.269535
1657.636209
1657.897206
1659.377910
1659.833958
1661.228073
1661.301268
1661.533594
1661.881917
1662.755021
1664.186286
1664.563814
1666.994790
1672.390001
1672.487281
1674.786652
1675.708457
1675.740692
1679.837225
1680.330588
1681.892762
1682.929377
1685.878374
1686.206874
1686.314435
1686.385459
1686.413107
1686.600663
1686.755287
1687.339295
1687.653007
1691.701617
1691.826749
1691.867709
1691.995873
1694.999552
1695.209390
1695.386665
1696.387113
1697.347052
1697.416602
1697.534321
1697.591460
1699.291095
1701.177303
1701.611274
1702.181642
1703.126016
1703.690609
1704.514150
1704.932065
1704.941691
1705.002557
1706.438615
1707.494195
1711.787868
1711.818015
1712.226468
1712.916931
1713.018225
1713.159741
1713.178092
1713.203036
1713.265623
1713.311580
1713.416151
1713.522115
1713.597522
1713.688576
1713.838858
1713.962516
1714.195538
1714.410086
1714.937569
1714.988278
1715.065283
1715.804406
1715.851141
1716.295803
1716.539802
1716.594688
1716.740383
1716.766802
1716.937851
1718.475039
1718.711542
1718.751232
1718.925271
1720.127406
1720.675697
1721.766994
1721.999401
1722.914857
1725.253345
1727.803965
1727.952241
1728.160727
1728.230031
1728.656794
1730.188739
1734.155059
1734.192046
1736.634245
1741.251625
1745.957847
1747.494871
1748.934984
1749.085839
1749.167800
1749.391770
1749.551022
1749.804605
1754.471956
1760.153108
1761.752105
1763.628237
1765.066465
1767.463117
1769.241231
1769.474744
1773.256868
1773.611008
1774.412227
1774.461829
1774.544077
1774.682644
1776.112271
1777.015194
1777.772913
1777.947689
1778.375270
1778.619761
1778.832220
1778.934129
1781.164687
1782.612869
1783.106314
1783.256064
1783.841423
1784.298291
1785.842934
1786.240860
1787.514388
1788.280095
1789.558784
1789.954621
1790.138737
1790.288691
1791.729172
1792.078111
1792.143565
1792.229663
1792.285573
1792.312033
1792.416440
1793.089454
1793.151427
1793.307484
1793.620419
1793.833779
1795.303916
1796.116070
1796.230021
1799.521444
1804.087788
1805.406700
1806.563860
1806.752522
1807.006802
1807.087124
1807.445524
1807.460434
1808.120259
1808.210493
1809.489510
1809.522115
1809.590272
1809.634836
1809.719460
1810.168832
1810.244854
1810.545050
1812.478894
1812.739604
1813.244764
1813.392630
1813.911470
1814.074655
1814.126633
1814.210437
1814.277530
1815.129416
1816.011981
1816.408228
1817.127731
1817.942180
1817.948283
1817.993462
1818.050396
1819.276575
1819.366195
1819.483423
1819.903181
1820.321505
1822.562509
1823.122063
1823.595725
1823.690179
1824.489226
1824.631194
1824.745841
1824.852664
1824.894853
1824.930202
1825.044234
1825.137091
1825.465754
1826.133606
1827.846431
1828.073267
1828.425277
1829.193441
1829.424169
1829.813330
1829.932278
1830.189015
1830.700196
1830.725018
1832.168735
1832.211292
1834.017423
1834.647306
1834.705879
1834.785628
1835.105444
1835.137516
1835.257364
1835.492393
1835.532861
1835.689411
1835.729060
1835.795497
1835.817574
1835.851407
1835.952497
1836.374753
1836.422595
1837.211484
1837.312410
1837.745971
1838.091305
1838.280827
1838.308803
1838.455972
1838.492303
1839.343002
1839.395594
1839.447245
1840.137052
1840.647660
1841.095025
1841.101169
1841.110344
1841.870234
1841.944986
1842.535342
1844.777411
1844.961321
1845.111562
1846.173778
1846.937354
1846.984008
1848.428298
1849.488630
1851.063624
1851.899372
1852.006400
1852.262769
1852.313395
1852.481782
1854.426972
1854.492099
1856.616776
1856.649994
1856.712131
1856.806298
1857.627218
1858.283561
1858.737152
1858.748211
1861.077238
1861.117092
1861.148877
1861.170094
1861.221417
1861.303296
1861.388984
1861.413069
1861.509448
1861.913313
1862.026732
1862.073836
1862.120366
1862.139863
1862.209126
1862.245048
1862.371779
1862.945014
1863.556342
1863.709204
1863.732552
1863.754793
1863.769825
1863.784448
1863.804355
1863.822254
1863.862026
1864.065229
1864.110572
1864.153620
1864.241766
1864.620360
1864.675082
1864.774083
1864.837734
1865.018532
1865.886106
1866.051011
1866.184008
1866.221036
1866.275922
1867.230781
1867.260518
1867.430257
1867.861402
1867.871887
1868.375613
1868.933161
1869.347348
1869.461996
1869.571645
1870.009016
1870.459331
1870.518600
1870.847099
1870.884495
1870.981816
1872.016753
1872.211558
1872.787702
1873.458913
1873.948058
1874.311823
1875.656417
1875.668787
1875.677389
1875.697009
1875.853189
1875.879240
1876.985938
1877.964923
1878.245294
1878.519726
1878.553805
1878.577398
1878.631670
1878.719119
1878.895124
1878.918062
1878.937518
1879.015260
1879.085711
1879.275520
1879.457997
1879.751598
1880.076575
1881.360220
1881.711002
1881.827656
1881.840558
1881.859809
1881.869885
1882.069770
1882.187858
1882.204365
1882.298655
1882.439885
1882.491044
1882.495631
1882.670612
1882.698301
1882.719560
1882.740367
1882.768507
1882.843791
1882.873283
1882.930340
1883.041997
1883.068785
1883.083940
1883.125801
1883.163279
1883.191378
1883.206328
1883.242168
1883.279647
1883.333878
1883.352187
1883.383972
1883.434803
1883.576812
1883.622892
1883.724882
1883.767357
1883.858452
1883.907482
1884.360008
1884.548055
1884.616745
1884.849889
1885.312410
1885.905306
1886.105805
1886.379786
1886.523023
1886.575821
1886.708695
1886.739907
1886.795981
1886.859674
1887.549686
1888.878633
1889.308385
1889.398661
1889.650319
1889.851884
1890.044518
1890.095268
1890.133688
1890.427372
1890.461655
1890.478039
1890.535834
1890.567455
1890.590884
1890.667028
1890.686525
1890.737725
1890.774548
1890.790482
1890.816492
1890.848932
1890.879119
1890.918154
1891.056394
1891.077530
1891.097395
1891.107185
1891.131761
1891.150234
1891.297075
1891.354706
1891.511460
1891.573391
1891.645112
1891.671859
1891.696148
1891.712369
1891.778314
1891.810714
1891.837911
1891.872276
1891.886981
1891.969147
1892.041441
1892.384440
1892.412334
1892.530627
1892.598415
1892.667884
1892.753531
1892.795023
1892.841349
1892.888863
1892.984791
1893.031485
1893.124588
1893.159649
1893.210685
1893.327053
1893.641462
1894.509814
1894.898483
1894.918922
1895.104307
1895.127040
1895.267983
1896.008172
1896.025784
1896.073421
1896.512102
1896.562033
1896.601600
1896.636948
1896.661770
1896.719155
1896.898888
1896.960983
1897.060516
1897.173524
1897.716163
1897.985597
1898.092708
1898.156646
1898.178806
1898.213007
1898.263880
1898.679583
1898.817413
1898.863862
1898.868367
1898.894172
1898.921083
1898.932142
1899.085742
1899.114250
1899.229184
1899.282801
1899.590205
1900.381962
1900.705423
1900.802089
1900.894822
1900.971909
1901.048791
1901.205176
1901.507215
1901.529006
1901.555999
1901.624156
1901.649101
1901.794632
1901.985710
1902.091305
1902.263173
1902.354227
1902.385644
1903.053005
1904.035308
1904.121119
1904.150487
1904.249405
1904.423240
1904.443597
1904.799089
1904.971653
1904.975667
1905.301381
1905.346519
1905.358520
1905.387397
1905.407631
1905.419510
1905.548780
1905.993646
1906.074747
1906.246410
1906.258289
1906.549924
1906.563441
1906.589123
1906.921677
1907.070771
1907.185009
1907.274097
1907.554550
1907.614310
1907.729613
1908.362977
1908.819968
1908.915077
1908.956447
1909.354086
1909.431951
1909.482209
1909.495112
1909.719327
1909.729403
1909.782938
1909.916590
1909.998387
1910.511944
1910.542459
1910.604186
1910.656041
1910.856335
1910.956974
1911.124173
1911.358996
1911.637811
1912.040735
1912.046715
1912.318771
1912.904172
1913.495224
1913.969009
1914.675118
1914.727629
1915.164426
1915.216364
1915.375206
1915.973919
1916.393636
1917.837066
1919.708201
1920.349962
1920.964444
1921.043661
1921.666335
1924.896604
1924.917740
1924.947517
1925.009736
1925.027144
1925.082153
1925.247918
1925.301699
1925.364408
1925.388083
1925.444321
1925.494702
1925.530460
1925.601239
1925.633843
1925.727642
1925.871698
1926.920888
1926.979420
1926.992814
1927.029637
1927.055811
1927.177994
1927.193600
1927.347528
1927.471800
1927.567278
1928.220508
1928.240701
1928.482447
1928.554865
1929.493668
1930.014147
1933.366436
1933.403955
1933.476618
1933.562798
1934.980547
1935.090442
1935.264276
1935.398871
1935.641600
1935.705702
1935.752397
1936.233431
1936.820634
1936.912261
1937.030103
1937.084785
1937.215406
1937.311785
1937.954324
1938.817270
1938.856468
1938.952847
1939.265536
1939.957023
1940.698112
1940.976189
1943.023944
1943.288504
1943.343718
1943.687332
1943.736320
1943.799194
1943.853998
1944.079196
1944.168284
1945.228124
1946.264412
1946.287923
1946.705961
1947.379958
1947.408753
1947.857388
1948.439962
1948.447867
1951.271895
1951.650652
1952.619602
1955.248374
1955.821773
1956.486103
1956.564992
1956.673536
1956.713267
1956.746732
1958.484828
1959.050568
1959.302390
1959.443169
1959.478190
1960.199086
1960.271503
1960.611348
1960.938373
1961.156526
1961.217352
1961.245983
1961.456271
1961.896387
1961.979167
1962.217923
1962.404372
1963.660984
1963.672535
1963.817697
1964.063252
1964.320727
1964.821627
1965.105807
1965.140091
1965.748716
1965.793812
1966.146929
1966.192476
1966.314414
1966.841856
1967.179162
1968.051896
1968.513106
1968.526172
1968.537764
1968.557138
1968.655401
1968.759030
1968.858931
1968.937288
1968.961413
1969.003602
1969.033339
1969.086136
1969.199473
1969.232404
1969.374003
1969.501020
1969.648026
1969.899274
1970.073887
1970.218885
1970.733793
1970.821939
1971.307643
1971.508470
1971.638477
1971.743949
1972.180869
1972.269384
1973.731656
1973.807391
1974.479462
1974.562693
1975.037379
1975.522263
1975.703224
1976.631951
1976.766095
1976.796529
1976.811397
1976.828355
1976.848343
1976.963154
1977.050890
1977.090540
1977.193144
1977.321964
1977.366405
1977.464832
1977.628672
1977.682985
1977.733939
1977.763471
1977.816637
1978.265559
1978.314670
1978.430874
1978.492764
1978.523853
1978.572063
1978.603766
1978.631741
1978.671473
1978.785792
1978.833797
1978.854605
1978.883072
1978.997391
1979.050435
1979.169874
1979.210260
1979.244585
1979.262853
1979.282637
1979.301642
1979.349279
1979.354440
1979.425505
1979.445617
1979.456061
1980.146852
1980.188099
1980.272804
1980.288000
1980.627354
1980.797501
1980.955935
1981.050102
1981.159342
1981.310075
1982.254408
1982.665933
1982.918246
1982.981448
1982.984561
1983.152579
1983.502868
1983.972024
1984.194396
1984.716800
1985.054392
1985.094287
1985.388339
1985.943347
1986.109768
1986.125701
1986.311946
1986.465055
1986.568356
1987.916800
1988.530913
1989.130527
1989.579489
1989.648835
1990.047867
1990.262497
1991.382835
1991.524762
1991.857193
1992.246313
1992.976138
1993.006039
1993.055396
1993.418465
1994.723041
1995.008942
1996.352020
1996.814950
1997.540762
1997.666550
1998.202757
1998.239171
1998.343823
1998.444749
1998.718771
1998.794015
1998.863483
1999.056077
1999.303598
2000.079217
2000.973783
2001.056686
2001.166418
2001.892475
2003.626066
2003.795845
2003.863470
2004.363018
2005.044019
2005.350359
2006.795469
2007.659110
2007.819305
2007.885292
2008.242381
2009.326510
2009.456886
2009.479209
2010.499727
2010.562478
2010.583081
2010.630963
2010.839572
2010.894664
2010.964500
2010.987233
2011.016028
2011.204444
2011.383685
2011.640259
2011.780874
2011.796521
2011.829617
2011.850383
2011.931771
2012.001444
2012.102984
2012.390113
2012.533432
2012.638167
2012.654305
2012.660818
2012.758876
2012.810527
2012.856975
2012.911534
2013.315768
2013.426893
2013.869793
2014.472315
2015.583109
2015.731466
2015.824650
2016.061972
2016.202834
2016.222331
2016.536166
2017.277297
2017.286758
2017.765949
2017.891123
2017.951252
2018.367488
2019.253780
2019.351060
2019.433882
2020.013097
2020.387226
2020.545372
2022.200033
2022.229647
2022.267249
2022.270648
2023.293092
2023.631421
2024.302182
2024.407081
2025.031025
2025.665946
2025.734840
2026.967695
2027.474657
2028.404613
2028.420465
2028.544164
2028.679946
2029.504840
2029.555343
2029.830840
2030.712791
2031.518515
2031.636439
2033.507615
2033.534853
2033.591665
2033.627587
2033.661542
2033.676124
2033.678377
2033.697710
2033.739530
2033.764639
2033.789870
2033.937572
2034.295398
2035.517809
2036.891116
2037.331681
2037.680210
2037.692006
2037.870592
2039.402455
2040.021893
2040.378286
2041.176474
2041.482895
2044.190884
2044.680192
2044.833505
2044.961710
2044.964536
2045.799956
2045.944177
2048.699474
2049.196646
2049.281516
2049.518060
2050.972221
2052.190986
2052.313334
2052.449321
2052.777943
2052.815176
2052.842291
2052.869284
2054.372966
2055.406756
2055.662019
2056.387133
2056.453120
2056.486666
2056.713626
2056.890860
2056.964792
2057.286246
2057.586565
2057.607496
2057.775391
2057.820324
2057.913098
2057.931244
2057.983877
2058.069361
2058.136822
2058.705715
2058.739589
2058.786202
2058.972611
2059.238646
2059.266908
2060.299141
2060.447539
2060.512748
2061.054280
2061.787505
2062.657004
2062.675272
2062.736138
2062.806098
2062.847427
2062.855209
2062.876221
2063.012413
2063.103427
2063.157330
2063.237980
2063.241871
2063.267676
2063.365325
2063.426683
2063.467069
2063.488819
2063.510610
2063.530435
2063.547965
2063.566848
2063.580938
2063.584911
2063.603507
2063.678587
2063.732244
2063.835587
2063.901123
2064.044646
2064.069714
2064.269148
2064.347668
2064.422584
2064.466084
2064.570941
2064.605143
2064.865403
2065.003684
2065.164042
2065.239982
2065.625129
2065.705288
2066.395546
2066.555863
2066.747924
2066.826650
2066.883953
2067.157565
2067.237724
2067.360932
2067.397059
2067.423437
2067.717530
2067.794821
2068.180255
2068.265247
2068.450058
2068.456489
2068.741612
2068.784333
2069.532303
2069.659648
2069.727805
2070.874317
2071.805174
2072.073626
2072.358543
2072.673567
2074.399130
2074.402816
2074.562724
2076.378685
2077.178634
2079.954657
2080.010158
2080.060744
2080.086917
2080.135291
2080.223601
2080.345580
2080.358523
2080.433644
2080.722862
2081.083187
2081.167565
2083.115868
2083.466404
2084.331602
2084.542587
2085.258117
2085.492777
2085.519565
2088.735457
2088.831631
2088.937964
2089.540362
2089.835192
2090.125271
2091.228242
2091.246019
2091.507630
2092.991242
2096.763863
2097.276027
2098.559058
2099.381248
2100.351672
2101.916303
2102.205071
2102.458819
2102.460989
2103.294730
2103.300178
2103.420027
2103.936410
2105.675735
2105.842893
2105.864561
2105.928950
2106.015703
2106.046915
2106.068664
2106.093937
2106.110116
2106.164224
2106.210836
2106.264822
2106.335519
2106.534461
2106.552484
2106.715423
2106.869719
2106.969743
2106.998088
2107.092378
2107.173437
2107.197727
2107.210097
2107.238973
2107.520737
2107.649393
2107.677819
2107.716198
2107.863081
2108.083773
2108.257526
2108.389294
2108.426895
2108.491203
2108.554527
2108.649718
2108.934799
2108.972401
2109.208003
2109.253591
2109.573857
2109.628088
2109.660774
2109.705462
2110.094049
2110.175724
2110.224384
2110.632755
2110.650982
2110.696612
2110.745231
2110.843085
2111.019254
2111.229993
2111.609692
2111.663596
2112.308797
2112.769311
2113.093919
2113.116529
2113.185219
2114.722038
2115.234120
2115.742228
2115.806986
2116.454932
2116.483850
2116.533084
2116.565811
2116.694344
2116.933059
2116.949279
2117.042790
2117.099725
2117.688771
2117.890376
2118.771630
2119.340605
2120.651366
2120.864891
2121.115853
2121.227059
2121.593119
2121.850143
2122.840187
2123.162214
2123.270881
2124.243190
2125.222543
2127.689646
2127.767306
2128.129925
2128.171581
2128.190423
2128.236462
2128.580649
2128.724541
2128.870359
2131.365765
2131.899802
2132.097393
2132.168827
2132.354253
2132.545290
2133.667881
2135.413228
2135.972045
2137.223946
2137.315779
2137.358336
2137.687736
2137.861652
2137.979412
2138.601021
2138.720584
2138.727956
2138.754540
2138.796360
2138.857349
2138.924646
2138.969416
2139.060756
2139.159470
2139.187405
2139.207270
2139.239301
2139.278868
2139.391181
2139.421204
2139.511972
2139.902198
2140.026348
2140.075827
2140.149719
2140.415345
2140.498330
2140.934021
2141.319209
2141.353452
2141.446144
2141.708001
2141.836698
2142.254367
2142.592000
2142.841733
2142.867292
2142.908006
2143.192228
2143.542886
2143.589089
2143.715983
2143.827108
2144.062996
2144.166830
2144.294994
2144.339436
2144.590971
2144.718111
2144.781025
2144.927498
2145.005568
2145.206559
2145.411113
2145.475420
2145.509253
2145.547264
2146.352251
2146.484797
2146.561966
2146.601820
2146.698691
2147.981681
2149.508383
2149.682749
2150.491259
2150.504530
2152.000266
2152.179917
2152.314757
2153.605980
2153.826304
2153.848668
2153.874309
2153.993503
