158.294221
158.649098
158.671626
158.872617
159.033467
159.374623
159.562588
159.566684
160.108708
160.159007
160.251945
160.315105
160.487055
160.493691
160.898335
161.115668
161.241743
161.394483
161.429053
161.891860
161.907016
161.935933
161.946665
161.961820
162.143519
162.226627
162.426962
162.658304
162.728878
162.790482
162.869535
163.079127
163.217449
163.461243
163.796828
164.908483
165.227684
165.674803
165.713592
165.848351
166.115082
166.144983
166.280233
166.486630
166.595543
166.756680
168.039956
168.241111
168.242627
169.198141
169.356165
169.376195
169.666396
170.037043
170.076652
170.175980
170.215670
170.279936
170.286572
170.520044
170.652877
170.748068
170.969211
171.015004
171.112735
171.788575
171.968963
172.100854
172.283044
172.398305
172.425175
172.526264
172.675523
172.718203
172.767928
173.153362
173.231677
173.458596
173.539369
173.601546
173.877576
173.913457
174.039409
174.081761
174.318305
174.470717
174.842266
174.913167
174.916608
174.937661
174.985462
175.070700
175.147172
175.171748
175.207793
175.818670
175.834767
175.992955
175.997993
176.004792
177.117676
177.574339
177.658429
177.695212
177.758454
177.792778
178.415124
179.322716
179.411886
179.890749
180.385014
181.115331
181.184430
181.253366
181.301658
181.474632
181.570601
181.675827
181.839831
182.071214
182.181069
182.445056
182.699377
183.872840
184.601108
184.621507
184.873984
185.036800
185.049989
185.148703
185.415066
185.524511
185.663201
185.796813
186.361364
186.592092
187.011523
187.165245
188.486943
189.108675
189.161103
189.312082
190.061978
190.129234
190.426276
190.488289
191.410954
191.429386
191.493980
191.869542
192.060989
192.064881
192.071270
192.186409
192.743465
192.936919
193.254318
193.751695
195.216589
195.943342
196.149862
196.228301
196.255212
196.284129
196.378829
196.649738
196.915855
197.224079
197.526856
198.323159
198.720143
198.728663
198.744637
198.761636
198.777651
198.784246
198.802063
198.924861
198.955827
199.076864
199.081165
199.859118
200.245248
200.330158
200.437637
200.550646
201.851331
201.915638
202.061865
202.084311
202.144440
202.208625
202.218578
202.297958
202.303816
202.320691
202.767483
202.905436
202.959790
202.995139
203.198915
203.199693
203.549737
203.833917
203.982193
205.340508
205.883720
205.999514
206.007337
206.068941
206.210785
206.457569
207.056773
207.211766
207.636644
207.729254
208.284754
208.625254
209.098301
209.260626
209.752965
209.907016
209.982751
209.986437
210.082980
210.090189
210.690171
211.065324
211.275121
211.621028
211.810714
211.983606
212.254351
212.658831
213.072486
213.080474
213.259346
213.950464
214.283960
214.299279
214.433792
214.563922
214.726656
214.880092
215.162184
215.298294
215.765606
216.424489
216.444355
216.461148
216.671150
216.685363
216.748237
216.801976
216.978022
217.449882
217.501286
217.567642
217.721979
217.947505
218.039501
218.507428
218.869514
219.797586
220.285379
220.416860
220.577055
220.971786
222.809539
222.872003
222.889615
222.897684
222.966497
223.025275
223.085199
223.231304
223.389655
223.507702
223.519580
223.764234
223.961661
224.234578
224.337756
224.566190
224.860529
225.092076
225.228268
225.339023
225.572168
225.890877
225.899479
226.081260
226.190868
226.212454
226.339717
226.472468
226.501755
226.840863
227.384197
227.517153
227.732480
228.035092
228.051313
228.129628
228.550656
228.554793
228.600218
228.665139
228.710154
228.714660
228.734075
228.924621
229.020754
229.295718
229.576294
230.378742
232.672502
233.141002
233.968394
234.128425
234.136084
234.162053
234.319708
234.620846
235.739996
235.824783
235.896340
235.983913
235.993252
236.139561
236.310077
236.414812
236.419195
236.548547
236.656640
236.663726
236.904694
237.118136
237.940204
237.948805
238.176338
238.459167
238.864507
239.646802
239.650611
240.056279
240.259359
240.298025
241.712824
241.805763
241.860116
242.169528
242.298839
243.596001
243.614884
243.826319
243.855483
244.029563
244.057252
244.082196
244.105011
244.116234
244.193567
244.240015
244.308705
244.324803
244.401029
244.421386
244.432445
244.913316
245.176771
247.005553
247.272612
248.537580
248.910684
249.695560
249.701089
250.199450
250.332119
250.347930
250.709565
250.984530
251.081441
251.325358
251.676713
251.686380
251.802419
251.974902
252.729139
253.927711
254.097080
254.303887
254.409277
255.018230
255.078605
255.123948
255.255839
255.617229
258.016707
258.473861
258.553528
258.854707
259.593011
259.817390
261.214003
261.874811
261.999206
262.105170
262.171156
263.018742
264.635843
264.680735
264.769536
264.811192
264.838595
265.210552
265.239511
265.372631
265.377096
265.451807
265.654559
265.730867
265.903391
267.028234
267.597701
267.704852
267.713208
267.886469
268.000338
268.472852
268.542566
268.702515
268.737167
269.079142
269.334323
270.000374
270.869873
270.890394
271.932908
272.502743
272.694682
273.204552
273.251656
273.423524
273.648599
273.791468
273.944617
275.537183
275.564749
275.614433
275.635200
276.129178
276.278804
276.341432
276.861420
276.875264
277.161615
277.193728
277.391606
278.858957
279.127572
279.158497
280.238326
280.316396
281.174671
281.207521
281.302589
281.355796
281.462006
281.523446
281.663816
281.803039
282.029875
283.887165
283.958272
284.016271
284.494234
284.507177
285.101916
285.153772
285.261988
285.581844
286.045389
286.247526
286.441267
286.459740
286.615101
286.874993
287.239250
287.354061
287.447286
288.074998
289.306829
291.505766
291.723059
292.192420
294.734356
294.741606
294.810706
295.126262
295.141622
295.322788
295.785964
295.816520
296.148664
296.188723
296.437719
296.876155
297.839452
298.436895
298.851369
298.860913
300.281979
300.795781
300.869878
302.025032
302.038262
302.225900
302.365778
302.427177
302.553211
303.210373
303.264399
303.325716
303.398257
303.411528
303.431598
303.492833
303.693865
303.727903
303.830794
303.866470
303.911485
304.642703
305.092772
305.584620
306.137825
306.231828
306.352538
306.800599
307.327181
307.380716
307.739689
307.743498
308.808376
310.269460
310.461399
310.467379
310.833521
311.237591
311.759012
311.835525
312.686756
313.559491
315.901870
316.082381
316.147343
316.310282
316.490097
316.635914
320.221061
320.354468
320.461210
320.491028
320.501842
320.574751
320.719667
320.778404
321.112064
321.259971
321.281761
322.034811
322.035180
322.119229
322.427208
322.448220
322.716180
322.986230
323.114353
323.522888
323.592397
323.822510
323.859251
323.935191
324.119921
324.248822
324.384113
325.019116
325.267620
325.440840
327.363215
327.388897
327.695606
327.755407
327.763763
327.769170
328.804311
328.989327
329.431532
329.539461
329.852191
330.220544
330.770432
330.924646
331.056169
331.244175
331.334410
331.617403
333.574840
336.036700
336.606413
336.694641
337.153352
337.302446
337.328783
337.360937
338.986435
339.326566
339.514696
340.180255
341.265244
343.056261
343.271137
343.421379
346.651279
346.951639
347.399578
347.426898
347.627643
349.130670
351.217869
353.517568
355.232809
355.856548
356.919583
358.157066
358.899917
359.475364
360.408105
360.701624
361.382830
361.774080
361.808486
361.855713
361.909371
361.919734
362.100736
362.204488
362.276946
362.304717
362.308567
362.710426
362.812621
362.955776
364.102492
365.454049
365.544571
365.548012
365.751828
366.144881
366.237123
366.469816
367.291720
367.588721
367.976325
368.536945
369.207419
371.088998
371.422740
371.490693
371.494298
371.532677
371.729900
371.962307
372.083139
372.112138
372.310835
372.377559
372.382188
372.492861
372.585390
373.348516
378.635305
378.677248
380.047852
380.656271
381.479813
381.566403
381.743514
381.769605
381.810852
382.389903
383.541699
383.617966
383.682273
383.739535
383.753462
383.757599
383.788851
383.799296
383.875400
383.911322
383.915704
384.324485
385.300480
385.403740
385.486152
385.504993
385.535508
385.587855
385.863557
386.564833
388.243046
388.408525
389.194097
389.282939
389.463286
389.508178
389.511905
389.639086
389.768274
390.328934
390.334833
392.008090
392.056545
392.435343
392.545198
393.411748
393.462948
394.422804
394.947461
394.967859
394.972815
395.295130
395.316511
395.488788
395.853414
395.952947
395.964170
396.004803
396.017091
396.082299
396.139069
396.270182
396.697723
396.962447
397.416079
397.480100
397.501235
397.507011
397.608018
397.673103
397.800366
397.912146
398.167450
398.444913
398.487839
398.543749
398.567301
398.964204
399.137628
401.011425
401.261445
401.480950
401.540219
401.787535
401.907958
402.812068
402.820751
404.281999
404.633190
404.775977
404.965212
405.173903
405.342904
405.548769
405.937152
406.988145
407.028040
407.302062
407.329014
408.412324
408.736645
409.298125
409.330278
413.186744
413.218243
413.316178
413.382205
413.994271
414.105600
414.319452
414.327849
415.801221
415.906611
416.035758
416.059638
416.628818
416.666788
416.828129
416.896369
417.225032
417.243505
417.923277
418.090885
418.447114
418.470625
418.567496
418.594406
419.341435
419.373670
419.437199
419.543327
419.582239
419.712614
419.734528
419.750420
419.789292
419.809690
419.816489
419.925033
420.169196
420.390625
420.414013
420.557783
420.606075
420.813865
420.933018
421.195284
421.246403
421.414339
421.827092
422.064497
422.458982
422.725140
422.820782
422.844826
422.968115
423.036273
423.224443
423.625155
423.688970
423.982285
424.132936
424.401797
424.953569
425.199247
425.307382
426.575790
426.609459
426.697523
426.741555
426.872586
427.195146
427.214766
427.218289
427.513487
427.598479
427.770429
427.778335
427.781366
427.861074
427.923415
428.107694
428.639969
428.663235
429.549691
430.400102
430.498284
430.880154
431.005368
431.079465
431.178056
431.189688
431.340421
431.393751
431.441715
431.449866
431.628165
431.685100
431.702057
432.196526
432.280289
432.570860
432.786596
432.834765
432.913736
432.955474
433.339228
433.412997
433.676861
434.538414
434.702787
434.957066
435.077939
435.110011
435.193037
435.212616
435.392102
435.544596
436.157440
436.229775
436.235756
436.278968
436.350157
436.407009
436.438057
436.509819
436.734157
436.847739
437.005763
437.353718
437.390746
437.439570
437.463859
437.871657
438.288548
438.627533
438.776504
438.857359
438.960701
439.089316
439.252746
439.269827
439.374070
439.599309
439.664435
439.665254
439.676641
439.681843
439.722312
439.821230
439.838638
439.892664
439.969915
440.265196
441.117573
441.229476
441.242993
441.537249
441.563382
441.880576
442.023977
442.228081
442.937139
442.993623
443.118264
443.139645
443.333550
443.644805
443.763589
443.792548
444.064727
444.236882
444.431196
444.623299
445.095854
445.221110
445.350461
445.521101
445.977805
446.390313
446.585283
447.204229
447.532646
447.697101
448.139182
448.225526
448.392847
448.716923
449.754644
450.024202
450.440315
450.472059
450.533868
450.544026
450.564628
450.884936
453.398200
455.598531
456.208015
456.689787
456.994202
457.236603
457.253888
457.584353
457.758147
458.750607
459.288945
459.294310
459.299348
459.564278
459.621868
460.382700
460.604662
460.843213
461.842760
462.762967
463.060664
463.122391
463.505940
463.890719
463.960228
464.586383
464.937001
465.092690
465.156342
465.161544
465.377116
465.390264
465.420902
465.475584
465.555169
465.695785
465.707991
465.844593
465.848730
465.939743
465.981972
466.043658
466.173829
466.199224
466.285281
466.330214
466.346598
466.355732
466.850120
467.861012
468.328776
470.228255
470.242918
470.412739
471.269745
471.525171
471.572275
471.588045
471.643832
471.840440
472.103076
472.150671
472.214897
472.296120
472.376402
472.906711
473.014968
473.038561
473.106473
473.256673
473.451889
473.538642
473.736479
474.091069
474.130637
474.489037
474.493501
475.036467
475.296645
475.517420
475.856527
475.856896
475.984486
476.167619
476.373033
476.433695
476.935045
477.029540
477.150085
477.412680
477.458883
477.635133
478.025564
478.053745
478.126531
478.175887
479.549522
479.570616
479.652127
480.274637
480.301711
480.631235
480.652083
480.827023
480.919757
481.347215
481.367777
481.525596
484.668989
486.230671
486.405161
487.310664
487.575183
487.613563
487.721615
487.743324
487.749427
487.903437
487.922319
488.324219
489.287803
489.288253
489.483223
489.588531
489.598689
489.749955
489.856614
489.902203
489.921126
489.949143
490.706207
490.746348
490.939843
491.239875
491.322327
491.415183
492.056044
492.209644
492.529050
493.223772
493.574963
493.776077
493.895025
494.858404
495.688909
495.847219
495.977800
496.003645
496.229458
496.305848
496.330711
496.601252
496.875356
497.881170
498.023219
498.135859
499.658179
499.756605
501.458371
502.079611
502.248735
502.319022
502.404997
503.122452
503.479542
503.538811
503.998628
504.040407
504.179466
504.200315
504.573993
504.746394
505.026601
505.211331
505.294070
505.439805
505.724477
506.086072
506.252534
506.966385
507.067474
507.333140
507.484201
507.840225
508.403671
508.657377
508.955279
509.028311
509.090324
509.123256
509.302538
509.395927
509.509345
509.993861
510.181458
510.488003
510.641971
510.963999
511.029207
511.047885
511.247483
511.419146
511.533752
511.950397
511.964078
512.131113
512.318218
512.529572
512.615096
512.642130
512.679158
512.686940
512.755098
512.956621
513.026867
513.056031
513.144340
513.409556
513.748582
513.845084
515.547668
515.647160
515.768566
516.123730
516.126024
516.157358
516.182876
516.196762
516.259144
516.313375
516.429578
516.527923
516.582728
516.764426
516.987331
517.089157
517.103780
517.182915
517.239726
517.379031
517.405655
517.599519
517.753938
517.871288
518.840279
519.052247
520.630477
520.766095
521.172419
521.245860
521.258803
521.354527
521.770312
521.801196
521.967698
522.029548
522.186097
522.403512
522.404905
522.430464
522.483589
522.698383
523.332198
523.399086
523.548631
523.891016
524.104540
524.816835
525.346365
525.585244
525.660160
525.935862
525.962076
526.060339
526.857011
527.269683
527.334810
527.358116
527.482348
527.684035
527.779348
527.791350
527.795282
527.879168
527.908454
527.960474
528.025969
528.050381
528.072868
528.106537
528.112394
528.144220
528.390717
528.395100
528.712090
528.935526
529.066885
529.140244
529.455473
529.478533
529.628365
530.126561
530.179932
530.280980
530.478981
530.491597
530.833531
530.982216
531.153265
531.264594
531.577078
532.609475
532.840120
533.016781
533.095875
533.134090
533.614879
533.740052
534.389473
534.645719
535.177544
535.593206
535.669596
536.393605
536.499732
536.748769
536.788992
536.844370
537.076736
537.142968
537.218130
537.289933
537.325158
537.590743
537.653412
537.698099
537.776947
537.840517
539.537654
539.597046
540.297667
540.455404
545.164739
545.279222
546.213110
546.250506
547.340820
547.353682
547.527885
547.998638
548.349952
549.244355
549.999288
550.745211
550.872883
552.364769
552.386478
552.395489
552.423547
552.437678
552.500429
552.528077
552.596603
552.683848
552.773509
552.947876
555.195392
555.860050
556.096676
556.858655
556.892283
557.056983
557.318103
557.351936
557.379011
557.547561
558.519460
558.671503
558.734459
559.106867
559.109693
559.114691
559.223644
559.269478
559.287378
559.304540
559.435325
559.500288
559.911444
560.346071
560.522076
560.888545
561.469972
561.942487
562.072658
562.107802
562.292736
562.483487
562.608988
562.798879
562.984796
563.424215
564.122214
564.750664
565.000929
565.079941
565.172347
565.322179
565.548851
565.735465
565.811692
565.836349
565.922939
566.085140
566.185943
566.724403
567.297352
567.359406
567.385620
567.547822
567.611924
567.783014
567.837860
567.896678
568.301158
568.310579
568.562319
569.735619
569.762161
570.005012
571.059405
571.424645
571.604173
571.702395
572.443771
572.740895
573.364797
574.827848
574.999757
575.652372
575.785370
576.204923
577.051976
577.403904
577.527931
577.612964
577.779343
578.143846
578.327429
578.623529
579.464684
579.512648
579.750420
579.983442
580.000563
580.185580
580.245463
580.451082
580.472300
580.477829
580.707246
580.935311
581.237105
581.420237
581.916303
584.763802
585.037169
585.831670
586.629284
586.869801
587.606426
587.636531
587.640218
587.913667
588.008161
588.081439
588.210627
588.515410
589.540352
589.756498
589.758218
589.792420
589.824287
589.828874
590.014628
590.349066
590.380073
590.479155
590.537687
590.601830
590.706074
591.379292
591.400591
591.625912
591.658516
591.742444
592.111165
592.248545
592.840868
592.901202
593.010278
593.702953
594.886738
595.554058
596.461732
596.803174
597.061059
597.826028
597.925069
598.178120
598.954639
599.317914
599.477494
601.009439
601.037701
601.108521
601.195438
601.664184
602.100900
602.577142
602.624655
602.910597
603.297587
603.604705
604.400599
604.449137
604.472320
604.516925
604.759818
604.830433
604.906291
604.911247
605.113590
605.160079
605.188792
605.240689
605.450445
605.511311
605.514834
605.520814
605.791805
605.860536
605.945364
606.080942
606.625833
607.189770
607.262597
608.307446
608.351683
608.661873
608.813302
608.881746
608.925491
609.260667
609.505935
609.537966
609.655767
609.868554
609.878876
609.883628
609.889321
610.028544
610.047549
610.165678
610.520760
610.531615
610.599731
611.051274
611.298263
611.560489
611.779338
612.107796
612.122132
612.603576
612.618977
613.348147
613.433958
613.529641
613.670666
613.674353
613.783675
613.786829
613.977170
614.131139
614.355149
614.539551
615.091077
615.889060
615.890043
616.332534
617.383404
617.571000
618.046054
618.664018
618.690683
618.926080
618.961060
619.381432
619.541996
619.567596
619.637268
619.708457
619.909407
619.930542
619.992433
620.081029
620.273500
620.572631
620.739912
620.813763
620.910223
621.221192
621.253018
622.062387
623.459369
625.508925
626.274918
627.689636
627.782205
627.960300
628.047995
628.178944
628.638188
628.714496
628.899267
628.975821
629.357937
629.520589
629.572280
629.774459
630.036644
630.631301
630.690120
630.945300
631.053804
631.068058
631.283794
631.537132
631.546921
631.660380
632.151900
632.381686
632.386601
633.130230
633.224274
633.306481
634.338386
634.755031
635.512750
635.536466
636.353290
636.525527
636.739953
636.902318
637.303562
637.645005
637.868319
638.680433
638.966292
639.113093
639.496274
639.679898
639.812977
639.936102
640.343654
640.612803
640.745226
640.998031
641.270702
641.751572
642.188083
642.224660
642.317353
642.509742
642.529935
642.818621
643.776553
644.083876
644.737884
644.952146
645.658419
646.186598
647.239148
647.332987
647.461478
648.012513
649.275105
649.288376
649.353298
649.461146
649.471549
649.914573
650.025288
650.093486
650.644316
650.988585
651.094180
652.517212
652.730409
653.734093
654.141153
654.364508
654.413578
654.831698
655.405384
655.536742
656.196608
656.677192
658.243297
658.289254
658.369741
658.377892
658.504458
658.541609
658.726011
658.976236
659.092603
659.150561
659.312108
659.459318
659.524485
660.344136
660.858429
661.567693
661.876777
662.229279
662.343352
662.370099
662.374154
662.916014
663.107912
663.470612
663.488717
663.949312
664.520049
664.899461
665.282437
665.312092
665.773998
666.308854
666.388849
666.448568
666.566984
666.585211
666.627195
666.690601
667.000709
667.023114
667.026596
667.130634
667.210179
667.238687
667.292099
667.299308
667.638333
669.686047
672.053207
672.909517
673.171046
673.197384
673.296179
673.377198
673.416888
673.600143
674.689597
674.879037
674.957025
675.483238
676.376863
676.627825
677.390336
677.635768
677.834301
678.135972
678.145966
679.011328
679.874560
680.270029
680.690647
681.083986
681.397453
681.426002
681.429852
681.833554
681.938084
682.060431
682.162340
682.578452
683.248517
683.463434
684.664340
685.329162
685.458678
685.786071
685.822403
686.091756
686.281482
686.335877
686.398915
686.422221
686.439424
686.500291
686.633206
687.145042
688.129516
688.214467
688.306708
688.308961
688.375276
688.410542
688.429056
688.441631
688.447857
688.706765
688.789258
688.897024
688.990044
689.044849
689.124147
689.143439
689.362289
689.719378
689.903411
689.929011
690.138563
691.055821
691.216712
691.308544
691.936870
692.400988
692.472340
692.650762
692.926915
693.074862
693.131837
693.307269
693.382758
693.672878
693.936128
694.043197
694.416302
695.123722
695.505428
696.630272
696.721654
696.919491
697.021030
697.053676
697.568133
697.879224
698.963436
699.012628
699.963884
700.342559
700.499599
702.126817
702.375281
702.480753
702.482309
702.620099
702.780785
703.061852
703.377695
703.822316
706.283397
706.810634
707.692012
708.039434
708.105462
708.327342
708.398490
708.571709
708.581130
708.631020
709.904056
710.233661
710.595011
711.639286
712.511611
712.872305
713.234022
714.227016
714.999153
715.829371
715.844977
716.071772
716.363940
716.373770
716.532449
716.568044
716.951757
717.075128
718.216315
718.227251
718.239212
718.402601
718.492344
718.654136
719.095357
720.589824
720.712008
720.798065
721.393377
721.798103
721.968988
721.993400
722.181366
722.290893
722.627625
722.653594
722.796339
722.865070
723.054469
723.312271
723.773030
724.107059
724.383375
724.460831
724.551762
724.772209
724.958454
725.054546
725.147361
725.253202
725.358551
725.494170
725.610004
725.689999
726.276014
726.504940
726.665011
726.768845
727.029842
727.035126
727.893893
728.205189
728.393073
728.580424
728.679875
728.933581
729.053757
729.345270
729.656238
729.759007
730.265518
730.363290
730.395484
730.476913
730.887660
731.064607
731.175690
731.331011
731.500626
731.631493
731.714109
731.766989
731.813765
731.914936
732.015288
732.244992
732.481741
732.661350
732.677693
733.023232
733.434225
733.577708
733.777715
734.070538
734.367212
735.444828
735.671378
735.805235
736.070124
736.262799
736.340050
736.352133
736.356311
736.438436
736.714916
737.022525
737.053327
737.116979
737.684234
738.333286
738.816164
738.834719
738.857165
739.519283
740.446904
740.946903
810.064323
810.680115
810.758390
810.840064
811.340431
811.491000
812.908216
812.972933
813.003530
813.386097
813.397893
813.485957
815.100641
815.669412
816.689848
818.663096
820.110950
820.434616
822.779822
823.176561
823.531930
823.658086
823.729562
823.822131
824.236442
824.648663
824.655053
824.981914
825.009848
825.419366
825.464873
825.540567
825.877996
826.021069
826.455736
826.941850
827.520778
827.734712
827.835023
828.517417
829.350543
829.561651
830.134764
830.554808
830.567875
830.945034
832.141967
832.279265
833.077043
833.667809
833.678090
833.822802
834.253742
835.155968
836.077199
836.760576
837.033124
837.646418
837.692744
838.464512
838.529311
839.611187
839.624253
839.740785
839.862518
839.930184
839.936123
840.450335
840.668938
840.908800
841.791242
841.869476
842.064241
842.278748
843.240612
843.748762
845.553746
846.010737
846.023639
846.184694
846.688461
846.785946
848.021094
848.045302
848.112435
849.793597
851.566633
852.746691
853.784289
853.807063
853.893980
854.326968
854.999900
855.932191
856.149443
856.390369
856.913510
857.003745
857.275146
857.845637
857.960161
858.556047
859.322245
859.850875
860.531753
861.559112
861.756826
861.977764
862.436598
862.502543
862.723523
863.897682
865.328251
866.881044
867.374612
867.882189
868.437115
868.764918
868.933919
869.311119
869.392466
869.876859
870.214738
870.652723
871.221166
871.518413
872.673239
872.679055
872.682906
872.866898
873.373860
873.396347
875.147264
877.208986
877.682401
877.778575
878.783488
880.051487
880.781148
881.420820
881.429094
881.433559
881.787658
882.612101
882.901647
883.575849
883.586580
883.757466
884.315259
884.460421
884.554260
884.807926
886.104515
886.557450
888.426824
890.036797
891.285791
891.838669
893.136486
894.900756
896.015196
896.720323
897.849180
898.487951
901.179679
901.902582
902.444687
902.969672
906.727629
907.382129
908.220498
908.353004
908.377702
908.830966
908.899410
908.925092
909.035725
909.047972
909.341409
909.609288
909.638083
909.700547
909.736919
910.174618
910.182564
911.230362
912.015770
913.622303
914.041815
915.228262
917.177713
917.305508
917.339464
917.437481
917.572854
917.690982
917.734277
917.825331
917.873050
918.057533
919.022715
919.339868
919.583949
919.938458
920.921825
921.039708
923.504394
924.226560
924.709601
924.870697
925.431439
925.448233
926.190797
926.227046
926.272840
926.362092
926.860902
926.974280
927.624315
927.629312
927.633777
928.115999
928.651756
932.926833
933.269627
935.821394
936.836997
936.855101
937.204163
937.422684
938.174956
938.183680
938.230170
938.297958
938.410107
938.973471
939.786117
939.898593
940.229550
940.236923
940.240568
940.556206
940.744909
940.900925
942.035436
942.934303
943.640084
943.888302
944.634061
944.831529
945.253376
946.727567
946.950308
947.264963
947.310510
948.410696
948.478689
948.555203
948.696064
948.916306
949.003837
949.131919
949.786378
951.995965
952.843305
953.545851
954.272645
954.582057
956.188221
956.704031
957.544612
957.553541
957.744988
957.754122
958.043136
958.487224
959.124152
959.797658
960.242729
960.307200
960.318505
960.359055
960.987709
961.188905
961.721385
962.129388
962.316247
963.146465
963.369206
963.938796
964.026327
964.032102
964.042015
964.049183
964.162847
964.187505
964.261110
964.294984
964.311081
964.363264
964.402463
964.432241
964.482703
964.861010
965.917696
965.931377
966.071214
966.082642
966.086820
966.135194
966.260244
966.278267
966.460785
966.764749
966.923264
967.038976
967.219118
967.639695
967.705600
968.060805
968.372511
968.419041
968.943411
968.977449
969.013084
969.076285
969.194168
969.622528
970.563707
970.881311
971.150500
971.314463
972.465930
972.492308
974.518477
974.580490
975.008113
975.108055
975.333908
975.499305
975.551324
975.895101
976.008684
976.946545
976.970547
977.310310
977.358438
977.374536
977.390592
977.429545
978.804285
979.283558
979.306168
980.265615
981.909463
982.013542
982.252175
982.746481
983.110205
983.842447
983.862354
984.187208
984.251802
984.353464
984.364769
984.373125
984.378409
984.414495
984.580751
984.607867
984.807137
985.727631
985.813688
985.870991
986.088899
986.973635
987.167007
987.446272
987.578614
987.714478
987.804426
988.192522
989.819699
989.871841
989.887816
989.981696
990.129480
990.156923
990.204355
990.980055
993.434829
993.542513
993.618330
993.807073
993.828782
994.169979
994.818130
994.851758
995.457556
995.498148
996.487127
996.671119
996.718715
996.861297
998.701670
998.953738
999.371284
1000.331878
1000.480768
1000.877875
1001.042412
1001.396961
1001.463398
1001.567969
1001.660867
1001.894748
1002.141860
1003.102904
1003.165696
1003.887329
1004.690104
1006.074388
1007.002296
1007.201894
1007.205827
1007.505285
1007.908045
1008.591340
1008.952648
1010.513633
1010.774958
1012.631183
1013.353882
1013.447025
1013.571297
1014.852321
1014.913147
1015.175250
1018.634650
1019.055063
1019.413258
1021.828014
1023.123087
1023.877693
1024.248300
1024.538378
1024.848118
1024.972923
1025.018593
1025.358889
1028.483891
1030.245417
1030.377841
1030.553068
1032.183562
1033.755812
1034.275963
1035.454628
1036.626493
1036.836250
1037.364675
1039.743222
1040.275825
1040.574710
1041.327718
1041.390633
1042.083430
1042.169364
1042.333983
1042.413814
1042.465505
1048.130150
1048.153620
1048.614298
1048.853504
1048.973926
1048.995430
1049.025454
1049.120809
1049.609339
1049.966141
1049.981092
1050.004070
1050.057155
1050.081116
1050.161766
1050.273669
1050.414899
1053.039698
1053.089014
1053.442703
1055.001272
1056.392684
1056.405668
1056.701235
1058.597478
1058.995528
1059.140567
1059.222077
1059.531489
1059.789496
1060.478894
1060.514038
1060.678820
1061.369283
1061.653791
1061.718508
1062.475448
1063.047250
1064.591483
1065.213338
1065.395692
1065.635471
1066.702520
1066.786120
1069.008445
1069.142753
1070.686700
1071.285699
1073.558323
1076.656783
1076.789862
1078.997934
1079.011738
1079.587963
1080.103485
1081.059656
1082.027909
1084.378972
1084.532941
1085.251420
1085.593518
1085.791396
1086.326456
1088.152699
1088.526500
1089.752064
1089.767260
1089.924342
1089.949041
1090.771681
1091.213271
1091.299000
1092.616602
1092.879278
1093.243290
1093.762867
1096.168489
1096.413676
1096.523407
1096.584806
1096.741478
1096.754504
1096.758436
1098.482811
1098.881434
1099.103805
1099.409900
1099.727585
1100.068127
1100.349112
1104.720609
1104.855040
1104.867328
1104.920945
1105.401119
1106.002289
1106.126561
1106.177516
1106.293105
1108.843110
1109.811896
1109.847900
1110.620283
1111.432397
1111.666893
1111.673364
1111.856579
1112.187822
1115.241021
1116.410184
1116.608717
1116.839813
1117.345219
1117.870531
1118.323999
1118.426849
1118.646354
1118.789673
1118.865408
1119.376425
1120.398459
1120.401654
1120.407224
1121.323868
1121.364214
1121.409966
1122.741002
1123.152896
1123.178209
1123.375432
1123.788104
1123.854991
1123.967181
1124.210606
1124.388618
1124.606812
1124.714906
1125.138391
1125.428429
1125.586412
1125.665710
1127.634084
1127.905772
1128.073667
1128.324792
1128.542700
1128.795955
1129.451561
1129.709609
1130.194739
1130.601513
1130.607985
1130.761339
1131.059528
1131.074724
1131.591025
1131.659633
1131.976499
1132.953354
1132.972401
1133.374259
1133.531341
1135.450604
1136.039690
1136.180183
1136.838656
1137.431142
1139.677594
1142.168494
1142.249554
1142.316483
1142.736896
1142.748529
1143.785513
1143.809516
1144.037622
1144.946934
1144.957624
1145.639895
1145.809347
1146.884956
1147.222917
1148.820111
1148.909732
1149.375488
1149.410918
1149.969654
1150.773617
1152.260506
1153.114972
1153.302036
1155.255992
1155.258204
1155.435889
1157.477171
1159.839375
1160.903803
1161.486377
1166.445609
1166.595031
1166.732042
1166.989189
1167.733842
1168.703652
1169.079460
1169.813504
1169.967268
1171.536036
1172.027228
1172.278354
1172.435886
1173.243290
1175.145103
1175.846134
1175.856538
1175.859937
1179.143168
1179.735859
1179.747123
1179.881759
1180.006646
1180.333015
1180.669379
1181.556900
1181.569393
1182.217503
1182.619566
1183.271199
1185.742971
1185.955799
1186.062991
1186.477916
1186.640118
1186.887434
1188.643267
1189.922488
1190.065439
1190.232064
1190.389473
1190.477005
1191.162429
1191.438131
1191.548969
1191.575265
1191.667016
1192.205885
1194.415350
1198.406984
1198.491935
1200.622100
1200.658145
1201.391165
1202.108088
1202.874532
1203.185050
1205.398446
1205.425275
1205.839380
1206.605332
1208.822784
1212.826173
1214.402191
1214.996685
1215.519416
1215.968420
1216.061030
1216.436470
1217.283277
1217.718436
1218.691400
1222.477251
1224.756961
1225.326264
1225.494077
1225.606636
1226.030858
1226.203095
1226.300293
1226.722427
1226.821796
1227.356201
1227.949793
1229.223076
1229.368934
1229.865902
1230.039286
1230.136074
1230.838579
1232.865075
1233.094779
1235.149005
1237.272453
1239.815700
1239.947715
1240.394342
1240.735048
1242.249585
1242.269327
1242.321920
1242.372588
1242.685727
1242.800005
1243.059282
1243.107779
1243.391304
1243.657626
1245.459620
1246.852710
1248.188006
1249.047388
1249.161462
1250.730066
1251.584164
1251.991020
1252.539351
1253.175173
1253.712486
1254.201836
1254.297764
1254.333809
1255.334584
1255.365673
1257.268142
1257.512837
1257.607250
1258.020250
1258.050109
1260.075336
1260.937052
1261.116826
1261.123133
1261.220495
1261.606461
1261.612769
1262.007419
1262.013727
1262.018724
1262.307615
1262.765793
1263.522857
1264.098714
1264.585196
1265.083556
1265.092035
1265.165517
1265.421107
1266.136719
1266.332672
1268.449444
1269.461852
1269.941862
1270.218465
1270.361948
1271.177667
1271.690772
1272.825692
1272.841748
1272.923341
1273.629819
1274.329498
1276.030116
1278.546166
1282.209956
1282.567619
1282.888253
1283.248620
1285.803868
1285.941084
1286.185370
1286.406062
1286.816236
1286.821519
1286.972580
1287.073300
1287.496786
1287.614710
1288.810291
1290.635796
1291.082260
1291.088200
1291.244708
1291.562435
1291.976745
1293.456712
1293.643284
1294.250844
1294.483825
1294.615060
1294.621450
1294.737900
1294.873231
1295.427011
1295.488819
1295.925289
1296.477061
1296.815473
1297.489879
1297.814774
1298.153226
1298.164736
1298.169487
1298.337874
1298.960876
1299.577569
1301.821153
1302.851994
1303.064003
1304.334295
1304.916378
1304.961925
1305.596682
1305.805046
1307.752161
1307.936686
1309.692150
1312.378880
1312.458056
1313.611899
1314.441339
1315.934044
1315.973612
1317.010842
1318.429942
1318.473318
1318.801940
1318.852854
1324.429476
1324.618383
1324.662292
1326.034698
1326.357258
1326.400594
1326.603059
1326.688993
1326.909850
1326.922875
1327.063900
1327.989228
1328.598508
1329.138811
1330.143437
1330.212823
1330.238054
1330.282086
1332.546560
1332.707492
1333.118607
1334.043566
1334.386483
1334.431293
1335.257047
1335.409172
1335.785021
1336.477164
1336.892948
1336.997274
1337.207194
1337.932677
1339.449016
1340.720660
1340.863365
1341.142508
1341.551247
1341.888758
1342.377165
1342.419476
1342.909235
1342.913618
1342.955684
1343.081759
1343.417754
1343.437824
1343.499387
1344.245228
1344.489472
1344.497623
1344.502538
1344.921887
1345.344963
1346.049966
1346.400870
1346.594324
1346.651464
1346.671534
1346.969559
1347.418030
1348.322714
1348.899021
1349.351793
1350.889308
1351.912120
1352.239145
1353.149112
1353.669591
1355.388641
1358.926275
1361.024410
1361.590272
1362.280817
1364.046438
1364.948869
1365.515469
1365.688525
1365.879071
1367.255695
1369.339331
1370.063421
1370.198630
1370.366034
1370.374267
1370.612572
1371.375329
1371.677286
1371.813110
1371.815731
1372.637471
1373.248717
1375.828009
1376.262595
1376.559145
1377.794949
1378.596372
1378.601206
1379.634504
1380.702822
1381.730591
1382.354493
1382.652969
1383.090463
1384.023777
1385.592504
1388.112364
1388.428247
1392.134840
1392.562586
1393.017569
1393.415987
1393.652613
1394.246861
1394.613535
1394.768650
1394.787492
1395.454607
1395.654779
1395.854582
1395.920077
1396.775813
1396.795269
1397.016494
1397.226537
1397.352735
1397.402173
1398.897992
1398.918840
1400.163328
1400.315617
1400.335524
1400.948818
1402.211656
1402.439885
1402.448896
1402.591027
1403.045724
1403.396219
1403.402568
1403.604173
1403.728691
1403.922801
1403.994153
1404.056699
1404.142510
1404.351365
1404.457083
1404.963348
1405.148856
1405.902807
1406.511350
1406.571848
1407.387197
1407.714140
1407.762678
1407.909970
1408.092037
1408.195174
1408.389939
1409.037681
1409.055826
1409.161175
1409.422008
1410.136351
1410.141921
1410.146755
1410.606940
1412.889149
1413.716705
1414.507643
1414.888120
1415.638098
1415.894139
1416.494162
1418.085212
1418.795295
1419.137597
1419.540726
1419.695227
1420.091638
1420.169052
1420.787917
1421.022781
1421.256991
1422.108836
1422.297006
1422.507295
1423.280087
1423.390720
1423.572869
1423.680430
1423.978209
1424.133407
1424.845742
1425.060741
1425.846067
1426.298225
1426.381947
1426.901443
1427.538944
1428.362076
1428.393943
1428.416266
1428.732928
1428.966441
1429.292769
1432.280474
1432.572682
1433.058181
1433.700884
1434.829128
1434.997965
1436.256051
1436.489277
1437.000950
1437.334651
1437.652091
1437.824819
1437.933527
1438.843904
1439.754732
1440.416072
1440.626196
1441.129718
1441.607557
1442.522276
1442.593096
1442.642821
1443.010068
1444.061020
1445.666202
1445.823734
1447.151370
1448.071496
1448.518574
1448.644403
1450.766950
1451.861565
1451.867873
1451.940864
1452.628992
1453.598433
1454.046126
1455.277015
1455.563981
1455.629312
1455.742157
1455.843615
1455.977595
1457.243300
1459.016335
1459.085189
1459.093545
1459.634422
1461.109760
1461.822464
1462.170542
1462.698271
1462.847816
1463.122248
1464.632443
1465.135309
1465.153536
1465.160008
1466.138993
1466.366566
1466.603151
1467.041382
1467.309916
1467.464376
1467.837358
1468.768952
1469.031956
1469.698785
1471.925453
1472.474030
1472.541082
1479.196385
1479.434404
1481.537700
1482.121830
1482.255647
1482.352394
1482.362225
1483.141775
1483.160207
1483.560837
1483.984118
1483.995505
1484.019466
1484.112241
1484.311020
1484.570542
1484.689695
1484.727910
1484.930990
1485.429760
1485.645824
1485.763584
1486.433731
1489.011999
1492.559299
1492.764344
1493.108040
1493.243904
1493.563720
1493.571052
1493.682708
1493.966397
1493.971640
1494.095135
1495.177994
1495.304110
1495.378780
1495.405322
1495.491092
1495.528735
1495.761838
1496.963277
1497.865175
1498.794476
1499.812086
1500.218368
1500.259615
1500.520202
1501.062922
1501.249126
1502.790615
1502.862664
1503.333704
1506.035016
1507.414630
1507.445760
1508.398653
1509.756232
1510.808494
1511.579402
1512.035369
1512.131584
1512.583250
1512.850719
1513.689580
1515.446559
1516.682732
1517.234012
1518.145249
1518.424269
1518.582211
1518.688707
1520.072827
1520.664904
1520.669368
1522.203402
1522.374820
1522.584289
1522.698240
1523.383255
1523.584614
1525.060649
1525.182996
1525.383741
1525.648056
1526.076908
1526.187950
1526.388490
1529.504317
1530.637271
1531.228856
1531.352228
1532.408586
1532.413624
1532.581888
1532.678185
1532.885156
1533.013811
1533.022945
1533.025935
1533.713449
1534.165852
1534.357299
1534.442127
1534.922957
1534.928282
1535.053251
1535.095726
1535.298355
1535.429632
1535.990333
1536.020398
1539.158671
1540.599931
1541.106196
1541.309399
1541.998756
1542.898729
1543.315005
1543.468196
1543.891968
1544.656241
1545.595822
1545.607987
1546.553426
1548.027290
1549.201981
1549.596549
1549.613466
1549.734175
1549.886628
1550.100808
1550.116946
1552.192676
1552.542024
1552.547717
1552.567665
1553.091912
1553.475912
1553.593917
1553.755873
1554.357821
1554.411192
1554.807153
1554.885591
1554.934252
1555.049800
1555.142861
1555.758244
1556.144292
1557.762007
1557.958533
1558.379930
1558.655017
1559.483965
1561.281536
1561.292186
1561.378857
1561.587548
1562.106020
1562.123510
1562.846863
1562.925097
1563.359068
1564.614574
1564.689940
1565.421937
1566.838825
1567.735439
1567.960105
1569.243709
1569.506796
1569.679688
1569.690788
1570.413281
1571.164979
1571.496468
1571.656335
1571.696845
1572.395295
1573.609964
1573.689999
1576.092099
1576.196137
1577.183887
1577.193144
1577.545236
1577.630802
1577.756017
1578.504643
1578.567188
1580.033679
1580.200182
1580.520407
1580.883886
1582.593556
1582.690181
1584.185549
1584.383099
1586.291139
1587.327017
1587.553157
1588.252467
1588.722278
1589.853430
1591.734600
1592.030044
1592.839864
1593.683886
1594.789233
1596.056945
1596.123832
1596.334080
1597.212426
1598.815846
1599.445688
1599.449620
1599.739003
1600.461455
1600.656507
1601.035837
1602.660639
1603.027640
1603.484467
1603.751977
1603.880919
1655.040123
1655.771054
1656.240497
1656.923136
1656.975729
1657.134203
1657.169592
1657.575342
1657.649848
1659.298243
1659.530076
1659.757609
1660.986163
1661.167124
1661.272310
1661.700628
1661.952492
1662.062346
1662.083523
1662.111048
1662.351688
1662.908457
1663.394898
1663.601869
1663.745475
1663.946179
1664.218071
1664.231506
1664.597402
1664.722289
1665.070367
1665.144054
1665.314529
1665.590477
1666.321900
1666.372936
1668.044964
1668.085473
1668.349460
1668.705731
1668.829389
1668.963000
1669.536727
1671.152312
1671.642317
1671.904133
1673.565594
1673.577718
1677.083935
1677.415834
1677.432381
1678.042440
1678.300201
1678.843740
1678.938685
1678.992957
1679.006310
1679.014175
1679.078851
1679.147745
1679.172813
1679.284920
1679.537480
1679.653028
1679.794053
1679.827804
1680.571064
1680.717455
1681.247027
1681.365893
1681.951334
1682.028872
1682.050417
1682.051686
1682.055537
1682.354627
1682.388705
1682.707866
1683.305267
1683.402752
1683.647447
1684.051845
1684.314644
1684.711506
1685.110088
1685.187748
1685.216174
1685.401477
1685.937521
1686.000271
1686.029763
1686.056550
1686.327214
1686.584484
1686.826680
1686.901064
1687.164027
1687.385825
1687.877345
1688.019436
1688.242545
1688.311357
1688.627241
1688.653496
1688.657388
1689.003008
1689.039872
1689.438536
1689.545318
1689.562563
1689.959588
1690.132890
1690.246103
1690.311680
1690.370540
1690.475233
1690.534380
1690.659348
1690.726400
1690.911293
1690.932879
1691.257283
1691.318682
1691.393925
1691.458683
1691.555267
1692.456100
1692.777144
1693.799342
1694.100931
1694.557839
1695.102198
1695.147786
1695.197102
1695.264645
1695.356477
1695.880028
1695.886377
1696.588595
1696.839066
1697.068769
1697.130414
1697.307853
1697.340457
1698.153513
1698.639135
1698.815672
1698.915205
1699.042959
1699.861012
1700.046234
1700.166124
1700.305469
1700.874936
1701.136220
1701.555446
1701.568758
1701.863506
1702.008463
1702.122660
1702.151414
1702.196797
1702.486794
1702.493307
1702.496625
1702.627123
1702.651003
1702.764667
1702.773309
1702.776709
1702.930883
1703.189545
1703.467745
1704.275804
1704.549294
1704.825160
1705.121014
1705.197322
1705.501614
1705.629450
1706.641162
1706.742825
1707.213824
1707.455816
1707.577016
1707.694121
1708.285624
1708.289966
1708.663480
1708.673188
1709.161267
1709.283123
1709.389087
1709.578609
1709.696655
1709.801308
1709.998326
1710.056899
1710.144922
1710.461993
1710.488986
1710.959616
1711.007744
1711.155569
1711.437414
1711.904891
1712.540467
1712.744120
1713.128735
1713.263411
1713.371628
1713.375683
1713.760993
1713.800356
1714.017812
1714.048614
1714.081341
1714.183004
1714.257797
1714.298388
1714.342666
1714.514780
1714.592522
1714.935112
1715.163177
1715.523543
1715.540173
1715.693036
1715.784335
1716.012646
1716.343194
1716.392550
1716.575724
1716.587684
1717.007933
1717.221458
1717.230019
1718.100787
1718.159852
1718.343762
1718.718751
1718.726124
1719.001293
1719.364936
1719.449068
1719.807836
1720.272445
1721.377628
1721.427968
1721.560637
1722.044826
1722.527539
1723.340595
1723.623096
1724.180849
1725.022044
1725.148324
1725.219103
1725.288858
1725.325804
1725.447250
1726.262108
1726.381261
1726.499758
1726.535066
1727.692472
1727.810519
1728.386580
1728.585605
1729.008108
1729.276723
1730.456330
1730.611364
1730.883625
1731.255992
1732.462592
1732.985610
1734.108160
1734.111642
1735.058350
1735.115858
1735.178281
1735.267205
1735.511695
1735.565148
1735.573791
1736.241848
1736.525906
1736.691794
1736.919982
1737.002967
1737.622323
1737.628303
1737.931407
1738.402857
1738.472325
1738.509681
1738.732503
1739.350303
1739.446641
1739.451187
1739.760558
1740.259410
1740.296602
1740.318351
1740.642877
1741.123215
1741.234012
1741.568000
1741.590856
1741.699850
1741.796639
1741.837189
1741.845463
1741.961093
1741.995213
1742.056980
1742.081065
1742.101873
1742.367662
1742.521262
1742.540063
1742.736466
1742.810604
1743.251907
1743.283487
1743.727452
1744.091914
1744.479887
1745.497293
1745.593016
1745.762755
1745.774920
1746.155479
1746.213274
1746.277786
1746.333000
1746.404557
1747.548447
1747.992904
1748.196557
1748.224246
1748.551148
1748.621844
1748.629504
1748.640932
1748.741857
1749.151130
1749.446697
1749.637693
1749.641380
1749.711503
1749.722522
1749.800591
1749.920195
1750.027510
1750.100828
1750.147891
1750.164931
1750.178038
1750.181110
1750.208061
1750.238126
1750.938542
1751.252173
1751.387177
1752.048026
1752.239923
1752.555397
1752.604058
1752.712069
1752.811643
1752.973885
1753.101271
1753.481667
1753.707643
1753.750733
1754.012058
1754.263552
1754.530243
1754.532250
1754.696376
1754.760192
1754.792059
1754.875740
1754.927555
1755.106386
1755.268178
1755.321876
1755.525857
1755.689492
1756.096225
1756.592538
1757.302497
1757.556163
1757.875651
1758.002586
1758.540145
1758.615265
1760.167281
1760.441508
1760.985416
1761.194476
1761.290977
1764.112753
1764.992696
1765.487575
1765.924291
1766.047048
1766.173082
1766.373786
1766.738043
1768.492769
1769.785999
1769.796977
1769.802097
1770.313892
1770.358866
1770.839695
1771.277066
1771.373691
1771.730166
1772.712305
1772.902605
1773.210624
1773.780091
1774.081065
1774.240440
1774.365819
1774.510367
1774.924390
1775.113462
1775.311626
1775.465882
1775.536169
1775.575163
1775.851602
1776.365240
1777.179238
1777.366467
1777.482097
1777.976648
1778.030428
1778.121810
1778.247516
1778.294784
1778.363556
1778.398740
1779.320504
1779.539722
1780.319437
1780.749558
1781.211341
1781.362524
1781.747548
1781.988229
1782.003466
1782.493798
1782.530703
1782.641992
1782.872965
1782.877880
1783.064330
1783.345725
1785.795215
1785.962742
1786.168852
1786.287923
1786.384507
1786.477527
1786.491044
1786.695967
1787.584471
1787.911373
1788.292588
1788.395561
1789.214679
1789.551944
1789.630628
1789.690348
1789.772554
1789.825516
1789.833789
1790.095524
1790.183424
1790.438687
1791.177728
1791.345746
1791.679652
1791.831204
1792.768860
1792.866304
1793.038909
1793.326776
1793.413284
1793.440031
1793.533788
1794.078474
1794.221179
1794.459116
1794.706964
1794.910208
1795.428884
1796.021699
1796.136182
1796.622582
1796.648632
1796.702331
1796.836639
1796.964352
1797.542298
1797.555937
1798.213386
1798.314353
1798.412370
1798.563922
1799.632855
1801.302958
1801.637396
1801.667830
1801.841582
1801.963192
1802.051133
1802.939310
1803.326833
1803.677000
1803.688059
1804.409651
1804.740035
1804.776653
1805.244785
1805.310648
1805.643530
1805.678469
1805.693133
1805.760184
1805.903012
1806.019256
1806.442209
1806.708736
1806.712463
1806.803108
1806.902313
1807.173673
1807.262679
1807.532892
1807.591342
1807.651676
1807.764480
1807.809413
1807.864259
1807.894036
1807.901409
1808.057999
1808.343450
1808.437330
1808.533422
1808.642826
1808.781517
1808.833085
1809.084621
1809.471693
1809.652531
1810.719867
1810.844959
1811.639624
1811.847168
1812.028416
1812.423967
1812.455424
1812.551148
1813.103084
1813.116314
1813.439201
1813.490074
1813.754225
1814.083256
1814.175908
1814.347121
1814.387835
1814.405734
1814.574490
1814.697411
1815.226327
1815.243489
1815.372390
1815.882875
1816.238817
1816.423956
1816.909742
1816.927928
1817.498993
1817.502761
1817.600819
1818.522173
1818.621624
1819.138499
1819.800371
1819.872133
1819.931730
1820.043305
1820.110889
1820.262154
1821.602488
1821.785334
1822.008689
1822.105354
1822.415503
1822.471455
1822.727782
1822.786519
1822.839030
1822.864753
1822.983414
1823.168799
1823.181332
1823.205458
1823.248425
1823.419924
1823.442616
1823.449047
1823.509094
1824.192799
1824.364093
1825.003766
1825.055785
1825.365361
1825.709916
1825.937367
1826.350367
1826.472591
1826.733629
1826.842952
1827.104195
1827.258163
1828.263240
1828.671324
1829.343887
1829.547500
1829.587231
1829.715517
1829.776794
1829.846999
1830.178079
1830.351585
1830.563963
1830.615409
1831.807877
1832.935342
1832.983593
1833.470812
1834.193592
1834.683965
1834.694205
1834.751099
1834.859192
1834.942136
1835.319419
1835.961958
1836.951921
1838.285210
1838.718157
1838.731919
1839.292948
1839.372247
1839.410422
1839.573729
1839.847055
1839.927624
1840.042803
1840.075366
1840.101704
1840.765174
1841.007288
1841.187021
1841.310761
1841.316946
1841.430569
1841.449861
1841.662484
1841.687839
1841.764229
1841.858232
1841.859912
1843.721011
1843.935191
1844.835738
1845.916590
1846.682010
1846.705029
1847.631053
1847.663575
1848.284652
1849.299763
1849.950249
1850.777600
1850.892370
1851.049124
1851.449836
1851.556946
1851.598070
1851.624980
1852.297871
1852.549038
1853.375283
1853.483172
1853.861765
1854.166262
1854.415380
1856.360735
1856.730399
1856.753951
1856.883098
1857.336525
1857.783480
1858.035589
1858.842092
1859.511214
1861.065114
1861.373051
1863.087923
1863.633879
1863.731569
1863.913349
1864.220058
1864.432722
1864.636785
1864.901345
1865.026560
1865.123185
1865.162097
1865.421578
1865.435587
1865.812746
1865.913303
1865.960284
1865.989530
1866.020127
1866.061128
1866.768548
1866.948157
1867.050516
1867.174830
1867.384381
1867.522294
1867.540357
1867.686257
1867.809874
1867.972772
1868.061778
1869.989929
1870.112031
1870.316995
1870.321377
1870.448189
1870.481080
1870.550426
1870.736056
1870.771036
1871.393751
1871.584010
1871.606292
1871.680881
1871.888876
1872.081920
1872.879043
1873.349181
1873.466532
1873.839104
1873.956413
1874.130207
1874.286756
1874.390794
1874.532270
1874.551603
1874.621481
1874.784666
1874.947523
1875.207045
1875.371418
1875.784090
1875.820708
1875.964355
1876.463206
1876.629258
1876.810056
1877.960172
1878.256189
1878.269952
1878.318162
1878.337823
1878.698639
1878.853796
1878.911508
1879.162348
1879.734804
1879.929528
1880.333189
1880.568750
1880.581612
1880.917361
1881.449677
1881.868861
1882.077594
1882.163118
1882.997391
1883.092746
1883.306557
1883.534909
1883.666596
1883.820401
1883.905884
1884.060017
1884.278538
1884.340388
1884.468060
1884.529664
1884.667822
1884.727296
1884.827034
1885.000335
1885.142835
1885.632963
1885.754368
1886.135419
1886.208737
1886.237491
1886.399611
1886.421361
1887.189729
1887.347999
1887.360532
1887.972721
1888.098058
1888.241459
1888.296223
1888.645407
1888.910828
1889.060495
1889.513103
1889.636557
1889.708524
1889.751736
1889.768612
1890.133893
1890.213478
1890.224456
1890.331771
1890.905129
1891.032269
1891.283272
1891.313787
1891.371008
1891.373097
1891.374981
1891.634831
1891.856261
1892.196803
1892.282900
1892.476273
1893.173985
1893.177876
1893.315011
1893.316567
1893.476844
1893.510431
1896.057037
1896.249303
1896.361370
1896.473395
1896.587346
1896.759951
1899.078164
1899.100406
1899.115069
1899.122156
1899.160330
1899.204526
1899.227628
1900.270797
1900.507177
1901.407805
1901.495706
1901.500211
1901.519995
1901.629440
1901.939466
1902.217544
1902.339727
1902.393426
1902.587085
1902.676337
1904.035308
1904.098263
1904.286147
1904.441917
1904.563773
1904.610468
1904.615956
1904.830792
1905.519821
1905.680466
1906.864210
1906.978529
1907.058319
1907.064463
1907.069665
1907.247923
1907.757179
1907.866132
1908.702167
1909.226824
1909.470700
1911.146783
1912.115241
1914.675159
1914.999112
1915.228406
1916.655821
1916.698993
1916.735037
1917.113262
1917.278822
1917.380280
1917.473710
1918.666998
1918.887813
1919.100764
1919.741665
1920.778158
1921.011753
1921.732035
1922.283520
1922.606326
1922.680013
1923.282084
1924.416758
1925.056348
1925.313987
1925.440717
1925.484380
1925.567406
1925.624586
1925.833114
1925.864284
1925.895414
1925.907784
1926.107668
1926.263316
1926.394593
1926.402621
1926.527795
1926.575104
1926.945792
1926.956564
1927.101972
1927.224402
1927.358546
1927.421256
1927.575101
1928.364237
1928.818237
1929.266463
1929.454264
1929.755648
1930.166313
1930.539950
1930.544456
1930.643825
1930.834125
1931.773706
1931.855299
1931.980390
1932.125225
1932.186870
1932.265759
1932.673966
1932.691415
1932.945490
1933.706772
1933.952655
1934.022820
1934.093066
1934.112604
1934.559601
1934.784635
1934.940815
1935.052841
1935.179284
1935.345377
1935.983288
1936.278815
1936.375357
1936.918815
1937.231503
1937.309245
1937.451336
1937.516052
1937.599324
1937.801093
1937.920942
1937.985208
1938.048164
1938.086912
1938.210939
1938.630492
1938.740429
1938.755502
1938.770493
1939.015885
1939.098911
1939.205161
1939.247186
1939.252060
1939.599278
1940.587274
1940.756398
1940.928881
1941.573018
1942.210847
1942.428795
1942.556262
1942.823526
1943.742341
1944.785838
1945.310659
1945.408389
1945.499197
1945.961349
1946.318725
1946.354770
1946.362020
1946.419855
1946.522010
1946.758103
1947.147305
1947.285176
1947.580129
1947.759043
1948.132884
1948.191293
1948.463718
1948.521390
1949.337477
1949.585121
1949.871350
1949.889987
1950.040760
1950.050304
1950.054564
1950.204764
1950.521180
1950.881341
1951.210988
1951.219098
1951.388836
1951.421071
1951.774351
1951.966372
1951.995003
1952.059023
1952.552632
1952.740680
1952.785859
1952.939336
1953.291100
1953.403085
1953.464279
1953.637581
1953.782948
1953.800724
1954.430321
1954.508186
1954.945638
1955.167314
1955.503473
1955.534807
1955.555164
1955.853189
1956.488438
1956.613652
1958.232146
1958.279537
1958.341181
1958.445670
1958.449439
1958.596035
1958.688440
1959.004979
1959.059333
1959.117087
1959.280558
1959.321068
1959.372063
1959.682867
1959.892173
1960.457585
1960.794317
1960.797389
1961.533809
1961.696092
1961.720300
1962.285302
1962.622689
1962.768302
1962.989527
1962.995548
1963.048428
1963.245896
1963.532739
1963.731599
1964.088074
1964.491162
1964.778086
1964.849316
1964.852060
1965.125181
1965.623828
1966.036460
1966.094991
1966.113710
1966.133944
1966.156513
1966.205542
1966.290985
1966.335713
1966.495662
1966.552842
1966.598922
1966.827520
1967.037071
1967.311913
1967.520973
1967.546286
1967.657738
1967.838249
1967.962112
1968.187638
1968.197222
1968.371794
1968.376709
1968.495739
1969.416110
1969.793556
1970.614886
1971.086991
1971.255542
1971.740099
1972.174561
1972.422861
1972.499251
1972.847657
1972.849869
1973.124792
1973.281505
1973.328773
1973.527552
1973.660631
1973.695324
1973.743493
1974.109716
1974.214164
1974.878167
1975.004652
1975.897539
1975.916216
1976.187331
1976.434729
1976.807588
1977.436447
1977.441157
1977.512550
1977.553265
1977.617654
1977.996206
1978.283090
1978.463355
1978.505912
1978.615644
1978.647839
1978.762486
1979.154186
1979.256381
1979.508285
1979.642470
1980.637061
1980.714844
1981.239296
1981.637304
1981.805036
1982.241587
1982.364959
1982.380810
1982.640701
1982.756700
1982.929756
1983.201239
1983.420744
1983.475630
1983.687926
1984.302121
1984.625787
1984.697631
1984.994181
1985.280942
1985.867858
1986.154537
1986.203935
1986.272297
1986.317967
1986.425487
1986.615378
1986.697134
1986.771313
1986.994463
1987.064177
1987.085107
1987.353027
1987.577856
1987.683820
1988.002734
1988.265533
1988.267745
1988.351754
1988.486717
1988.552868
1988.572897
1988.651172
1988.706058
1988.802888
1988.829798
1988.842373
1988.888781
1988.927529
1988.981719
1989.013135
1989.079736
1989.240177
1989.303378
1989.339546
1989.559951
1989.809725
1989.906063
1989.933957
1990.455460
1990.713139
1990.717030
1990.769992
1990.778184
1990.812467
1991.011820
1991.029842
1991.285105
1991.710597
1994.032128
1994.042696
1994.204774
1994.321674
1994.412114
1994.427351
1994.838016
1994.868736
1994.930053
1995.065631
1995.164344
1996.061778
1996.140339
1996.279398
1996.372296
1996.920996
1997.830144
1997.964042
1998.365737
1998.880645
1999.017165
1999.159910
1999.166996
1999.342961
1999.422505
1999.615713
1999.984026
2000.723640
2000.931267
2001.742889
2002.400051
2002.766070
2002.972631
2004.277576
2004.425892
2005.098947
2005.209416
2005.348721
2005.353841
2005.400003
2005.473853
2005.489295
2005.526815
2005.900902
2006.579569
2006.737510
2006.849536
2006.853878
2006.907617
2007.031194
2007.214776
2007.392297
2008.065638
2008.090583
2008.330486
2008.685445
2008.755118
2008.874803
2009.315205
2009.430426
2009.614500
2009.706373
2009.844244
2009.959055
2009.959465
2010.010788
2010.247168
2010.591683
2010.627768
2010.680074
2010.691011
2010.913014
2011.063665
2011.520451
2011.802911
2012.039987
2012.850340
2014.839112
2015.297864
2016.101827
2016.242156
2016.247890
2017.685012
2017.896284
2018.515804
2020.350403
2021.599724
2021.658993
2022.004531
2022.303990
2022.365020
2022.397870
2022.449930
2022.652396
2022.683034
2022.847816
2023.083745
2023.390577
2023.610982
2023.944192
2024.223826
2024.409047
2024.564122
2024.748524
2025.479004
2025.498993
2025.843999
2026.015457
2026.207109
2026.322452
2026.492723
2026.623181
2026.680074
2026.745610
2027.203011
2027.216691
2027.945206
2028.041626
2028.058624
2028.625347
2028.666388
2028.706529
2028.713083
2028.725780
2028.827320
2029.222912
2029.344236
2029.683261
2029.781197
2030.184161
2030.486569
2030.534820
2030.682071
2030.709350
2030.964081
2031.026176
2031.274066
2031.363850
2031.389942
2031.927706
2031.933809
2032.056607
2032.432620
2032.618742
2032.687104
2034.076631
2034.428191
2034.512241
2035.193160
2035.357286
2035.703931
2035.789169
2035.934904
2036.542546
2036.803092
2037.817876
2038.129500
2038.341878
2038.396764
2038.748692
2038.840443
2039.017923
2039.191716
2039.657841
2039.879434
2040.065188
2040.275067
2042.690028
2043.308442
2043.323638
2043.398021
2043.436974
2043.470889
2043.662541
2044.028641
2044.057641
2044.310651
2044.471296
2044.652585
2044.878561
2045.310812
2045.475881
2045.688381
2045.885235
2046.628659
2046.724588
2046.908498
2046.983619
2047.120384
2047.126364
2047.166587
2047.176499
2047.555625
2047.879086
2048.536904
2049.945477
2049.961779
2050.140037
2050.216468
2050.490737
2050.585600
2050.645402
2050.698076
2051.137126
2051.218801
2052.310958
2052.507156
2052.681073
2053.188526
2053.765571
2053.917286
2054.076948
2054.723461
2055.019397
2055.440548
2055.446528
2055.627121
2055.678157
2055.683850
2055.898440
2056.037294
2056.045609
2056.233697
2056.305459
2056.346501
2056.495923
2057.236890
2057.958932
2058.863862
2059.016888
2060.663153
2060.691415
2060.890317
2061.116293
2061.175849
2061.294674
2061.355622
2061.536420
2061.880320
2061.967606
2062.152376
2062.432911
2062.681539
2062.898586
2063.040553
2063.162860
2063.292703
2063.299215
2064.486482
2065.009295
2065.168056
2065.271562
2065.401774
2066.028995
2066.360689
2066.850570
2066.996388
2067.175342
2067.571466
2067.889889
2068.466811
2068.657684
2068.821443
2069.138678
2069.269053
2069.798093
2069.802639
2070.379110
2070.895985
2072.659599
2072.783503
2072.878162
2072.967496
2074.165166
2074.495549
2074.534871
2074.624410
2074.674299
2074.772521
2075.070423
2075.164918
2075.953684
2076.481823
2076.909363
2076.957409
2076.966175
2077.009961
2077.029786
2077.107732
2077.236388
2077.337272
2077.805978
2078.175068
2078.605926
2078.691287
2078.978662
2079.594824
2079.789834
2079.797617
2080.453960
2081.321943
2082.879939
2083.052667
2085.198111
2085.343478
2085.829509
2086.253036
2086.335488
2086.706053
2086.754755
2087.204332
2087.316070
2087.498342
2087.746355
2087.799357
2088.048230
2088.080015
2088.094556
2088.140308
2088.624210
2088.648704
2089.109750
2090.346004
2090.428416
2090.526638
2090.842522
2091.372503
2091.513078
2091.544863
2091.565097
2092.019630
2092.865823
2093.079716
2093.301842
2093.317898
2093.927055
2093.934305
2094.467645
2094.511923
2095.323423
2095.512576
2095.796265
2096.694313
2097.269514
2097.392067
2097.707377
2099.911598
2099.987456
2100.409262
2100.860232
2100.961772
2101.407498
2101.564334
2103.390863
2103.516406
2104.084234
2104.222597
2104.952054
2105.095905
2106.347766
2106.442957
2106.470769
2106.486538
2106.490061
2106.658652
2106.997391
2107.429274
2107.848294
2108.056986
2108.322365
2108.381798
2108.488991
2109.188342
2109.334405
2109.380485
2109.608387
2110.504387
2112.663716
2112.872366
2113.359135
2113.442775
2113.487340
2113.637990
2113.671987
2114.099855
2114.336973
2114.786836
2114.894070
2114.986598
2115.393741
2116.069949
2116.525425
2117.152072
2117.264548
2117.364859
2117.857198
2117.956690
2118.467011
2118.561137
2118.610248
2119.119749
2119.128146
2119.672340
2119.750164
2119.808205
2119.844250
2119.871898
2119.999488
2120.072684
2121.131213
2121.323192
2121.327288
2121.768100
2121.816719
2121.858703
2121.881068
2122.097254
2122.196582
2122.534912
2122.645668
2123.432305
2124.086927
2124.342641
2124.805612
2124.819784
2124.824699
2125.116293
2125.291438
2126.894981
2126.916403
2127.004303
2127.261123
2127.953060
2128.074301
2128.198902
2128.460063
2128.780616
2129.650319
2129.722081
2130.699878
2131.309896
2132.581458
2133.069414
2133.430354
2133.873459
2135.449764
2136.032256
2136.182333
2137.090662
2137.464545
2137.533809
2137.589924
2138.687529
2138.738156
2138.754376
2139.008532
2139.628012
2140.104212
2140.108390
2140.440003
2140.867174
2140.970516
2141.593231
2142.056612
2142.568776
2143.453962
2143.815803
2144.424878
2144.591217
2144.738836
2145.706435
2145.721631
2146.021908
2146.175345
2146.239775
2146.408407
2146.548408
2146.626929
2146.682307
2146.760131
2146.767585
2146.941092
2146.995077
2147.021865
2147.118858
2147.632046
2147.774751
2148.082278
2149.002977
2149.371699
2149.486100
2149.850808
2149.964595
2150.169600
2150.271345
2150.335898
2150.493348
2150.511985
2150.637650
2151.800095
2152.103035
2152.271135
2152.435835
2152.604262
2152.618639
2152.647844
2152.712397
2152.768840
2153.017180
2153.040773
2153.100657
2153.494200
2153.782395
2153.894707
2154.249093
2154.654269
2154.812416
2155.265434
2155.348582
2155.962491
2156.022866
2156.131369
2156.526223
2156.547236
2156.667003
2156.735078
2156.763832
2157.454377
2157.617930
2157.764813
2157.903954
2158.192722
2158.326292
2158.542971
2158.649754
2158.865162
2158.901371
2158.934917
2158.995825
2159.332311
2159.592571
2159.608054
2159.617925
2159.880356
2160.204227
2160.470180
2160.987054
2161.220116
2161.568399
2162.112963
2162.214380
2162.461000
2162.599690
2162.804449
2162.817147
2162.963087
2163.005194
2163.158548
2163.679805
2163.899146
2163.957596
2164.160512
2164.165919
2164.271800
2164.331807
2164.571136
2164.985364
2165.480940
2166.463488
2166.544876
2166.618440
2166.630441
2166.660956
2167.078748
2167.700808
2168.176108
2168.182579
2168.265769
2168.350843
2168.582308
2168.713052
2168.761999
2169.641820
2169.660662
2169.699738
2169.740698
2170.041876
2170.474824
2170.536550
2171.170365
2171.236434
2171.618550
2171.635712
2172.034048
2172.202312
2172.212470
2172.361605
2172.755763
2172.854231
2174.312571
2174.786150
2174.971986
2175.934505
2177.037844
2177.870397
2177.928151
2178.171617
2178.643681
2178.880143
2180.613612
2181.267128
2182.184673
2182.195937
2182.263316
2182.907126
2183.390536
2183.701094
2183.799153
2184.202281
2184.971346
2185.669960
2186.009272
2186.044498
2186.136166
2186.372055
2186.399662
2186.444964
2186.461716
2186.905313
2186.964705
2187.088978
2187.497800
2187.572224
2187.659059
2187.956429
2188.272394
2188.556247
2188.991160
2189.260022
2189.357834
2189.548790
2190.472643
2191.060460
2191.438397
2191.741911
2192.494100
2192.855163
2193.016873
2193.313751
2193.397596
2193.502945
2193.587896
2194.296791
2195.296748
2196.312842
2196.828652
2197.301084
2197.372518
2197.388739
2197.711503
2197.794447
2197.987451
2198.078382
2198.113853
2198.587310
2199.032340
2199.259054
2199.512433
2199.695032
2199.700767
2199.709860
2199.849492
2199.924408
2199.941775
2199.966474
2200.254054
2200.382915
2200.466391
2200.469873
2201.251512
2201.384878
2201.395651
2201.413468
2201.747087
2202.178929
2202.553139
2203.714601
2203.864105
2204.169175
2204.451144
2204.939960
2205.813228
2205.984850
2205.988864
2206.003323
2206.008607
2206.246625
2206.434509
2207.016305
2207.027896
2207.812690
2207.934136
2208.142172
2208.887235
2209.209180
2210.106982
2210.325504
2210.388787
2210.530796
2211.069420
2211.274793
2211.877519
2212.244767
2212.341883
2212.480614
2213.314068
2213.593375
2213.637612
2213.700772
2213.895741
2213.976801
2214.106767
2214.272492
2214.348472
2215.368294
2216.428298
2217.099018
2217.507471
2217.933537
2218.403676
2218.992435
2222.271488
2222.384906
2222.594826
2223.082947
2223.659540
2224.242237
2224.906363
2225.028710
2225.272955
2225.418199
2225.472963
2225.750344
2225.929421
2225.975501
2226.158674
2226.296136
2226.634834
2227.683410
2228.187300
2228.627702
2228.906885
2228.967383
2229.629010
2230.729892
2230.771425
2230.882386
2231.078298
2232.453980
2233.669796
2234.692239
2234.927964
2236.029051
2236.393185
2236.940984
2237.082583
2237.228687
2237.367296
2238.615880
2364.871393
2365.421978
2366.697308
2367.014420
2367.063736
2367.086346
2367.248097
2367.253955
2367.792906
2367.811379
2367.998853
2368.181412
2368.264929
2368.281764
2368.339436
2368.410829
2368.696975
2368.728064
2368.873964
2368.928973
2369.428644
2369.532232
2369.849303
2370.061681
2370.219786
2370.225070
2370.330747
2370.428396
2371.015762
2371.362447
2371.467305
2371.852206
2371.909960
2372.285972
2372.446577
2373.526487
2373.588541
2373.605212
2373.730058
2373.914829
2374.558638
2374.575022
2374.581658
2374.834668
2374.994084
2375.079813
2375.515341
2375.572685
2375.823319
2376.105001
2376.121958
2376.505221
2376.523530
2377.378816
2377.422316
2377.492152
2377.537085
2377.758024
2377.796198
2377.849610
2378.016072
2378.040934
2378.315940
2378.501284
2378.583122
2378.702152
2378.794680
2379.800781
2379.935498
2379.943035
2380.034703
2380.083323
2380.156887
2380.174991
2380.550062
2381.053993
2381.068411
2381.342474
2381.965025
2382.127841
2382.470103
2383.018230
2383.090196
2384.088515
2384.223724
2384.798843
2385.363681
2385.396122
2385.560945
2385.655726
2385.926554
2386.233631
2386.235679
2386.316698
2386.514616
2386.668667
2386.675835
2387.175178
2387.208806
2387.800596
2388.152074
2388.286013
2388.380140
2389.176607
2389.354414
2389.369201
2389.373583
2389.433467
2389.677302
2389.905244
2390.843761
2391.580508
2393.007268
2393.265439
2393.402900
2393.595822
2393.777930
2394.076201
2394.150871
2394.479698
2394.854851
2395.070587
2395.382497
2396.167946
2396.411453
2396.481372
2396.572631
2396.611543
2396.614984
2396.803154
2397.071811
2397.339976
2399.779308
2399.990292
2400.071721
2400.460145
2400.516014
2400.562954
2400.854385
2401.263657
2401.335091
2401.645896
2402.018140
2402.086257
2403.094077
2403.213394
2403.589407
2404.362158
2404.499333
2405.277123
2405.320991
2405.424579
2405.628273
2406.322422
2406.414459
2406.947267
2407.411016
2408.500675
2409.886228
2410.826588
2411.022090
2411.218084
2411.579597
2412.374876
2412.447375
2412.474655
2413.019382
2413.318595
2413.535519
2413.726802
2413.764076
2414.353203
2414.502748
2415.079383
2415.329403
2415.401574
2416.118088
2417.106125
2417.277051
2417.525350
2417.645650
2417.744445
2418.225848
2418.405376
2418.499830
2418.632212
2418.742313
2419.954606
2421.258322
2421.466849
2421.484667
2421.760901
2422.403564
2423.089480
2423.199252
2423.973151
2424.076943
2424.219238
2424.239677
2424.767447
2426.222223
2426.859725
2426.956145
2427.018035
2427.162952
2427.168154
2427.274813
2428.024340
2428.224430
2428.793037
2428.993782
2430.394450
2430.786929
2430.916198
2431.284961
2431.414518
2431.772262
2432.003523
2432.114401
2433.060495
2433.141228
2433.289216
2433.406321
2434.091008
2434.161705
2434.531123
2434.872320
2435.089244
2435.117752
2435.210650
2435.498189
2436.152771
2436.754432
2438.421463
2438.806651
2439.068303
2439.203471
2439.519273
2439.544873
2439.700152
2440.266998
2440.623923
2440.896963
2440.934646
2441.441075
2441.467945
2441.625682
2441.689743
2441.841541
2441.925100
2441.964175
2442.577347
2442.666435
2442.719273
2443.154432
2443.458109
2444.023194
2444.028109
2444.103188
2444.138127
2444.160614
2444.196127
2444.294390
2444.311511
2444.396339
2444.410143
2444.578775
2445.071442
2445.774930
2446.158684
2446.407188
2446.530560
2446.561362
2446.634025
2446.691901
2446.770176
2446.794711
2446.924063
2446.956708
2447.027732
2447.103877
2448.033833
2449.475297
2449.568686
2449.914798
2450.147533
2450.169938
2450.237317
2450.240840
2450.354586
2450.427453
2450.563850
2450.639094
2451.501957
2451.593953
2452.071301
2452.330004
2453.602550
2453.736735
2453.876367
2453.973770
2454.963364
2455.420068
2455.582188
2455.815373
2455.836959
2455.840891
2455.941161
2455.996498
2456.032420
2456.198472
2456.259379
2456.334336
2456.343183
2456.358953
2456.440955
2456.604017
2456.614871
2456.618762
2456.681964
2456.754954
2456.769290
2456.816927
2456.843141
2456.885658
2456.975360
2456.998175
2457.016812
2457.099551
2457.169961
2457.211331
2457.385697
2457.534382
2457.552200
2457.597870
2458.324337
2458.876191
2458.880532
2459.021763
2459.042079
2459.081318
2459.816305
2459.841618
2459.934761
2460.016435
2460.117074
2460.232868
2460.826583
2460.881797
2460.974858
2461.438198
2461.694730
2461.810975
2461.814333
2462.818181
2462.887936
2462.996931
2463.426642
2463.618703
2463.889818
2464.123331
2464.300237
2464.349635
2464.794132
2465.162650
2465.310228
2465.318175
2465.321861
2465.635656
2466.890220
2468.035011
2468.138394
2468.545782
2469.465375
2469.699420
2469.827092
2469.985444
2471.325368
2471.677501
2472.131011
2472.629412
2473.207808
2473.541673
2474.462577
2474.585375
2474.755686
2474.792878
2474.795131
2475.049656
2475.206574
2475.771904
2475.856609
2475.865006
2476.074885
2476.203950
2476.214968
2476.621660
2477.094175
2477.099008
2477.623665
2477.640294
2477.673390
2477.793444
2477.942170
2479.792620
2480.173220
2480.304169
2480.515604
2480.645202
2480.740557
2481.114931
2482.242642
2482.624430
2482.716795
2483.092890
2484.363428
2484.937687
2485.411799
2485.516370
2485.636506
2486.091940
2486.320988
2486.347981
2486.430106
2489.153700
2489.167626
2489.247785
2489.352684
2489.765069
2489.831342
2491.468022
2491.557888
2491.849974
2491.855217
2492.045435
2492.907356
2494.347428
2494.420582
2495.690179
2495.782666
2495.962399
2497.008763
2497.138647
2497.222615
2497.368965
2497.654907
2497.904189
2498.025964
2498.350612
2498.929910
2499.103334
2499.108168
2499.411968
2499.423764
2499.597230
2499.881206
2500.405084
2500.562944
2500.602184
2500.918067
2501.217853
2501.572649
2501.589811
2501.596529
2501.811446
2501.928714
2502.580756
2502.799032
2503.064044
2503.641416
2503.665418
2503.730176
2503.740498
2504.050524
2504.310989
2504.482570
2504.556667
2504.625562
2504.668979
2504.722719
2504.841134
2505.100452
2505.418998
2505.951846
2506.070344
2506.352271
2506.357924
2506.501816
2506.591642
2506.847928
2507.763098
2507.820769
2508.104499
2508.607529
2508.707226
2509.044572
2509.060014
2509.328957
2509.338132
2509.908664
2510.010900
2510.961500
2511.346115
2511.440445
2511.813263
2513.136108
2513.717125
2514.075156
2514.231706
2514.276147
2514.345001
2514.454774
2514.632622
2514.732319
2515.073843
2515.190620
2515.202417
2515.408896
2515.655680
2515.829064
2515.909018
2516.340613
2516.509901
2516.525875
2516.557660
2516.645847
2516.948337
2517.336801
2517.343519
2517.491057
2517.662106
2517.753078
2517.821604
2517.910159
2518.021038
2518.045000
2518.371164
2518.541640
2518.656983
2518.685778
2518.749880
2518.892831
2518.897254
2519.009321
2519.801446
2519.979581
2520.051343
2520.063713
2520.294318
2520.394138
2520.501617
2520.658125
2520.720916
2521.113600
2521.158984
2521.233859
2521.334252
2521.637069
2521.859113
2521.898148
2521.902408
2521.911706
2522.133299
2522.345349
2522.407608
2522.458317
2522.618880
2522.897080
2523.489075
2523.554570
2523.705958
2525.462487
2525.907968
2526.322688
2526.448108
2527.595069
2528.117965
2528.234045
2529.103626
2529.720525
2529.852948
2530.333164
2530.335498
2530.401485
2530.633073
2531.568722
2531.792896
2531.971359
2532.104724
2533.237555
2533.937316
2534.179430
2534.191759
2535.337779
2536.720179
2536.853586
2537.607700
2537.986294
2539.860541
2540.127068
2540.556206
2540.747612
2541.101179
2541.184860
2541.593805
2544.072172
2544.842424
2545.037312
2545.826406
2545.956250
2546.321367
2546.338898
2546.697093
2546.904023
2547.144253
2547.947602
2548.646584
2549.715558
2549.815214
2549.911470
2550.017475
2550.044426
2550.280356
2550.429123
2550.608445
2550.758687
2550.831677
2550.834012
2552.223498
2552.320082
2552.690852
2553.351946
2554.718536
2554.942382
2556.627927
2556.650906
2556.862996
2557.119939
2557.350789
2557.670564
2558.349558
2558.441226
2558.700995
2558.703862
2558.918369
2559.044485
2559.277957
2559.910789
2560.490496
2560.497295
2560.519004
2561.064755
2561.383834
2562.702950
2562.948751
2563.113288
2565.050532
2565.150024
2565.715640
2566.010061
2566.523945
2567.042007
2567.665746
2567.684997
2567.876854
2568.615895
2568.622612
2568.857231
2568.940503
2569.075180
2569.301115
2569.680200
2569.975398
2570.101473
2570.171884
2570.695188
2570.819174
2573.192765
2573.338624
2573.353247
2573.360005
2573.800284
2574.742036
2575.458877
2575.733309
2575.744860
2576.050381
2576.162734
2576.216228
2576.333046
2577.234821
2577.306460
2577.322967
2577.330340
2577.411850
2577.426637
2577.553613
2577.867244
2578.195988
2578.400256
2578.555003
2578.912133
2578.961572
2579.110912
2579.127869
2579.207455
2579.216548
2579.234816
2579.570606
2579.596247
2580.237722
2580.631880
2580.878295
2581.101363
2581.141504
2581.229650
2581.270610
2581.390008
2581.527921
2581.561958
2581.629379
2581.800755
2582.072607
2582.083052
2582.115410
2582.231409
2582.303949
2582.359450
2582.375875
2582.450708
2582.457508
2582.471762
2582.677463
2582.766305
2582.772695
2582.830367
2582.860595
2582.871491
2582.951117
2583.001866
2583.069245
2583.205478
2583.952343
2583.965819
2584.138301
2584.157430
2584.419697
2584.539341
2584.560763
2584.855388
2584.865423
2585.091604
2585.130353
2585.183109
2585.284076
2585.410765
2585.452134
2585.560228
2585.615606
2585.680364
2585.714033
2585.799434
2585.822249
2585.874350
2586.023444
2586.123059
2586.216407
2586.234184
2586.249052
2586.253107
2586.379182
2586.439393
2586.456433
2586.801275
2586.809467
2587.064607
2587.108434
2587.304632
2587.341824
2587.360829
2587.389051
2587.455570
2587.493745
2587.665367
2587.883356
2587.890074
2587.895726
2587.945083
2588.007137
2588.021760
2588.133212
2588.296602
2588.515205
2588.714066
2588.720046
2588.903711
2588.987351
2589.089137
2589.202063
2589.335757
2589.461709
2589.476618
2589.543916
2589.556408
2589.571604
2589.576356
2589.620879
2589.703127
2589.721600
2589.871473
2590.097859
2590.194360
2590.292009
2590.518354
2590.571397
2590.809293
2590.983700
2591.295734
2591.300895
2591.411159
2591.547761
2591.656632
2591.869542
2592.041206
2592.056771
2592.060170
2592.267182
2592.347628
2592.545096
2592.734659
2592.976077
2593.067049
2593.183089
2593.272300
2593.300234
2593.479025
2593.525883
2593.891205
2594.166497
2594.174566
2594.188288
2594.333901
2594.553610
2594.865521
2595.199508
2595.265454
2595.505480
2595.605135
2595.724820
2596.104684
2596.172513
2596.237722
2596.367811
2596.415898
2596.613652
2596.846920
2596.915773
2597.024317
2597.098742
2597.215969
2597.452431
2597.528453
2597.684019
2597.792563
2597.802189
2597.964513
2598.079283
2598.252544
2598.368911
2598.379766
2598.401024
2598.501048
2598.566871
2598.720963
2598.921503
2599.021404
2599.104348
2599.352443
2599.675699
2600.379515
2600.937349
2601.116713
2601.272197
2601.281905
2601.300541
2601.370542
2601.405809
2601.501819
2601.649684
2602.089308
2602.273300
2602.359685
2603.552768
2603.705631
2604.244132
2604.368896
2604.630958
2604.830515
2604.991037
2605.138903
2605.230653
2605.408911
2605.416653
2605.602406
2605.667697
2605.756662
2605.768049
2605.868401
2605.964902
2606.258954
2606.317199
2606.576722
2607.130337
2607.224668
2607.246049
2607.314616
2607.329649
2607.418655
2608.072745
2608.323625
2608.502661
2608.542638
2608.616161
2608.713810
2608.741335
2608.778609
2609.091379
2609.168794
2609.226670
2609.249362
2609.387643
2609.402962
2609.728758
2609.734615
2609.824768
2610.111529
2610.153472
2610.392064
2611.487130
2611.634094
2611.907338
2611.911434
2612.182999
2612.186726
2612.343644
2613.729812
2613.887427
2613.960212
2613.980652
2614.148547
2614.430843
2614.463488
2614.725140
2614.768722
2615.098982
2615.184261
2615.268393
2615.272612
2615.285965
2615.440302
2615.994532
2616.558264
2616.589885
2616.794481
2616.963154
2617.597215
2618.117448
2618.631373
2618.907894
2619.140506
2619.467325
2620.263178
2621.020692
2621.183222
2621.305201
2621.307003
2621.388472
2621.598392
2621.608960
2621.701366
2621.879951
2622.248305
2622.503363
2622.587740
2622.756454
2622.876017
2622.911816
2622.987469
2623.063122
2623.168430
2623.354921
2623.696282
2623.864259
2623.876547
2624.111534
2624.264110
2624.563855
2625.153556
2625.390019
2626.084372
2626.888253
2627.941990
2628.423639
2629.618156
2629.829263
2629.843395
2629.956280
2630.372762
2630.568059
2630.638223
2631.216005
2631.323075
2631.331758
2631.370220
2631.621591
2631.672750
2631.716413
2631.983104
2632.000225
2632.140677
2632.236810
2632.433623
2632.518902
2632.791163
2632.859648
2633.210839
2633.688392
2633.739960
2633.837486
2634.000630
2634.196664
2634.237583
2634.380288
2634.498253
2634.922639
2635.032986
2635.097702
2635.109212
2635.112325
2635.117404
2635.230863
2635.260314
2635.279852
2635.336622
2635.347272
2635.631002
2635.663114
2635.859395
2636.181217
2636.225823
2636.231393
2637.209108
2637.247652
2637.384622
2637.618708
2637.721518
2637.840916
2638.137590
2638.257930
2638.421606
2638.481572
2638.612152
2639.088312
2639.208571
2639.312732
2639.506514
2639.556157
2639.794831
2639.914721
2640.164454
2640.203325
2640.218767
2640.310764
2640.383959
2640.395633
2640.538706
2640.731177
2640.989225
2641.292984
2641.682063
2641.960960
2642.351514
2642.356756
2642.742804
2643.001016
2643.090514
2643.226419
2643.519406
2643.754844
2643.887268
2643.935150
2644.052173
2644.094771
2644.180296
2644.254679
2644.370760
2644.432445
2644.768768
2644.871250
2644.958945
2645.076869
2645.279212
2645.357445
2645.494456
2645.590057
2645.633516
2645.746278
2645.749023
2646.274662
2646.358958
2646.372557
2646.433915
2646.669189
2646.738575
2646.819676
2646.946120
2646.948413
2646.989496
2647.030907
2647.106396
2647.136543
2647.265280
2647.406715
2647.505183
2647.545078
2648.083128
2648.345805
2648.478843
2648.633344
2648.820367
2649.166479
2649.251103
2649.325650
2650.724598
2651.254170
2651.532042
2651.847352
2651.944305
2653.123666
2653.231391
2653.238804
2653.243720
2653.422920
2653.568901
2653.618627
2653.811016
2653.934838
2654.078689
2654.286356
2654.339359
2654.398013
2654.454006
2654.515855
2654.926848
2655.161631
2655.700705
2656.026255
2656.346604
2656.658473
2656.668590
2656.720323
2657.775124
2658.075648
2658.124841
2658.148762
2658.434171
2658.551235
2658.623242
2659.284582
2659.489505
2659.844547
2661.299978
2661.394350
2661.414584
2661.474509
2661.621187
2661.652070
2662.354166
2662.413885
2662.459023
2662.928876
2663.457956
2663.790715
2664.116961
2664.142725
2664.616018
2665.052774
2665.172828
2665.718292
2666.120602
2667.412316
2667.494851
2667.846083
2668.277965
2668.995092
2669.559276
2669.591306
2669.605028
2670.637834
2670.754734
2671.680348
2672.397517
2672.843080
2672.847872
2672.945480
2673.174979
2673.385226
2673.420698
2673.605591
2674.185544
2674.204672
2674.379284
2675.004211
2675.092234
2675.243827
2675.411026
2675.579945
2676.556800
2677.074657
2677.153915
2677.464883
2677.525217
2677.560648
2677.988680
2679.149527
2679.289242
2679.382835
2680.265728
2685.200671
2685.575168
2685.954785
2685.974528
2686.713692
2686.779924
2687.408046
2687.504630
2687.520522
2687.599944
2687.609324
2687.612764
2687.616942
2687.825183
2687.848325
2687.939502
2687.949046
2688.217457
2688.339722
2688.452690
2688.466289
2688.469852
2688.711598
2688.810353
2688.902226
2689.065247
2689.569137
2689.826324
2689.957478
2690.123735
2690.580357
2690.791834
2690.987336
2691.361137
2691.436790
2691.468739
2691.933839
2692.166287
2692.901356
2693.087355
2693.421097
2693.845402
2694.012314
2694.303457
2694.632817
2696.799068
2698.092913
2698.213048
2698.366321
2698.387988
2698.416538
2698.449142
2698.477404
2698.562273
2698.744504
2699.414159
2699.715871
2700.188140
2701.395231
2701.583401
2703.366758
2703.557960
2704.303350
2704.393380
2704.420332
2705.755873
2706.472059
2706.645156
2706.851635
2707.492659
2708.120207
2708.200079
2708.231741
2708.235756
2708.399063
2708.419748
2708.463411
2708.552172
2709.240136
2709.361992
2709.522883
2709.552906
2709.675295
2710.093783
2710.331228
2710.474138
2710.574858
2711.187251
2711.220101
2711.389430
2712.041595
2712.206008
2712.472863
2712.580956
2713.101558
2713.277563
2713.566822
2713.971999
2714.777559
2714.947379
2715.178066
2715.488174
2715.606753
2715.719066
2715.880079
2715.913912
2716.389786
2716.438815
2716.500664
2716.515287
2716.689613
2716.763709
2716.822446
2716.979610
2716.991160
2717.177938
2717.383557
2717.458473
2717.794181
2718.111334
2718.116618
2718.509957
2718.809661
2718.883062
2718.965719
2719.007990
2719.016919
2719.416812
2719.544648
2719.762432
2719.898173
2719.912018
2720.101540
2720.129638
2720.306217
2720.378348
2720.634839
2720.950026
2721.017037
2721.539400
2721.651261
2721.703404
2721.821000
2721.905746
2721.913242
2722.059182
2722.118697
2722.314158
2722.532352
2722.640118
2722.777989
2722.927575
2722.949734
2723.132867
2723.346596
2723.584901
2723.728302
2723.733012
2724.479386
2724.632125
2724.728832
2725.018788
2725.240013
2725.339628
2725.356503
2725.850808
2725.857485
2725.862851
2726.063800
2727.128146
2727.239557
2727.374234
2727.691878
2727.699333
2728.074527
2728.089600
2728.389140
2728.512635
2728.636580
2729.242870
2729.365381
2729.491415
2729.529917
2730.110689
2730.274693
2730.409329
2730.640876
2730.645258
2730.874962
2730.888479
2730.896056
2730.995548
2731.072512
2731.103601
2731.194081
2731.258880
2731.446067
2731.529175
2731.676590
2731.826381
2732.021228
2732.263178
2732.274278
2733.019873
2733.090816
2733.562307
2734.397235
2734.765302
2735.079342
2736.406118
2737.221632
2737.353769
2738.198118
2738.417459
2739.166454
2739.215114
2739.285033
2739.533701
2739.672760
2739.749724
2740.023050
2740.385546
2740.499825
2741.664727
2741.830697
2742.123315
2742.261023
2743.411016
2743.750697
2744.486420
2744.733000
2745.133302
2745.698877
2745.910067
2746.073375
2746.186916
2747.433042
2747.777065
2748.924887
2749.392323
2749.446349
2749.758956
2749.956628
2751.922995
2752.239452
2752.386621
2753.049477
2754.069135
2756.702044
2757.144248
2758.043443
2759.184957
2759.517921
2762.046013
2763.286610
2763.541053
2764.796477
2767.334973
2768.128410
2768.602112
2769.642783
2770.560041
2771.137946
2771.257180
2771.390464
2771.638108
2772.390953
2772.513997
2772.538491
2772.646216
2772.709294
2772.808335
2773.039022
2774.132081
2774.311895
2774.352650
2774.440673
2774.704456
2774.815580
2774.879928
2774.938419
2775.073219
2775.126589
2775.407739
2775.433503
2775.579525
2776.538235
2776.543396
2777.727140
2778.065961
2778.692198
2778.777313
2778.995958
2779.250156
2779.392696
2779.649638
2780.515451
2780.767805
2780.900065
2781.031301
2781.114286
2781.169500
2781.228564
2781.402890
2781.523476
2781.659505
2781.980877
2783.296635
2783.304090
2783.917302
2784.267223
2784.509952
2784.852173
2785.005609
2785.493197
2785.739244
2785.945354
2786.202583
2786.442813
2786.666496
2787.800146
2787.952230
2788.657684
2788.987576
2789.500723
2789.692457
2789.706465
2789.933220
2790.314312
2790.800671
2791.092675
2791.236280
2792.114668
2792.663613
2793.237627
2793.391391
2793.408307
2793.500877
2793.689907
2793.875169
2793.938125
2794.027663
2794.110157
2794.144563
2794.350264
2794.597990
2794.849321
2794.916618
2795.000709
2795.110072
2795.146732
2795.240325
2795.361853
2795.506606
2795.708375
2795.911168
2796.998124
2797.131612
2797.246915
2797.799260
2798.171750
2799.272673
2800.146391
2801.113784
2801.221018
2806.646825
2807.529431
2808.075428
2810.012836
2810.295706
2810.461839
2810.688881
2810.926653
2810.953769
2810.995016
2811.033149
2811.052810
2811.408753
2811.747656
2811.877253
2811.887329
2811.952906
2812.229919
2812.293161
2812.779725
2813.068288
2813.313761
2813.927547
2814.603223
2814.658355
2814.665114
2814.669373
2814.733271
2814.932541
2815.054070
2815.287296
2815.361843
2815.448064
2815.707873
2816.082330
2816.551608
2816.567050
2817.117716
2817.128571
2817.228104
2817.350820
2817.578844
2817.655603
2817.752310
2817.755054
2817.896284
2817.988444
2818.133565
2818.347336
2818.358764
2818.698363
2818.972262
2819.611976
2819.860316
2820.398612
2820.448256
2821.049385
2821.204296
2821.457674
2822.026117
2822.090465
2822.160384
2822.436782
2822.934446
2823.172301
2823.336468
2823.435837
2824.027914
2824.556954
2824.881029
2825.107251
2825.466511
2825.591194
2825.606881
2825.859195
2827.976376
2828.060262
2828.129690
2828.926853
2828.973916
2829.157499
2829.175931
2829.934305
2830.153933
2830.318100
2830.422630
2830.488658
2830.539448
2830.693376
2830.818714
2831.759606
2832.605143
2832.645489
2832.657203
2832.661299
2833.083556
2833.511752
2833.534034
2834.853478
2834.979963
2835.060818
2835.339387
2835.440067
2836.479427
2837.320581
2838.069084
2838.446735
2839.509893
2842.290913
2842.295706
2842.410803
2842.534871
2842.645340
2843.156767
2843.587830
2844.297257
2845.356687
2845.754040
2846.634557
2846.762107
2847.153234
2848.027689
2849.593385
2849.683866
2849.818583
2849.851515
2850.094080
2850.412052
2850.451333
2850.463416
2850.907054
2850.910740
2851.136143
2851.531489
2851.685294
2851.924378
2852.883743
2852.894147
2852.971274
2853.174682
2854.420439
2854.625649
2854.632530
2854.893855
2854.902374
2854.946529
2854.952264
2855.179551
2855.322337
2855.880991
2856.005550
2857.591153
2858.325770
2858.344079
2858.782433
2859.044086
2859.175526
2859.337892
2861.171466
2861.653361
2862.278328
2862.767145
2863.319040
2863.413207
2864.258580
2864.711188
2864.733798
2864.888545
2864.921641
2865.704346
2865.722081
2865.836196
2865.942118
2866.148065
2867.789251
2867.886449
2867.961528
2868.887675
2870.538322
2871.849615
2872.308695
2872.382095
2872.493629
2873.281946
2873.359237
2873.401508
2873.668198
2874.307215
2874.322575
2874.326180
2874.341868
2874.674504
2875.204977
2875.330806
2876.612444
2876.726067
2876.922552
2876.932956
2876.936684
2877.170237
2877.225206
2877.398835
2877.488169
2878.072300
2878.206566
2878.298890
2878.704476
2878.857585
2879.545057
2879.555625
2880.665805
2880.970138
2880.983491
2882.597806
2882.609029
2882.902344
2883.018670
2883.259474
2883.328655
2883.430892
2883.599278
2883.960381
2883.974636
2884.173046
2884.226171
2884.327506
2884.722893
2884.733133
2884.749353
2884.938220
2885.383946
2885.875589
2885.886116
2886.125937
2886.698680
2887.688520
2889.051177
2889.317622
2889.491579
2889.681674
2889.770435
2889.879060
2890.197033
2890.280223
2890.424771
2890.494525
2890.546053
2890.681754
2891.507466
2891.628339
2891.693629
2891.917107
2892.206776
2892.946555
2893.589586
2894.458880
2894.519419
2894.527775
2894.836326
2895.227494
2895.401452
2895.488041
2895.980380
2895.989105
2896.176783
2896.297902
2896.547840
2897.044521
2897.735148
2898.097439
2899.200451
2899.205693
2899.274383
2899.412787
2899.493683
2901.271183
2901.993677
2903.310787
2903.416381
2905.158246
2905.286205
2906.202890
2906.918625
2906.937590
2907.443937
2907.559895
2908.324454
2908.790743
2908.903424
2909.060956
2909.215457
2909.481083
2910.429921
2910.778327
2911.444910
2911.796265
2911.986237
2911.996682
2912.000451
2912.126771
2912.163963
2912.249733
2912.323379
2912.445932
2912.576430
2912.740925
2912.826409
2912.988078
2913.009213
2913.474888
2913.610138
2913.747395
2914.244403
2914.967798
2915.756687
2915.964314
2916.523540
2916.552172
2916.681769
2916.877312
2917.026284
2917.157192
2917.372273
2917.496709
2918.487327
2919.605862
2919.851131
2920.104059
2920.583578
2920.710758
2921.988342
2922.057196
2922.154230
2922.301235
2922.437468
2922.572718
2923.878318
2924.676219
2925.159014
2925.328056
2925.367378
2925.383352
2925.388308
2927.167037
2927.330386
2928.896205
2929.070572
2929.144873
2929.554883
2929.657160
2929.750589
2929.798431
2929.908818
2930.264474
2930.278769
2930.308547
2930.366095
2930.525430
2930.642412
2930.795766
2931.083592
2931.298509
2932.130406
2933.321769
2933.449318
2933.479834
2934.298665
2934.551142
2935.179633
2935.290388
2935.523041
2935.562322
2936.531436
2936.744100
2936.752497
2936.803533
2936.904212
2936.911667
2937.220342
2937.340396
2937.818563
2937.912566
2938.383360
2938.632970
2938.832773
2938.965443
2939.034337
2939.620639
2939.775836
2940.074803
2940.120146
2941.579796
2941.659791
2942.228644
2942.440038
2942.462607
2942.677033
2942.746829
2943.141396
2943.215698
2943.230894
2944.572580
2944.579420
2944.625992
2944.672809
2944.891085
2945.113866
2945.397146
2945.431306
2945.484308
2945.856266
2946.259067
2946.276270
2946.357043
2946.435686
2946.625905
2946.731295
2946.986353
2946.994299
2947.156050
2948.294820
2948.502200
2950.123930
2950.972293
2952.887378
