128.720118
128.999465
129.828741
129.894318
132.102799
132.614103
133.682586
133.715026
134.205481
136.337080
137.459712
137.861489
138.569318
139.133133
139.219272
139.461181
140.641608
140.877005
140.999475
141.655532
142.999306
143.650980
144.111206
144.197591
144.733184
146.076262
150.084239
152.406221
153.330729
153.388401
153.438986
153.444270
153.584763
153.712312
153.859277
154.722017
155.757240
157.405430
157.793362
158.533468
161.863516
162.965012
164.225597
164.281795
164.866785
164.870636
166.924370
167.997522
169.660908
171.026596
172.869100
174.298235
174.658683
175.413780
175.448187
175.667282
175.739126
176.718479
176.898376
177.442406
177.465426
178.343977
178.416763
178.491228
178.543411
178.559754
178.630533
178.644910
178.922209
179.019162
179.256771
179.386409
179.390956
179.425649
179.462636
179.477012
179.494789
179.787899
180.050780
180.112302
180.136387
180.201144
180.999864
181.187461
181.788713
182.056632
182.158295
182.411346
183.146824
183.542047
183.667999
183.672791
184.104387
184.413225
184.814019
185.623962
185.734717
185.941770
186.209526
186.807583
187.029955
187.160289
187.248108
188.567265
190.501519
190.829568
191.224586
191.252275
191.255347
191.261450
191.671665
191.858524
192.612680
192.805192
192.902185
192.947036
193.061519
193.281802
194.928026
195.006587
195.888701
197.565276
197.829263
198.383247
198.386729
201.075999
201.239552
202.128998
203.433943
203.608146
205.750313
206.006026
207.064433
207.524291
207.820636
210.255831
210.428068
212.032758
212.675338
212.685455
212.787732
212.939940
213.827789
214.559826
215.412122
215.478477
215.695483
215.871119
215.891517
216.054129
216.117453
216.145265
218.606592
219.124654
219.807130
220.050432
220.150948
220.222751
220.509430
220.600812
222.060134
222.116495
222.130299
222.148608
222.288650
223.300321
223.455478
223.460475
223.744492
223.927132
224.050586
224.138813
224.157696
224.272916
224.319611
224.943350
225.434747
225.721917
226.084987
227.905290
228.848026
229.471068
229.731656
230.560358
231.422280
231.558103
231.647601
232.583373
232.854282
233.030984
233.455165
233.496699
234.723779
236.932137
238.741955
240.482632
242.133565
247.337042
248.121385
249.665659
250.035446
251.788698
252.761334
252.849848
254.559478
254.664335
256.711598
256.863109
260.915200
262.398853
262.505554
262.656614
263.642317
264.138711
264.514191
265.405891
265.466634
265.807544
266.697892
267.451556
268.378849
269.645087
270.076477
270.869709
272.225649
273.901281
274.707087
274.769388
274.875474
276.659814
277.168292
277.251154
277.300347
277.379645
277.512847
277.887017
279.295099
279.688233
280.629166
280.658002
281.719931
282.169344
282.277151
282.982932
283.571855
283.720008
285.006848
287.756001
288.278241
288.644588
291.329352
291.702170
292.803174
295.411220
297.593815
298.410639
299.638292
300.706816
301.091676
301.441802
301.915546
302.702551
303.392850
306.521907
308.288553
309.217280
309.349581
309.424947
309.481554
309.650227
309.726372
310.849004
311.425516
312.284774
313.890079
315.929600
316.288655
320.460308
321.459855
321.688494
321.793802
324.082688
324.164321
327.748035
327.874314
328.383406
329.800663
331.353498
331.760353
331.853210
334.876590
336.316129
338.267382
338.410865
339.213025
340.401234
342.292808
342.349947
345.269289
345.681551
345.926328
347.098685
347.744788
347.913667
348.015288
348.550513
348.824945
349.525156
350.038303
351.398912
351.429345
351.639511
351.789056
352.819241
352.828744
353.494794
354.022932
355.243827
355.263447
355.303547
355.510764
355.749806
356.638474
356.670710
357.606113
357.680046
358.459351
359.142523
359.152067
359.509729
359.679795
360.250532
360.902697
361.179750
361.263350
361.721324
361.939968
362.404864
364.492390
364.574925
364.841042
364.973998
366.492631
368.332104
368.378593
369.258168
372.658995
376.644239
377.349489
377.515745
377.536922
377.705144
378.137477
380.029133
381.566321
381.710418
382.640087
383.557714
384.624968
385.123492
385.399562
385.996841
388.222525
388.338442
388.502733
389.429658
391.408271
391.927030
392.078131
393.283830
395.024548
395.155866
395.330191
396.126822
398.319084
398.996603
399.054397
399.263130
399.747482
400.053576
400.703898
401.309491
402.131722
402.260582
403.172352
403.325747
406.310994
406.680084
408.323604
408.703099
409.485271
409.599222
409.795215
409.831137
410.055229
412.652585
413.341983
414.660608
416.384696
416.494019
416.528261
417.977262
418.646630
419.765002
419.845448
419.911148
420.065731
420.105626
420.213514
420.218225
420.863713
421.417452
421.776261
421.935514
421.976064
422.446653
422.646129
423.628145
423.679345
423.706419
423.727227
423.777853
423.883244
425.189663
425.699860
425.872384
426.163200
426.467410
426.845430
426.863002
426.898104
427.180892
427.450491
427.872502
427.969208
428.679660
429.047562
429.893345
430.249124
430.504305
430.768579
430.800650
430.822154
431.154299
431.987958
432.942121
433.043456
433.203200
434.087567
434.341888
434.346435
434.357903
434.746409
435.189719
435.470377
435.710321
436.756152
437.728379
438.155428
438.406185
439.251640
439.291412
439.452140
439.789527
439.858627
439.956808
441.877135
441.906668
442.086605
442.485268
442.659062
442.854646
442.907689
442.968474
444.017254
444.032696
444.119941
444.165898
445.296804
445.879378
447.187640
447.869420
448.242033
448.584581
448.971735
450.089779
450.441748
451.258900
451.273441
451.329229
451.437691
451.943014
452.036280
452.054139
452.379935
452.748657
453.349253
453.462385
454.045041
454.293832
454.973194
455.084360
455.823933
455.853834
456.643830
457.095414
459.759247
460.321382
460.332401
460.579062
461.114040
461.338460
462.085366
462.735565
463.024005
463.323873
463.778079
464.245473
464.328008
464.466207
465.778115
465.964769
466.108539
466.439127
466.528010
466.603336
466.758861
467.160556
467.172803
467.186156
467.928596
468.007690
468.123361
468.341432
468.414710
468.707738
468.983480
469.199176
469.308047
471.367229
471.885455
472.452669
473.307955
473.334579
473.806684
473.933455
474.731807
475.462943
476.028887
476.564972
476.569600
478.028390
478.810931
478.956995
479.180718
479.299379
479.339766
479.687434
479.818301
480.705290
481.188536
481.279959
481.504051
482.896978
484.043284
484.112425
484.667228
486.583869
486.726656
486.887137
487.052943
487.368868
487.474872
487.502971
487.834911
489.930220
490.937303
490.975969
491.163689
491.169219
491.502182
491.523604
491.532124
492.501074
492.827075
493.246874
493.289554
493.578609
493.620756
493.794222
493.985997
494.294426
494.631772
494.732616
494.864507
496.090563
496.620298
498.148270
498.655764
498.704425
499.660186
500.046111
500.700447
500.920484
501.829919
501.919007
503.431045
503.502479
503.601725
503.615980
504.190362
504.997274
505.015624
505.856451
507.012628
507.304755
507.521065
507.617444
508.060754
508.346163
509.422879
509.768090
510.056817
510.223196
510.265016
510.392279
510.722867
510.870856
510.964531
511.562752
511.866388
513.438761
513.748050
513.865114
514.853233
514.882847
515.863142
515.892429
516.025999
517.659034
518.045123
518.053724
518.088827
518.869443
519.338516
519.685980
520.074527
521.058386
521.366897
522.594427
523.034665
523.131945
523.735081
523.894415
524.217180
526.274028
526.750597
527.253135
527.691244
527.801876
527.809044
527.815188
527.927788
527.972352
528.286679
528.292413
528.341688
528.432660
528.706478
528.796549
529.017856
529.445683
529.690788
529.910170
530.515927
531.486188
532.293755
533.302682
533.635645
533.676114
533.964636
533.991997
534.017556
534.120776
534.396559
534.852116
535.972864
536.588780
536.645591
537.145795
538.095534
538.187448
538.638664
538.655867
539.028685
539.165327
539.380122
540.158321
540.558254
540.881756
542.299628
542.412513
543.304991
543.729254
544.845005
545.222902
546.413158
546.710364
547.206595
547.500032
550.698148
551.681761
551.903027
552.311808
552.423997
552.432108
553.262981
554.198139
554.572841
555.310776
555.332076
555.436360
555.718492
556.292997
556.966216
557.046456
557.191782
558.035886
558.054113
558.698127
558.883594
559.237038
559.888138
560.470671
561.376010
561.419428
562.136310
562.342257
562.391040
562.898084
562.904269
562.928927
563.520102
563.807683
563.925320
565.001544
565.642977
566.200443
566.203965
566.630031
566.852280
567.514071
568.375009
568.526848
568.558223
569.443000
570.099917
570.207846
572.067799
574.012621
574.052966
574.171218
574.361969
574.419886
574.467973
574.636974
575.057920
575.403213
575.721021
576.638689
576.814899
578.113044
578.539438
578.660270
578.726461
578.878751
579.116401
579.155231
579.204669
579.597681
579.786998
580.922532
581.844910
582.580961
582.626959
584.325734
584.876483
584.965325
585.231647
585.461350
586.047529
586.689618
586.793697
586.929111
587.052851
588.107448
588.893757
589.500498
589.684163
589.733233
591.172239
591.663800
591.740436
591.912182
592.206438
592.538214
592.574915
592.740106
593.895629
594.125783
595.190252
595.999908
596.389437
596.584448
597.218959
597.474386
597.526487
597.602427
597.696061
598.621798
600.386232
600.680612
601.827533
601.975030
602.916495
603.942052
604.289925
604.647997
604.692931
605.374874
605.900718
605.972767
606.099948
606.489477
606.811300
607.341609
607.554560
607.591997
607.788319
608.372736
608.877650
609.461412
611.740467
611.941253
612.636140
612.773356
612.880548
613.232230
613.336310
613.570806
616.146412
616.181678
616.453284
616.802345
617.287516
617.305006
617.371279
617.412608
617.477284
617.605857
618.638459
618.910843
618.952909
618.988339
619.075461
619.213128
619.338998
619.904942
620.103270
620.278907
620.336701
620.841656
620.860006
620.949053
621.141647
621.926277
622.080041
622.384906
622.655201
623.081554
623.187476
623.880151
623.993774
624.706888
625.343037
625.509458
625.949450
626.526986
626.900214
627.571671
628.146708
628.273562
629.103124
629.310423
630.094438
630.271427
630.456607
630.781051
630.867763
630.983967
631.135478
631.401021
631.833559
632.320819
633.224110
633.712394
634.340065
634.342973
635.089674
635.147223
637.251052
637.418373
638.845911
640.956785
641.309164
642.048000
642.449326
642.792735
642.806088
642.998600
643.041198
644.789412
645.202043
645.334794
645.978481
646.505062
646.792233
647.709123
648.171807
648.570102
648.808448
649.541673
650.224763
650.461921
650.467205
651.010212
651.049943
651.294024
651.321876
652.012052
652.853617
653.071933
653.152502
653.312655
653.323018
653.760963
653.906534
654.413128
654.434509
655.755919
656.790241
657.383588
657.521582
657.596539
657.850327
657.916191
658.021581
658.033336
658.052710
658.058117
658.457887
658.562826
658.579374
658.776105
659.884442
659.999212
660.054344
660.880261
661.024358
661.117788
661.151621
661.278925
661.349540
661.663416
661.734646
661.843026
662.008504
662.679347
662.995354
663.695892
666.475807
667.237007
667.525079
668.011520
668.304056
668.309012
668.321341
668.827279
668.939919
669.452984
669.677732
670.024417
670.110351
670.192435
670.581883
670.605107
671.737078
672.360694
673.133199
673.206886
673.211105
673.337999
673.453629
674.284298
674.526659
675.039027
675.131843
675.906150
675.934372
676.011459
676.153754
676.367524
676.370432
676.643635
676.938670
677.108081
677.295227
677.324063
677.397791
677.796741
678.131835
679.104307
679.132815
679.899300
679.963812
679.978967
680.023818
680.214897
680.435917
681.242993
681.975071
682.009354
682.864353
683.980268
684.021268
684.718899
685.564109
686.426522
686.711931
687.277138
689.588183
690.747556
691.618120
691.661373
692.470620
692.821811
693.706711
694.071828
694.412370
694.661366
694.767657
695.610655
695.731651
695.967375
696.206541
696.351785
696.503091
696.574894
696.684503
697.075712
697.395732
697.522627
697.648497
698.095411
698.691215
698.845798
699.465114
699.773911
700.038185
700.099707
700.340593
700.436439
700.525486
701.240689
701.250806
702.066033
702.525358
702.639063
703.944827
704.435651
705.026540
705.112719
705.408246
705.834312
705.973371
706.641633
707.632456
708.486308
708.662436
709.353349
709.412864
709.429289
709.929124
710.522266
710.922772
711.184589
760.034796
760.039916
760.066253
760.241603
760.293990
760.330854
760.337531
760.352809
760.487076
760.645919
760.707154
760.901059
761.256387
761.737298
762.216694
762.406953
763.745853
763.772805
764.588196
764.855624
764.979569
766.274888
766.320026
766.422262
766.741545
766.780498
766.940611
767.024947
767.934505
767.950316
768.083968
768.385106
768.408576
768.755057
769.210040
769.408819
769.413939
769.543045
769.584456
769.643192
769.730724
769.866465
770.117591
770.142044
770.710651
772.130324
772.894228
773.648425
773.730386
773.744927
773.773353
773.779128
773.930394
774.031073
774.115901
774.220227
775.115694
775.252787
775.841219
777.066619
777.295872
777.689989
777.874555
778.085458
778.317619
778.453156
778.854851
778.962985
779.561124
781.520077
782.222950
782.423695
782.798520
783.007375
783.661752
783.705416
783.829893
784.007619
784.183337
784.556564
784.741335
784.772833
784.967721
785.363722
786.201887
786.657976
787.323003
787.407913
787.443180
787.719619
789.368177
789.978849
790.420972
790.563799
790.982656
791.950991
792.230584
793.361818
793.755648
794.208461
795.099341
795.169628
795.413914
795.786445
796.132680
796.264407
796.420342
796.574310
796.736922
796.840387
796.898263
797.618954
797.957775
799.371223
799.448842
799.624233
799.644754
800.223232
800.299540
800.441795
800.491110
800.866099
801.036984
801.394278
801.557094
801.601864
801.639178
802.152694
802.494423
802.545172
802.754888
802.902876
802.985042
803.132375
803.139994
803.356795
803.641958
803.648635
803.949855
803.973530
804.171162
804.439859
804.473569
805.001789
805.030175
805.142774
805.364326
806.065193
806.237389
806.386852
806.550323
807.329300
807.545651
807.951483
808.062321
808.299192
808.475279
809.114296
809.549455
809.682657
809.743319
810.377789
811.048878
811.117732
811.496858
812.577137
813.537976
813.550633
813.654630
813.748593
813.759160
813.763584
814.461583
814.508769
814.540841
814.585283
814.596710
814.684242
814.773494
814.792499
815.074550
815.473091
815.771689
815.988449
816.410501
816.454083
816.629719
816.996557
817.446625
817.684480
818.854216
819.132293
819.601900
819.827507
820.295680
820.601283
821.094195
821.141094
821.159813
821.429862
821.447229
822.301942
822.320374
822.987612
823.558554
823.746437
823.838147
824.347402
824.894833
825.091359
825.226363
825.267118
825.974538
826.158981
826.345226
826.696540
827.489608
827.580744
827.674665
828.556083
828.575089
828.669747
828.679127
828.798280
828.896133
829.106094
829.418209
829.620265
829.715415
829.831045
829.983908
830.374339
830.551695
831.566684
831.847096
831.951585
832.024617
832.206930
833.408696
833.492623
833.890181
834.595021
835.424911
835.839181
836.441088
836.689879
836.736860
836.756070
836.876698
837.412659
838.236201
838.271017
838.619996
839.652188
840.139162
840.406262
840.572150
841.107415
841.228943
841.343631
841.657672
842.214031
842.354156
842.387948
843.612242
843.699569
844.037284
844.128870
844.250604
844.276859
844.732744
845.276611
846.054687
846.122476
846.155039
846.642422
847.496765
847.591219
847.743508
848.204431
848.926925
849.736991
849.887109
850.239816
850.678702
850.807972
851.535380
851.719373
851.807232
851.856056
852.186235
852.321157
852.550574
852.769956
853.199053
853.807677
853.840773
853.855683
853.939978
854.006948
854.027018
854.332580
854.790554
855.023616
855.140516
855.554867
855.762534
856.111555
856.219853
856.268513
856.357274
856.395776
856.629862
856.805663
856.932966
857.082757
857.226035
857.713869
858.073457
858.468598
859.584963
860.088402
860.461302
860.863570
860.868649
860.915917
861.144842
861.948068
861.962117
861.995131
862.126449
862.282670
862.443602
862.585324
862.626161
862.697472
862.815150
862.826701
862.958592
863.179284
863.401124
864.337060
864.614072
864.681165
864.696771
865.364787
865.439293
865.553080
865.680220
865.830461
866.126848
866.225644
867.150152
867.191480
867.326525
867.399721
867.768279
867.768934
867.793633
867.994952
868.072940
868.092805
868.447683
868.745093
869.308826
869.428142
870.154486
870.246523
870.510674
870.658253
871.068590
871.091282
871.303619
871.458202
871.526769
872.257413
872.613151
872.669880
872.706048
872.722022
872.807752
872.932966
873.297388
873.348751
873.491907
873.502310
873.889423
873.992151
874.015212
874.081034
874.084311
874.443325
876.013486
876.138988
876.344975
877.306716
877.764157
877.942538
878.047560
878.659871
878.825308
879.552881
879.672689
879.839478
880.113787
880.149955
880.300360
882.131845
883.102474
884.093420
884.144087
884.211794
884.683858
884.956242
885.024686
885.108490
885.718876
885.879357
886.027305
886.147400
886.582395
886.907658
886.961480
887.022756
887.573545
887.676436
887.750083
888.211374
888.862515
888.871281
890.301604
890.774036
891.924357
891.926979
891.944059
891.969208
892.143862
892.158730
892.199772
892.244951
892.595446
892.785132
893.030646
893.217546
893.539901
893.759078
893.940122
894.606459
894.635663
894.651679
895.029699
895.488860
895.553413
895.607030
895.889490
895.922094
895.968215
896.432701
896.728678
896.896819
897.005281
897.326490
897.433846
898.425979
898.526863
898.574991
898.838528
898.883052
899.562332
900.299776
900.439368
900.494909
900.821238
901.322588
901.356954
901.418639
901.565071
901.865472
902.313943
902.610985
902.744596
903.047127
903.105126
903.699538
903.919411
904.801403
904.906301
905.226240
906.001981
906.013778
906.235904
906.422927
906.432061
906.439680
906.539500
906.802790
906.897859
907.239219
907.509187
907.837112
908.024996
908.614164
909.445284
909.474898
909.595648
909.789676
909.794509
909.815685
909.947822
909.970801
910.222623
910.366843
911.093514
913.448018
914.474844
915.613819
915.859456
916.100178
916.226212
916.246692
916.268319
916.273971
917.592064
917.913682
917.979996
918.306365
918.490726
918.855188
919.144530
919.411630
920.465818
920.904253
921.048228
921.070674
921.877709
921.955123
923.288289
923.479818
923.544084
924.778168
924.995707
925.183017
925.538099
925.576110
925.671178
925.889249
926.348001
926.909481
926.944584
927.012127
927.051203
928.662979
928.961290
929.353605
929.498563
931.155599
931.425485
931.912827
932.058685
932.294001
933.904835
934.073139
934.301082
934.307430
934.394061
934.700360
934.990438
936.108605
936.423096
936.961147
937.135923
937.160950
937.549578
938.089185
938.119496
938.339574
938.427023
938.671391
939.776778
940.898017
942.152049
943.896412
944.119849
944.181780
944.242606
944.401162
944.435692
944.754401
945.023181
945.092076
945.116979
945.122550
945.164861
945.174446
945.208279
945.353400
945.393295
945.433723
945.502208
945.580196
946.041979
946.071798
946.113823
946.296381
946.412093
946.576589
946.910249
946.987786
947.567411
947.719414
947.803996
947.943547
948.073923
948.506542
948.597309
948.601938
949.061181
949.327135
949.342700
950.370468
950.547948
951.129661
951.218135
951.632404
952.568259
952.928543
953.183764
953.194660
953.472082
953.620480
955.413955
955.642757
956.111462
956.215378
957.104947
957.416980
957.549650
957.871636
958.109368
958.400184
959.496561
960.028344
962.085519
962.309571
962.756649
962.805309
963.438633
963.452068
963.627172
963.777782
963.965256
964.359332
964.400660
965.560361
966.259671
966.262989
966.505308
966.820127
967.103693
967.215104
967.524925
968.866488
968.994980
969.687818
969.712763
969.943245
970.155131
971.187896
971.282309
971.292385
971.696210
971.787633
971.959091
972.133827
972.158935
972.257812
972.466749
972.469002
972.983542
973.154836
973.304996
973.380567
973.597901
973.664051
974.449623
974.606131
974.940406
974.993940
975.251046
975.368028
975.683748
975.879700
975.898583
975.905956
976.383549
976.909926
976.992707
977.538703
978.283151
978.542019
978.620006
978.936095
979.581747
979.941704
980.220477
980.476109
981.268111
981.303788
981.525217
981.591450
981.678612
982.032056
983.522877
983.612785
983.617413
984.185979
984.370995
984.396513
984.831795
984.865833
984.919163
984.931287
984.931901
985.150054
985.487155
985.601679
987.083858
987.398676
987.519713
988.045148
988.159918
988.321710
988.570542
989.177897
989.599621
990.279762
990.816543
990.855987
990.975304
991.822971
992.153149
993.685422
993.731052
994.224415
994.438144
994.880840
995.026657
995.685990
996.266148
996.481638
996.977623
997.158912
997.307638
997.418476
997.505434
998.294938
999.058924
999.354819
999.930184
999.941325
1000.058143
1000.356045
1000.556749
1002.483671
1002.838057
1003.049083
1003.134444
1003.204239
1003.338015
1004.284846
1005.361111
1006.608835
1006.644511
1006.944666
1007.881503
1007.905137
1008.720937
1009.061724
1009.328660
1009.336156
1009.840333
1010.758369
1010.858803
1010.964070
1011.606856
1011.674317
1011.691479
1012.199137
1012.888945
1012.933427
1013.073879
1013.094236
1013.171487
1013.278966
1013.841101
1013.877309
1014.230303
1014.957220
1015.683359
1015.902290
1016.104919
1016.493998
1017.227960
1018.142106
1018.280591
1018.480968
1018.841498
1018.937180
1019.108516
1020.050514
1020.241510
1020.255560
1020.332974
1021.402481
1021.847511
1021.878886
1021.886669
1021.942579
1021.963387
1022.134886
1022.161428
1022.179000
1022.736957
1023.223071
1023.567995
1024.062874
1024.126566
1025.463828
1026.487091
1026.552791
1026.719334
1026.835988
1027.196273
1027.555942
1027.856425
1028.715028
1028.774093
1028.916879
1028.948787
1029.249884
1029.908603
1030.295634
1030.382633
1030.463406
1030.509732
1030.770237
1031.144735
1031.426458
1031.536927
1031.647478
1032.179302
1032.404419
1032.510095
1032.572314
1032.904622
1032.989778
1033.537536
1033.603727
1033.763717
1033.960980
1034.044170
1034.126254
1034.416374
1034.423706
1034.553958
1035.096596
1035.269857
1035.285791
1035.630838
1035.642634
1036.017623
1036.117811
1036.208046
1036.938445
1036.980879
1037.104865
1038.734705
1038.854021
1039.403336
1039.522447
1039.571067
1039.652741
1040.195256
1040.260383
1040.355779
1040.988692
1041.206436
1041.352499
1041.665475
1041.718600
1041.784054
1042.001224
1042.247721
1042.491433
1042.872771
1043.180216
1043.535299
1043.722281
1043.891610
1044.462838
1044.491633
1045.066793
1045.334958
1045.539676
1045.584937
1045.624300
1046.754755
1047.056384
1047.542497
1047.558103
1048.148705
1048.527421
1048.958935
1049.294643
1049.376113
1049.617039
1050.350756
1050.382008
1050.443571
1050.567844
1051.153121
1051.233485
1051.502551
1051.592499
1051.602125
1051.955569
1052.007055
1052.021596
1052.045394
1052.302459
1052.760515
1052.867092
1052.971540
1052.976497
1053.006848
1053.212426
1053.395886
1054.127432
1054.231183
1054.811750
1055.144714
1055.362785
1055.396495
1055.531868
1055.720817
1055.955886
1056.060498
1056.107028
1056.182927
1056.526500
1056.738918
1056.746865
1056.959119
1057.649009
1057.716634
1057.758822
1057.905254
1058.091090
1058.416968
1058.445885
1058.455101
1058.526700
1058.834637
1059.553321
1059.893535
1060.286136
1060.391608
1060.521452
1060.593132
1061.021327
1061.181235
1061.213184
1061.405983
1061.515715
1061.555077
1062.877389
1063.394959
1065.217065
1065.795830
1065.984410
1066.203505
1066.345841
1066.692854
1066.828063
1067.274322
1067.542487
1067.880653
1069.087744
1069.125100
1069.357343
1069.532324
1069.933773
1070.301798
1070.378271
1070.738432
1071.604204
1071.659786
1071.672893
1072.364585
1072.792494
1073.096212
1073.551811
1073.710817
1073.891082
1073.926144
1073.950474
1074.619802
1075.203973
1075.387310
1075.592561
1075.697869
1075.809157
1075.825336
1075.843850
1076.157358
1076.382433
1076.618691
1076.963615
1077.381898
1077.498921
1077.588419
1077.975818
1078.153953
1078.447841
1078.486753
1078.750863
1079.284900
1079.395901
1079.424410
1079.686472
1080.121180
1080.361247
1080.572723
1080.647516
1080.731689
1080.774656
1081.216041
1082.036552
1082.250404
1082.536428
1082.559857
1082.995384
1083.813765
1084.031795
1084.346204
1084.900803
1085.130097
1085.209354
1085.280829
1085.668844
1086.176707
1086.257111
1086.271939
1086.342349
1086.356234
1086.879949
1087.321498
1087.706276
1087.750922
1088.041165
1088.273613
1088.573522
1088.766853
1089.073684
1090.027848
1090.487296
1090.942648
1091.038945
1091.334267
1091.367649
1091.467141
1091.753370
1091.785441
1091.895501
1091.964314
1092.053934
1094.689341
1095.220634
1095.443907
1096.385331
1097.186714
1097.531597
1097.721856
1098.156360
1098.509558
1098.557809
1098.576814
1098.805494
1098.991329
1099.903549
1100.224963
1100.280832
1100.360745
1100.605972
1102.024049
1102.108713
1102.415831
1102.564434
1102.787707
1103.659868
1104.021299
1104.377856
1104.469647
1104.976855
1105.564426
1105.734328
1106.158510
1106.409595
1106.644746
1107.170017
1107.855319
1107.871171
1108.170138
1108.750705
1108.805059
1108.937564
1108.979958
1109.063311
1109.849498
1109.866455
1109.956690
1110.231040
1110.238372
1110.395863
1110.800384
1111.044628
1111.421747
1112.009728
1112.200438
1112.380703
1112.874885
1112.987689
1113.094881
1113.392538
1113.441116
1113.521725
1113.682944
1116.161065
1116.186132
1116.306801
1116.444262
1117.173842
1117.223772
1118.232125
1118.395433
1118.433485
1118.863974
1119.733842
1119.907226
1120.286188
1120.445071
1120.583188
1121.044193
1121.076961
1121.109238
1121.353359
1121.760092
1121.834967
1122.134630
1122.693407
1123.359171
1123.506381
1123.791299
1124.118446
1124.163297
1124.432978
1125.227643
1125.952102
1126.199214
1126.804726
1126.945546
1128.117125
1128.372429
1128.651776
1128.872141
1129.061499
1129.376154
1130.309427
1131.274404
1131.477565
1131.522785
1132.123709
1132.703785
1132.835471
1132.946145
1133.751173
1133.807944
1133.949010
1134.303519
1134.393180
1134.744412
1134.987960
1135.142502
1135.648154
1136.169370
1136.707379
1136.927007
1136.957112
1137.038705
1137.556357
1138.093629
1138.129551
1138.590024
1138.672189
1138.683781
1139.995197
1140.492943
1140.764221
1141.212160
1141.446697
1142.509855
1142.921871
1143.315210
1143.566008
1143.857644
1144.038113
1144.251802
1144.349409
1144.501453
1144.896594
1145.174221
1145.460941
1145.495757
1145.969787
1146.016727
1146.074317
1146.397655
1146.454508
1146.682819
1146.824745
1147.046175
1147.412603
1147.737580
1148.000707
1148.074148
1148.443689
1148.842148
1149.079839
1149.771653
1150.357668
1150.821704
1151.932703
1153.069302
1153.105838
1154.046853
1154.718392
1155.269919
1155.434701
1156.607386
1156.713759
1158.572073
1158.664970
1158.710723
1158.784778
1158.960579
1159.028982
1159.069696
1159.194542
1159.512883
1159.774536
1159.814144
1159.860470
1160.222310
1160.256594
1160.284652
1160.479785
1161.000632
1161.269330
1161.501123
1161.906463
1161.971589
1161.999729
1162.066207
1162.182124
1162.475807
1163.662172
1164.091228
1164.266373
1165.213491
1165.706691
1165.926932
1166.220042
1166.268826
1166.939832
1168.042394
1168.174326
1168.466821
1168.561070
1168.774922
1168.817234
1168.967434
1169.530552
1169.923973
1170.612797
1170.838077
1171.601121
1171.921183
1172.262994
1172.326482
1172.443218
1172.607427
1172.703355
1173.176238
1173.358510
1174.549709
1174.563144
1174.569370
1175.688643
1175.836180
1175.946568
1176.200110
1176.642028
1177.999073
1178.389299
1178.655744
1179.075174
1179.109663
1179.125924
1179.307622
1180.791194
1180.794962
1180.828713
1180.849398
1180.886917
1180.946022
1181.017416
1181.304013
1181.519667
1181.806961
1182.045716
1182.072996
1182.829486
1183.767757
1184.972718
1185.835213
1186.887885
1187.903693
1188.150477
1188.180828
1188.252959
1188.728586
1189.015962
1189.785559
1189.844746
1190.111724
1190.376038
1190.404301
1190.826025
1190.899098
1190.931579
1191.155098
1191.325860
1191.544750
1192.173076
1192.446280
1192.550318
1193.073459
1193.127813
1193.221939
1193.371116
1193.533276
1194.029711
1194.232668
1194.506527
1194.981499
1195.065180
1195.423416
1195.598971
1197.407805
1197.456712
1197.507256
1197.558948
1197.680108
1197.996196
1198.325842
1199.627633
1199.732204
1200.321905
1200.596951
1200.833905
1201.004913
1201.022198
1201.230479
1201.236009
1201.309819
1201.511916
1201.735107
1201.894277
1201.949450
1202.070979
1202.225603
1202.441585
1202.634834
1202.855649
1203.475907
1203.496182
1204.482785
1204.529029
1204.746568
1204.831805
1206.261187
1206.322995
1206.555197
1206.587638
1206.590833
1206.875668
1207.293870
1210.203628
1210.442834
1211.117486
1211.598152
1211.882496
1212.147876
1212.332605
1212.913992
1215.250473
1215.684198
1215.862579
1216.131523
1216.880108
1217.273446
1217.560125
1217.738465
1218.892104
1219.367936
1220.044186
1220.196966
1220.222157
1220.233380
1220.495032
1220.799078
1220.823695
1221.385912
1221.564375
1221.618401
1221.711831
1221.762580
1221.769994
1221.947146
1222.044877
1222.557778
1223.937679
1223.954637
1224.052122
1224.055644
1226.737992
1226.932224
1226.957660
1226.976010
1227.299267
1228.244173
1228.312453
1228.366438
1228.463350
1228.627804
1229.050921
1229.341737
1229.958390
1229.992755
1230.740849
1230.933688
1230.983578
1231.374868
1231.405752
1231.471043
1231.495414
1231.894815
1232.104530
1232.248504
1232.303227
1232.461783
1233.965548
1234.613985
1234.638070
1235.261604
1235.906888
1236.009370
1236.087521
1236.515226
1237.052826
1237.562655
1237.626593
1237.739643
1238.082806
1238.300549
1238.440346
1238.524396
1238.886769
1239.005962
1239.281828
1239.922319
1240.060805
1240.612168
1240.898437
1240.902697
1240.962294
1241.032090
1241.263473
1241.305457
1241.412076
1241.530941
1241.570345
1241.610404
1242.158449
1242.281370
1243.563868
1243.845263
1244.015043
1244.248023
1244.636856
1244.831293
1244.871434
1244.988457
1245.187441
1245.721354
1246.110147
1246.375158
1246.609572
1246.692557
1247.064269
1247.141724
1247.263293
1247.437701
1247.579054
1248.115835
1248.393503
1248.480502
1249.063608
1249.309819
1249.561027
1249.818747
1249.877606
1250.110505
1250.173051
1250.331156
1250.872607
1251.788636
1253.145477
1255.421420
1256.422236
1257.156936
1257.336095
1257.358418
1257.410601
1257.657917
1257.890324
1258.107576
1259.163853
1259.231027
1259.244749
1259.251999
1259.282309
1259.528110
1259.786691
1260.234875
1260.306432
1260.388434
1260.491162
1260.574188
1260.701082
1260.835758
1260.850258
1261.508321
1261.624033
1261.709271
1262.124442
1263.132058
1263.166833
1263.181660
1263.504712
1264.116081
1264.218808
1265.258168
1265.288643
1265.676001
1265.794089
1266.995405
1267.726950
1267.966689
1268.539924
1269.205565
1269.430190
1269.433795
1270.123438
1270.138839
1270.528328
1271.190610
1271.651779
1272.039956
1272.536719
1272.786493
1273.242337
1273.285468
1273.782927
1274.483671
1274.504438
1274.818765
1274.915676
1275.229389
1275.578491
1276.303688
1276.322570
1276.888515
1276.977480
1277.100237
1277.524050
1279.762801
1280.185303
1280.210330
1280.451133
1280.564675
1281.028997
1281.466450
1282.307359
1282.499011
1284.239524
1284.414874
1284.602593
1284.618854
1285.228585
1285.521490
1286.387999
1287.774372
1288.206664
1288.320614
1288.615936
1289.438044
1289.882829
1290.463314
1290.696335
1291.148452
1291.868938
1292.636160
1293.440369
1293.571441
1295.064842
1296.083190
1296.644669
1296.675553
1296.756572
1297.291346
1297.610834
1297.660477
1297.865728
1298.605793
1298.896937
1299.114721
1299.219620
1299.488604
1299.914998
1300.500439
1300.523868
1300.635812
1300.731945
1301.459517
1301.869773
1302.263931
1302.504940
1303.881646
1304.080015
1305.410396
1305.714975
1306.299187
1306.363781
1307.026801
1307.051909
1307.571118
1307.576607
1307.620024
1307.635917
1307.654349
1307.813478
1308.567388
1309.253673
1310.036009
1310.182482
1310.387323
1310.703247
1310.831452
1311.080489
1311.123497
1311.356477
1312.131523
1312.166666
1312.830218
1313.285775
1314.260828
1315.421676
1315.548979
1317.533860
1317.782610
1317.795594
1318.105825
1318.160794
1318.512722
1319.444275
1319.453041
1319.794319
1320.006492
1320.023654
1320.049992
1320.110449
1320.195564
1320.276623
1320.441364
1320.858378
1320.893809
1321.367020
1321.833226
1322.017710
1322.245079
1322.814218
1322.834371
1323.403469
1323.685888
1323.745567
1325.355090
1325.819740
1326.156841
1326.198661
1326.580859
1326.644634
1326.649262
1326.802616
1327.047762
1327.137464
1327.391416
1327.590892
1327.853322
1328.005284
1328.212214
1328.639754
1328.846356
1328.932700
1329.095680
1329.542840
1329.887437
1329.991516
1330.235474
1330.309530
1330.560532
1330.612511
1331.134259
1331.170591
1331.886367
1332.005560
1332.268524
1333.575844
1334.692905
1336.472044
1336.595210
1337.268675
1337.648538
1340.964782
1341.545226
1341.986447
1342.027039
1342.038303
1342.165934
1342.179860
1342.438810
1342.754611
1343.248425
1343.682150
1343.876669
1344.088269
1344.172892
1344.249446
1345.813832
1346.043740
1346.137498
1346.824724
1346.854461
1346.864906
1347.162604
1348.671447
1348.680458
1349.390090
1349.840773
1350.526771
1350.602506
1350.825411
1351.465861
1352.104755
1352.233902
1352.891720
1353.872466
1354.200719
1354.325606
1354.339942
1354.553549
1354.842399
1355.362796
1355.692483
1356.220375
1357.121618
1357.983621
1358.407639
1358.820762
1358.938440
1359.384044
1359.468134
1360.284221
1360.789504
1360.891781
1361.933804
1362.146632
1362.344387
1362.597724
1362.656010
1364.012155
1364.462264
1364.562166
1364.791501
1364.806124
1365.171077
1365.370143
1365.472215
1365.537464
1366.140805
1366.237389
1366.977823
1367.062241
1367.860265
1369.543516
1369.573745
1370.253189
1370.588242
1370.606633
1370.690273
1370.839613
1370.968351
1371.207598
1371.696374
1371.707023
1371.733279
1372.428739
1372.551578
1372.594217
1373.007299
1373.060178
1373.141443
1374.503322
1374.832189
1375.204147
1375.463465
1376.472228
1376.531825
1377.036575
1377.706230
1377.950106
1378.125988
1378.300887
1379.428393
1380.574290
1381.972296
1382.121554
1382.832701
1383.094272
1383.803003
1384.586035
1385.733816
1386.058056
1386.259866
1386.624328
1387.392778
1387.766415
1387.889746
1388.230574
1388.543386
1389.430538
1389.908582
1390.259937
1390.342021
1390.559273
1392.332063
1392.583270
1393.449492
1393.523507
1393.976566
1395.308913
1395.501302
1395.551846
1395.868836
1395.931996
1396.440146
1397.088461
1399.730872
1399.858340
1400.500838
1400.667709
1400.968028
1401.422111
1401.578414
1403.489157
1403.616829
1404.279972
1404.871352
1404.937544
1405.230899
1405.478871
1405.491937
1405.732372
1405.982433
1406.080778
1406.561485
1406.630789
1406.644142
1406.780293
1406.789714
1406.998774
1407.140618
1408.005980
1408.781107
1408.924631
1408.982835
1409.185137
1409.534034
1410.507817
1410.857533
1411.938591
1412.052255
1413.176648
1413.571215
1414.533816
1414.603612
1414.785966
1414.811566
1414.926705
1416.049910
1416.382259
1416.679342
1416.802877
1417.213993
1417.763635
1418.142843
1418.356572
1419.040195
1419.108393
1419.251261
1419.545190
1420.049449
1420.721357
1421.327852
1421.768909
1421.794427
1421.879091
1422.209966
1422.501683
1422.750679
1423.066030
1423.562220
1423.814656
1423.834563
1424.231588
1424.387031
1424.575242
1424.606290
1424.821494
1424.890511
1424.915866
1424.998646
1425.409843
1426.203320
1426.215854
1426.331607
1426.476196
1426.609029
1426.802524
1426.990940
1427.217449
1427.433431
1427.549061
1427.914957
1428.152525
1428.425564
1428.678246
1428.834959
1429.552620
1429.587640
1429.901476
1430.131548
1430.825370
1430.889759
1430.912369
1431.095788
1431.193682
1431.441449
1431.676273
1431.758602
1431.795876
1431.979991
1432.086241
1432.235663
1432.281620
1432.372306
1432.749711
1433.219686
1433.235251
1434.740081
1435.579351
1435.680195
1436.748554
1436.880937
1437.122068
1438.808228
1440.855532
1441.411154
1441.467269
1442.192548
1442.410209
1442.850447
1442.938798
1443.374244
1443.521004
1443.609887
1444.052500
1444.842701
1445.254144
1445.536236
1446.034842
1446.213919
1446.372966
1446.422405
1446.641091
1446.959923
1446.998712
1447.045939
1447.932928
1448.461271
1449.480274
1450.165821
1450.436280
1451.135345
1451.640996
1451.954012
1452.048589
1452.072837
1452.136940
1452.263588
1452.270182
1453.233807
1453.285294
1453.466092
1453.849190
1454.623212
1455.502828
1457.877975
1458.919424
1459.203154
1459.216835
1459.308503
1459.968942
1460.648591
1460.694876
1460.740383
1460.754637
1461.021942
1461.026284
1461.106237
1461.739110
1461.999124
1462.026363
1462.104883
1462.348186
1463.354368
1464.605327
1465.117491
1465.534054
1465.559286
1465.603072
1465.699983
1466.278380
1466.404905
1466.450739
1466.565345
1466.845102
1466.912154
1467.236475
1467.247247
1467.288986
1467.744707
1468.483461
1469.322240
1469.726310
1469.879091
1470.806712
1471.068938
1471.697347
1471.736095
1471.745761
1471.776236
1471.935898
1472.472596
1473.519206
1473.548042
1474.252145
1474.290811
1474.949612
1475.071549
1475.717284
1476.274463
1476.325663
1476.570563
1476.810834
1476.889190
1477.137080
1477.236531
1477.535130
1478.480568
1478.486016
1478.728090
1479.643218
1479.731446
1479.866819
1479.877386
1481.030574
1481.073050
1481.213051
1481.279242
1481.289114
1481.359852
1481.759457
1481.888440
1481.968517
1482.755318
1483.170734
1483.482890
1483.556250
1483.590615
1483.628421
1483.750851
1483.830272
1483.963064
1485.025894
1485.219471
1485.237576
1486.074511
1486.805238
1486.829896
1487.043011
1488.006758
1488.294461
1489.066189
1489.302610
1489.579663
1489.997988
1490.106778
1490.406359
1490.589450
1490.776228
1491.423601
1491.639255
1491.680502
1491.775857
1491.890627
1492.214292
1492.535706
1492.913234
1493.309563
1493.390623
1493.849989
1494.023414
1494.224118
1494.816481
1496.151736
1496.547410
1496.712765
1497.670083
1497.734922
1498.831462
1500.863816
1501.112525
1501.207757
1501.259817
1501.280092
1502.965146
1503.424102
1503.589417
1503.670395
1503.735849
1505.029530
1505.094861
1505.522606
1505.618780
1505.647985
1506.004500
1506.878833
1507.783967
1508.577935
1509.054587
1509.527183
1509.643387
1510.401475
1511.264952
1511.337861
1512.147067
1512.679424
1513.284526
1513.362883
1513.469665
1513.621750
1513.648579
1513.761096
1513.767076
1513.790751
1513.795420
1514.536182
1516.362916
1516.606915
1517.042278
1517.085000
1517.336699
1517.424722
1518.750392
1520.411197
1520.964444
1522.051482
1522.065449
1522.076385
1522.244649
1522.451825
1522.535916
1524.018545
1524.040008
1524.083057
1524.125737
1524.428800
1524.460831
1524.707082
1524.753572
1527.148257
1529.382871
1530.920018
1531.921203
1533.418291
1533.454664
1533.585285
1534.239744
1536.397107
1536.610386
1536.683540
1536.686694
1538.969149
1539.113329
1539.909222
1540.753613
1540.817797
1540.919378
1542.305014
1542.712279
1542.831677
1543.545733
1543.849165
1544.062689
1544.244265
1544.616428
1544.815206
1545.383158
1545.431081
1545.501409
1546.484900
1547.163976
1548.845507
1548.890235
1548.993372
1549.005128
1550.442701
1551.324365
1552.271114
1552.571474
1553.208934
1554.039890
1554.768732
1555.099197
1555.300762
1556.313375
1556.702208
1556.766925
1557.240177
1557.726372
1557.862359
1558.001869
1558.109389
1558.116270
1558.346220
1558.419046
1558.431130
1558.668575
1558.685737
1558.746522
1558.860677
1558.925230
1560.121139
1560.131461
1560.461967
1560.615567
1562.048430
1562.059284
1563.076813
1563.873157
1564.306350
1564.838789
1565.155328
1565.219512
1566.612931
1566.799749
1568.063734
1568.475914
1568.528630
1568.682312
1569.570734
1569.655644
1569.769718
1570.261115
1571.427697
1571.720479
1571.831685
1571.990610
1572.670669
1573.032182
1575.017636
1576.411873
1578.531676
1580.204564
1580.547645
1581.060137
1581.276856
1582.354473
1582.674207
1585.327596
1587.376087
1587.454403
1587.948339
1588.930519
1589.342290
1589.607711
1590.535496
1591.271219
1592.093327
1592.872755
1593.613926
1594.011361
1594.415596
1594.974249
1595.129610
1595.168973
1595.562435
1597.241590
1597.717340
1598.159299
1598.790943
1598.880072
1600.666706
1601.910784
1601.989263
1603.576013
1604.274340
1604.375060
1605.405041
1605.441782
1605.628600
1605.745050
1606.233129
1606.970450
1606.980649
1607.071580
1607.466230
1608.214897
1608.616550
1608.890491
1609.228001
1609.471386
1610.265108
1611.232256
1611.650171
1611.759124
1611.848212
1612.214927
1612.476088
1612.567060
1612.863529
1612.896666
1613.280297
1613.990748
1614.347837
1614.968586
1615.218401
1616.481608
1616.858112
1616.982794
1618.229166
1618.520187
1618.951291
1619.286139
1619.641876
1621.219287
1621.279252
1621.609882
1622.446080
1622.700892
1623.450788
1623.787889
1624.336056
1625.005138
1626.192814
1627.224351
1627.302380
1627.888804
1628.787384
1628.843704
1629.455114
1629.458964
1629.918413
1629.978173
1630.419763
1631.647252
1632.394936
1633.130004
1633.775780
1633.892516
1633.943429
1633.953014
1634.018959
1634.031206
1634.103460
1634.118451
1634.260296
1634.742477
1634.775900
1634.873795
1635.830907
1635.901071
1636.098949
1636.752097
1637.231247
1637.440799
1637.543608
1637.608366
1638.254551
1638.712074
1638.782976
1638.997524
1639.087882
1639.170253
1639.305748
1639.535493
1639.800463
1639.902085
1640.209285
1640.314511
1640.346706
1640.576123
1640.857354
1641.293906
1641.668731
1641.836790
1643.049656
1643.088527
1643.103887
1644.109414
1644.392653
1644.435046
1644.452946
1646.163067
1648.244163
1648.720445
1649.329152
1649.433149
1649.841439
1649.933271
1650.204672
1651.189514
1651.357368
1653.730714
1653.749268
1654.323937
1654.788424
1654.859448
1658.691953
1659.790090
1659.868570
1660.181258
1661.295247
1661.898998
1662.000742
1662.077542
1662.414643
1663.140659
1663.371469
1664.200581
1664.736420
1664.810885
1664.879002
1665.323459
1665.620214
1666.387558
1666.637906
1666.966692
1667.386532
1667.426836
1668.217283
1668.318085
1668.561265
1668.911309
1670.497198
1671.556588
1672.726323
1673.376686
1673.599263
1675.236229
1675.338260
1675.686953
1676.296356
1676.485386
1678.204355
1678.311875
1678.616535
1678.689403
1678.729871
1679.532032
1680.021504
1680.601129
1680.963748
1682.199183
1682.591416
1683.722936
1684.589199
1684.823122
1686.356419
1687.214858
1687.814840
1688.109138
1688.605614
1688.975483
1689.896960
1690.200596
1690.351698
1691.018936
1692.444713
1693.236756
1693.594255
1693.733847
1694.196490
1694.830920
1695.473132
1695.482798
1695.854305
1696.506266
1697.716511
1698.449695
1698.496840
1698.794824
1698.893865
1699.122340
1699.310551
1700.547994
1700.984586
1701.011415
1701.255291
1701.259633
1701.703762
1702.503260
1702.570680
1702.725755
1703.417364
1703.505633
1703.916380
1703.940588
1704.252252
1704.347566
1704.437678
1705.074074
1705.743032
1706.253967
1706.389094
1706.395566
1706.577183
1706.820854
1707.174093
1707.217265
1707.831992
1708.680561
1708.740157
1708.944056
1709.664707
1710.138163
1710.270996
1710.348124
1710.792950
1710.893916
1711.228232
1711.930696
1712.241705
1712.530268
1713.383956
1713.890918
1714.530058
1715.338445
1715.584041
1715.861873
1717.110456
1717.180908
1718.179021
1719.101481
1719.573914
1720.043479
1720.094884
1720.444355
1721.671025
1721.774817
1722.799473
1724.517622
1724.636160
1726.886748
1727.473869
1728.453714
1728.774431
1729.590968
1730.123162
1730.223514
1731.309036
1731.639378
1734.052372
1734.427566
1734.707978
1734.730301
1735.303496
1735.754998
1735.829135
1735.920517
1735.994040
1736.102543
1736.528855
1736.868700
1736.964547
1737.313280
1738.223493
1739.695309
1739.786117
1740.002632
1740.727542
1741.741670
1742.284759
1743.266038
1744.025805
1744.335995
1745.298186
1745.819116
1746.776392
1747.168707
1747.509699
1747.665961
1748.017275
1748.319437
1749.059625
1750.432932
1750.995845
1751.033733
1751.076454
1752.105533
1752.346255
1752.905032
1753.950085
1754.178970
1754.582303
1754.894131
1755.534582
1794.888663
1798.898524
1799.008870
1799.459471
1799.961600
1800.042906
1800.119624
1800.465285
1800.721695
1801.175654
1801.607864
1803.561411
1804.829983
1805.849641
1806.591099
1807.492260
1807.576187
1808.655319
1809.857413
1813.192458
1814.033695
1814.263153
1814.480200
1814.518333
1815.305585
1816.568218
1817.533972
1817.824174
1819.844895
1822.837801
1823.680348
1824.031457
1825.024246
1825.178952
1825.625784
1825.666335
1825.685299
1826.374820
1826.552340
1826.559713
1827.357696
1827.895173
1828.150026
1829.106811
1829.527429
1830.195937
1830.248899
1830.354452
1831.581123
1831.854817
1832.115610
1832.953815
1833.597706
1833.730253
1833.769902
1834.866852
1835.660288
1835.785667
1835.993620
1836.641731
1836.704645
1837.445939
1837.698949
1837.775299
1838.608998
1839.251251
1839.926190
1840.186327
1840.867328
1842.400625
1842.435400
1842.439168
1842.444657
1842.495652
1842.552095
1842.573435
1842.615419
1843.220521
1843.578429
1844.076093
1844.219453
1844.254392
1844.742881
1844.813660
1844.948214
1845.606154
1845.789000
1847.603200
1847.843348
1848.132321
1848.880456
1849.100780
1849.194045
1849.998213
1850.746429
1850.804675
1851.198505
1852.443402
1852.475228
1852.530115
1853.492470
1853.685965
1855.011553
1855.048212
1855.098839
1855.385969
1856.094290
1856.267674
1857.233797
1857.720279
1857.798717
1857.927045
1858.217943
1858.666988
1858.760704
1858.781471
1858.785321
1858.930483
1859.564995
1859.709624
1859.785482
1861.263811
1861.767291
1863.486874
1863.497073
1864.213668
1864.258683
1864.301445
1865.897984
1867.078164
1867.408957
1869.623050
1869.773292
1870.491894
1871.422054
1871.955681
1872.060744
1872.380846
1875.129754
1875.187343
1876.123607
1876.339507
1878.328361
1879.127818
1879.500759
1880.391311
1881.917399
1881.944392
1882.510336
1883.664835
1885.120881
1886.256701
1886.965432
1886.999552
1888.417587
1888.564429
1888.782909
1888.850985
1891.041976
1891.697582
1892.008182
1892.283269
1892.672881
1893.011251
1893.629420
1894.154281
1894.312468
1894.782853
1895.610737
1896.116060
1897.232138
1897.863291
1897.927188
1898.180813
1898.770473
1899.548221
1902.819574
1904.039076
1904.115139
1905.227366
1905.727160
1907.692339
1909.028209
1909.122703
1911.376159
1911.417364
1911.527629
1911.621796
1912.157594
1912.222474
1912.547901
1913.525699
1915.609129
1916.344525
1916.751544
1917.334118
1917.425869
1917.908091
1918.210826
1918.550344
1918.684160
1918.997627
1919.651226
1919.825347
1919.892972
1919.896699
1920.048005
1920.124518
1920.851231
1920.918487
1921.387274
1924.010189
1924.270572
1924.660552
1924.987699
1925.289574
1925.512724
1925.525832
1925.562368
1925.590876
1926.481592
1927.964017
1928.074199
1928.296243
1928.685240
1928.757125
1929.532785
1929.791406
1930.552361
1930.659635
1931.154145
1931.461673
1931.523727
1932.469166
1932.865823
1933.305487
1934.243021
1934.366515
1934.895432
1936.316621
1938.592481
1939.342336
1939.546317
1939.797033
1940.133478
1940.539064
1940.785807
1941.164769
1941.319434
1942.215639
1942.241526
1942.309601
1942.360392
1942.600172
1942.722929
1942.908600
1943.396352
1943.835607
1944.642355
1945.744712
1945.766789
1945.998008
1946.158653
1947.615969
1947.796931
1947.957658
1950.072504
1950.205256
1950.435492
1950.485668
1950.907105
1951.431393
1951.986360
1952.257925
1952.938639
1953.187635
1953.499218
1953.700250
1953.944699
1954.676900
1955.625779
1956.179722
1956.331438
1957.058478
1957.553070
1957.789286
1958.073180
1958.088090
1958.159155
1958.650757
1958.675948
1958.916178
1959.056916
1960.047862
1961.149358
1961.291448
1961.836544
1962.549658
1963.368817
1963.546173
1963.947745
1964.497347
1965.015532
1965.380690
1966.634394
1966.888837
1967.210537
1967.887729
1968.340132
1968.349962
1968.416113
1968.738140
1968.853647
1969.071800
1969.371423
1970.060452
1970.302116
1970.364416
1970.894111
1970.918932
1971.355935
1971.538289
1971.582157
1971.597967
1971.677798
1972.114924
1972.769137
1972.986143
1973.039309
1973.767332
1973.874647
1974.008955
1974.382674
1974.888161
1976.085381
1976.596029
1977.331835
1977.512714
1977.597338
1978.904863
1980.541174
1980.919357
1981.155000
1982.381384
1982.565908
1982.651884
1982.746378
1983.053455
1983.085609
1983.380111
1983.958835
1984.178340
1984.697344
1984.783278
1984.798802
1984.848241
1984.897147
1984.986399
1985.625743
1985.731789
1985.830871
1986.088673
1987.066962
1987.961651
1988.352164
1988.489380
1988.542833
1988.667433
1988.692337
1989.299978
1989.332214
1989.459067
1990.127084
1990.159155
1990.525133
1991.192863
1991.383613
1993.652060
1995.370988
1997.506970
1997.911900
1998.722949
2000.222208
2001.087857
2005.503099
2005.920154
2006.878577
2007.539384
2010.838630
2013.367706
2013.779067
2015.260344
2018.987540
2019.349135
2020.042875
2020.738662
2021.552824
2021.703025
2024.349778
2026.365460
2026.717962
2026.775511
2029.421978
2029.535928
2031.001682
2031.086387
2031.162573
2031.193866
2031.293358
2031.327396
2032.431473
2032.944660
2033.546527
2033.611571
2033.640079
2033.736294
2034.120909
2034.513715
2034.556887
2035.196232
2036.354621
2036.789248
2036.985078
2037.238579
2037.441823
2038.292111
2038.640476
2038.682870
2038.690857
2039.071703
2040.840847
2041.418260
2042.608968
2043.283948
2044.241592
2044.248269
2044.280504
2046.685798
2046.902764
2047.154340
2048.940360
2051.997532
2053.590426
2053.718344
2054.357893
2054.928097
2055.364076
2056.769372
2057.032991
2057.062728
2057.089065
2057.278300
2057.354813
2057.423217
2058.293207
2058.309509
2058.643333
2059.601920
2060.297708
2060.588933
2061.284966
2061.957038
2062.311383
2063.312282
2063.810519
2065.358152
2065.734902
2066.573312
2066.926019
2067.934986
2068.046479
2068.368753
2068.685332
2070.152274
2071.200563
2071.802962
2072.153334
2072.854856
2073.119621
2073.440666
2074.168607
2076.562022
2076.898632
2076.914401
2077.475144
2077.507256
2079.164989
2079.523062
2081.923850
2082.025554
2082.488566
2083.418071
2083.555983
2083.639951
2084.246405
2086.079816
2086.520300
2086.989210
2087.387546
2088.005222
2088.212890
2089.408184
2089.896837
2090.651075
2090.745283
2090.974740
2091.247821
2091.675976
2091.755151
2091.801108
2091.873116
2092.085084
2092.099256
2092.132024
2092.537897
2092.605440
2092.616008
2092.799959
2092.964577
2093.689528
2094.150861
2095.108014
2095.134310
2095.217091
2095.309824
2095.395840
2095.513641
2096.176169
2096.662446
2096.749117
2097.258619
2097.269555
2097.308262
2098.680259
2098.895176
2100.053443
2100.082975
2100.869079
2100.873789
2101.607547
2102.522962
2103.229071
2104.699044
2109.506109
2109.926605
2110.067261
2113.258537
2114.671739
2115.016294
2115.276390
2116.063928
2116.323451
2116.416635
2116.733952
2116.889272
2116.963574
2117.961236
2118.718382
2118.724649
2119.080919
2119.626220
2120.039178
2120.372838
2120.751555
2122.739548
2122.768957
2123.012956
2123.077796
2123.230413
2123.709563
2123.750892
2124.461466
2124.728934
2125.411000
2125.797376
2126.014259
2126.416732
2126.657741
2126.712914
2126.771773
2127.263580
2127.711601
2128.476774
2128.568648
2128.799498
2128.861389
2128.873513
2129.192141
2129.929544
2130.168095
2130.580808
2130.607555
2130.709463
2131.079455
2131.526574
2131.611443
2131.977462
2132.153917
2132.565770
2132.755251
2132.763443
2133.057536
2133.069865
2133.326397
2133.547622
2133.881569
2133.946696
2134.708675
2135.281992
2137.449308
2137.706414
2138.375700
2139.193385
2140.941558
2141.687316
2141.991649
2142.250762
2142.431027
2142.877491
2143.141806
2144.779018
2145.245716
2145.858355
2146.136474
2146.175590
2147.707208
2147.809690
2147.967631
2147.978568
2148.008182
2148.280893
2149.218058
2149.934162
2152.257823
2152.954143
2153.844408
2154.686464
2155.446968
2157.060178
2157.444997
2157.945119
2158.328955
2158.386954
2160.245965
2160.452772
2160.902144
2160.915087
2160.980705
2161.303962
2161.762509
2162.357289
2162.787082
2163.948339
2164.068270
2165.671731
2165.704704
2166.119301
2166.992159
2168.710144
2168.972493
2169.082511
2169.688064
2169.739305
2169.786286
2169.821102
2170.742333
2170.826752
2170.856980
2171.451269
2172.287427
2174.395924
2176.452321
2178.649006
2178.870723
2178.878956
2179.037102
2180.398490
2180.999455
2181.555282
2182.778552
2183.189299
2183.400980
2183.523000
2184.389878
2184.448123
2184.539914
2185.162916
2186.025656
2186.341458
2187.094794
2187.592786
2187.667456
2188.073820
2189.133578
2189.197394
2190.563697
2190.879334
2191.244616
2191.414968
2191.417754
2192.277463
2192.731546
2193.199718
2193.291756
2194.894643
2195.380716
2196.613366
2196.715028
2196.771553
2197.270774
2197.805875
2198.187377
2198.584812
2199.171236
2199.457464
2199.645430
2199.711293
2199.734477
2199.737344
2199.746150
2199.758070
2199.759053
2199.770030
2199.803044
2200.257495
2201.625108
2203.375862
2203.386020
2204.118057
2204.341166
2204.369633
2204.414198
2204.875080
2205.432996
2205.656474
2205.671588
2205.765591
2206.872863
2206.998528
2208.376750
2209.011507
2209.160724
2209.347215
2209.808097
2209.849795
2210.129920
2210.133934
2210.976686
2210.996101
2211.340984
2211.460792
2211.860808
2212.247839
2212.357734
2212.540416
2213.311283
2213.436662
2213.962424
2215.013540
2215.198065
2215.830364
2215.895327
2215.929692
2216.431043
2217.255772
2217.583165
2218.230948
2218.608312
2218.924155
2220.661842
2220.988170
2221.474324
2221.882040
2222.161060
2223.350374
2224.051814
2226.159043
2227.216261
2227.474555
2227.506831
2228.445839
2228.622909
2228.817633
2229.241078
2230.070559
2230.689546
2230.745006
2232.743690
2233.854362
2237.949133
2238.567752
2240.079340
2240.120955
2240.225280
2241.637908
2242.330419
2242.926100
2244.113818
2245.492941
2245.512233
2245.527757
2245.544264
2245.550531
2245.557740
2245.575434
2245.980774
2246.172140
2247.166894
2247.221412
2247.760691
2247.875912
2247.895613
2247.911465
2248.753480
2248.792842
2248.908841
2248.926536
2249.109094
2249.579274
2250.080788
2250.642964
2250.927964
2250.969211
2251.785257
2251.870044
2251.983258
2252.391383
2252.567183
2252.907684
2253.192192
2253.226353
2254.201569
2254.278083
2254.282875
2254.345871
2254.579261
2255.384453
2255.985295
2256.629760
2256.633242
2256.986071
2259.006341
2259.043451
2259.100385
2260.164813
2260.627169
2260.877066
2261.107302
2261.126717
2261.128315
2261.912371
2262.653256
2262.836756
2262.876979
2263.023329
2263.096443
2264.198717
2264.427233
2265.836995
2266.082918
2266.169549
2266.192282
2266.663322
2267.014308
2267.026678
2267.158569
2267.341332
2267.750564
2268.626985
2268.799836
2268.983665
2270.322033
2270.513603
2271.179448
2271.470182
2271.576474
2271.618458
2271.776440
2272.541655
2272.913408
2273.731215
2274.683658
2275.802112
2275.937976
2276.416020
2277.189591
2277.334467
2277.435843
2277.461975
2277.650432
2278.885990
2279.428506
2279.905812
2280.205681
2280.293949
2281.069732
2281.651896
2281.894093
2281.911378
2282.174874
2282.517955
2283.095736
2285.416858
2285.783286
2286.739661
2286.777262
2286.861230
2287.203656
2287.290245
2288.108257
2288.247030
2289.242685
2289.780613
2290.798346
2290.853765
2291.094405
2291.616358
2292.043244
2292.684022
2292.915282
2293.267579
2293.445632
2294.416302
2294.422569
2295.101604
2295.858872
2296.124334
2296.237138
2296.447754
2296.616100
2296.848876
2300.744008
2300.858614
2301.241262
2302.436188
2302.602609
2303.048172
2303.811133
2304.278077
2305.315553
2305.799782
2306.103542
2307.842171
2308.478730
2309.709701
2309.789041
2310.301204
2310.744105
2310.748652
2310.760161
2310.769705
2310.772367
2310.774047
2311.400612
2311.736771
2313.289974
2314.307461
2314.521723
2314.884096
2315.331297
2319.389041
2319.447654
2320.006717
2320.663020
2321.286758
2321.708892
2321.951826
2322.493276
2323.247268
2323.354829
2325.514240
2325.520507
2326.572892
2326.588416
2326.701711
2327.343022
2327.377715
2327.386071
2327.393239
2327.411876
2327.442637
2328.611389
2328.851497
2329.664143
2329.683681
2329.815900
2331.055964
2332.012995
2333.829284
2333.956465
2334.432707
2334.938276
2335.074509
2335.133655
2335.182029
2335.662121
2336.023511
2336.594248
2336.932495
2340.465623
2340.771348
2341.301780
2342.017720
2342.403564
2342.614344
2342.725673
2342.944317
2343.451443
2343.532012
2344.422195
2344.439480
2344.595374
2344.716698
2344.814633
2344.819589
2345.260483
2345.857393
2346.166723
2347.840471
2349.410918
2349.446144
2349.764731
2350.146601
2350.168474
2350.477107
2350.591918
2350.596055
2350.723727
2351.367496
2351.430697
2352.103219
2352.212460
2352.513352
2352.885596
2353.117962
2354.144870
2354.167603
2355.172311
2355.409142
2355.590758
2357.759959
2357.809111
2358.459597
2359.855268
2359.855923
2360.599511
2360.937554
2360.973312
2361.181389
2361.186427
2363.745976
2364.228239
2365.643858
2365.695713
2366.146028
2366.415380
2367.287665
2367.930327
2368.780083
2369.147331
2369.454899
2369.872814
2370.034811
2370.375967
2370.384159
2371.930604
2371.945226
2372.268728
2372.374610
2372.396810
2372.999250
2373.299528
2373.543281
2374.422077
2374.676316
2374.701384
2376.674836
2377.372180
2377.771377
2378.058056
2483.627336
2484.202291
2484.399555
2487.973396
2488.125194
2488.337531
2488.674918
2489.096643
2489.752125
2490.720584
2490.838344
2492.970394
2493.681705
2495.275581
2495.808758
2496.532767
2496.632177
2496.935772
2497.440481
2498.141184
2498.441298
2502.537339
2502.600376
2503.516979
2504.810332
2505.406464
2505.947955
2506.011853
2506.623877
2507.370619
2508.113756
2508.983050
2508.991980
2509.277676
2509.802250
2512.508191
2512.642294
2513.144013
2513.576100
2513.708810
2514.063729
2514.508677
2515.073679
2517.074289
2517.779046
2518.225306
2518.250250
2519.580385
2519.744594
2520.823276
2521.015378
2521.912115
2523.039744
2523.093729
2525.503324
2525.698212
2526.956093
2532.054876
2532.780892
2532.921262
2535.620444
2535.848673
2538.505257
2541.816709
2543.002255
2545.597358
2546.602762
2548.360970
2549.420319
2549.645517
2550.311158
2552.052531
2552.850350
2556.023030
2556.498248
2556.686008
2558.594908
2558.602527
2558.622474
2558.663107
2560.620257
2560.785736
2560.809411
2560.882729
2560.901775
2561.105224
2561.459651
2561.468006
2561.825792
2562.529198
2563.319071
2563.433718
2563.463209
2563.585679
2564.011049
2564.307804
2564.390625
2565.667840
2566.629663
2567.112745
2567.978107
2568.167342
2568.304312
2569.334579
2569.389752
2569.744794
2570.795090
2571.751014
2572.298650
2572.537119
2572.706447
2573.059645
2573.497139
2573.610312
2574.955192
2575.011594
2575.067382
2575.082045
2575.086797
2575.355167
2575.512699
2575.544852
2576.152904
2576.668221
2577.340047
2577.562829
2577.673339
2578.486231
2578.523996
2578.692137
2578.745344
2578.892145
2579.520020
2579.910410
2580.100014
2580.506214
2581.108859
2581.321769
2584.474501
2584.770847
2584.789238
2585.494610
2585.931407
2586.558751
2587.263263
2587.635466
2587.949957
2587.978547
2588.182282
2588.483011
2588.516147
2588.549693
2588.655985
2588.848701
2589.098680
2589.376102
2589.485670
2590.700790
2591.155446
2591.619277
2592.138199
2592.672932
2594.523300
2595.463782
2595.690209
2595.789660
2595.874202
2595.892634
2595.968860
2596.050248
2597.443256
2597.609677
2599.177216
2600.498176
2601.616835
2603.446231
2604.406456
2604.645540
2605.087826
2605.228401
2606.087496
2607.141847
2607.271485
2607.542968
2607.720776
2608.347914
2609.067663
2612.289741
2612.519199
2613.710275
2614.844088
2615.878533
2616.931328
2617.082716
2618.662625
2618.859192
2620.545434
2621.340549
2621.572710
2622.533837
2622.801183
2623.022162
2623.347057
2623.734088
2623.749939
2625.703240
2626.685174
2627.052421
2628.724531
2629.542666
2629.954068
2630.346138
2631.101850
2631.126589
2631.301407
2631.999365
2632.005632
2632.722964
2634.447503
2634.915963
2635.003290
2635.303649
2636.161188
2636.651356
2636.828959
2637.511270
2638.127718
2638.272512
2638.642749
2639.303926
2639.759360
2641.464238
2641.821983
2642.129347
2642.215567
2642.620047
2643.348931
2643.736945
2644.264223
2645.070397
2645.304361
2647.700644
2648.539505
2649.149932
2650.238771
2651.435786
2652.706570
2653.723484
2653.848003
2654.541947
2655.235318
2656.626074
2657.401815
2658.745795
2659.115172
2660.482212
2662.427197
2663.344620
2663.935959
2664.386888
2666.012262
2667.110728
2667.495834
2668.139766
2668.891546
2672.625009
2672.847053
2674.076058
2674.813829
2676.416143
2679.076291
2680.187331
2681.118515
2685.091676
2685.165978
2685.202924
2685.749617
2686.692024
2687.823544
2690.117509
2690.227405
2690.507899
2690.977833
2691.645522
2695.212646
2695.542866
2695.677993
2695.966351
2696.190812
2697.534054
2697.737830
2698.754540
2699.960279
2700.376433
2700.757975
2702.004019
2703.673836
2705.017242
2706.837381
2708.469268
2710.011412
2710.959841
2711.004692
2711.551304
2712.369521
2712.554783
2712.717312
2713.493709
2714.206986
2714.290217
2714.315325
2715.113349
2715.767685
2715.936031
2716.300370
2717.161513
2717.352059
2718.601380
2718.615593
2719.902515
2720.247890
2720.262103
2721.074627
2721.415250
2723.767173
2723.879444
2724.051272
2724.273357
2724.429947
2725.445591
2725.453906
2726.820823
2727.703593
2727.806730
2728.015176
2728.123269
2729.839206
2729.930260
2730.231398
2730.789028
2731.548631
2731.566981
2731.775468
2732.267233
2732.401091
2733.179781
2733.210542
2733.568532
2734.557184
2735.592530
2736.374088
2736.718111
2737.271685
2737.559183
2737.608540
2737.630863
2738.538824
2738.661335
2738.992374
2739.346924
2740.312883
2740.378460
2740.848312
2741.124710
2742.937068
2743.065559
2744.153498
2744.353014
2744.440381
2744.464343
2745.323643
2746.244137
2747.211366
2747.723407
2748.350095
2748.513239
2749.018890
2749.396623
2750.845952
2751.013192
2751.141151
2751.555994
2751.900180
2752.400957
2753.337344
2753.341153
2753.633731
2753.754481
2753.977917
2754.311782
2754.559345
2754.577613
2755.153592
2755.296010
2755.389358
2755.507282
2755.570156
2755.640771
2755.702170
2755.738460
2756.674724
2756.774216
2757.157437
2758.228787
2758.890537
2759.211049
2759.341056
2759.398113
2760.036188
2760.134738
2763.192115
2763.332854
2765.061571
2765.251092
2765.710746
2766.043832
2766.582661
2766.953759
2766.999880
2767.537439
2768.042066
2769.925857
2771.114557
2771.132989
2771.802563
2773.114184
2773.803827
2774.208143
2774.294200
2774.819676
2775.276339
2775.310623
2775.749755
2776.189010
2776.352604
2776.511201
2776.892867
2776.997888
2777.291448
2778.568499
2779.995587
2780.090122
2780.122808
2780.812370
2781.146071
2781.247570
2782.850499
2783.668634
2783.794790
2784.682639
2784.781476
2785.091953
2785.095844
2786.435523
2786.828452
2786.921513
2787.104768
2787.402957
2787.873260
2787.881902
2788.162273
2788.282532
2788.320379
2788.673208
2788.944568
2789.112218
2789.436498
2789.732475
2789.849825
2789.885706
2789.929288
2789.967176
2790.463980
2791.167672
2791.306650
2791.423713
2791.538156
2791.878083
2792.315290
2792.790057
2793.049211
2793.482732
2793.524675
2793.641165
2794.430751
2794.828882
2796.285338
2796.843622
2797.021676
2797.064315
2797.235896
2797.332521
2797.490340
2798.263378
2799.354266
2799.664660
2799.749898
2799.756247
2799.944540
2800.441549
2801.004216
2801.256243
2801.277460
2802.272707
2802.881454
2803.240591
2803.393577
2803.681198
2803.715195
2804.139704
2804.734239
2804.744970
2804.956897
2806.029763
2806.338642
2806.358999
2806.840525
2806.951895
2806.982697
2807.841792
2807.923057
2808.916214
2809.000509
2809.083249
2810.764206
2811.675443
2812.520202
2812.991365
2813.524419
2813.565665
2813.713449
2813.741179
2814.087045
2814.947205
2815.460393
2815.833457
2816.846029
2818.001920
2818.357903
2818.360566
2819.317187
2819.489792
2820.430356
2821.299282
2822.082273
2822.270362
2822.496543
2822.573015
2823.053640
2825.007350
2825.189704
2825.301156
2825.466184
2825.804308
2826.066780
2826.859561
2827.162460
2828.160328
2828.297093
2828.817490
2829.050593
2829.532774
2830.647091
2830.852424
2831.276646
2831.750103
2832.095314
2832.288031
2832.318505
2832.370524
2832.669983
2832.858726
2834.118124
2834.385265
2835.005194
2835.060859
2835.176980
2838.323282
2838.524191
2838.968566
2839.337042
2839.742546
2840.069489
2840.239063
2840.736481
2840.778711
2840.835400
2841.163284
2841.357353
2841.576161
2842.064650
2842.388685
2842.771620
2842.804388
2843.155087
2843.633787
2844.382577
2844.528476
2844.825149
2844.849152
2845.670195
2845.968056
2846.048297
2846.368358
2847.014666
2847.793070
2847.856189
2848.062423
2848.956047
2849.270866
2849.670513
2849.812357
2850.929500
2851.357204
2851.497042
2852.791542
2853.205688
2853.591777
2853.601403
2853.744271
2853.907702
2854.080758
2854.231532
2854.272942
2854.282445
2854.403973
2854.589112
2854.759219
2855.012065
2856.096686
2856.141988
2856.330813
2856.458936
2856.528732
2856.632893
2856.798577
2856.888648
2857.224724
2857.318154
2857.322004
2857.436406
2858.601800
2860.095201
2860.163564
2860.553503
2861.007667
2862.261862
2862.321336
2862.494228
2863.152169
2863.811994
2864.276275
2865.315676
2866.800558
2867.242148
2867.274506
2867.442975
2868.445962
2868.568965
2868.859208
2868.942397
2868.981268
2869.408768
2869.926461
2870.371615
2870.594109
2871.592550
2873.359811
2873.511690
2873.607905
2873.956803
2875.669340
2875.811717
2875.898061
2876.469903
2876.684493
2878.275707
2879.000371
2880.506757
2881.925980
2883.275571
2884.929208
2885.567037
2887.914619
2888.927068
2889.309676
2889.873695
2890.119332
2891.387412
2892.144804
2896.001638
2896.443105
2896.561603
2896.802406
2898.266849
2900.401521
2900.549673
2900.908032
2902.155305
2903.141622
2904.829542
2904.928666
2905.356288
2905.488343
2905.917030
2906.077143
2906.473882
2906.662666
2906.750280
2907.027005
2907.082383
2908.134400
2908.951675
2908.993249
2909.852549
2909.885235
2910.002258
2910.069596
2910.475264
2910.564188
2911.660810
2912.422625
2912.638444
2912.703898
2913.265787
2913.578844
2913.639629
2913.709793
2913.961083
2914.137416
2914.232648
2914.283356
2914.311414
2914.317435
2914.615706
2914.705326
2914.751857
2914.789786
2914.909716
2915.945062
2916.668498
2916.997775
2917.176443
2917.581169
2917.588664
2918.660055
2918.800548
2918.848471
2918.984131
2919.780229
2920.419656
2920.604713
2921.376236
2923.095572
2923.158364
2923.379384
2923.396137
2923.988705
2924.338627
2924.398715
2924.617523
2924.632392
2924.778168
2924.913213
2925.032448
2925.394452
2926.278861
2926.287667
2926.302495
2927.183749
2927.851438
2929.418404
2930.053489
2930.380759
2930.419384
2930.483896
2930.847457
2932.224451
2932.325949
2933.109391
2933.174395
2934.703350
2935.729684
2936.216453
2936.438989
2936.522875
2937.599386
2937.971712
2938.015171
2938.075914
2938.380206
2939.175158
2939.436401
2940.361073
2941.221396
2941.377536
2941.496033
2941.624074
2941.945324
2942.904402
2943.028306
2943.356314
2944.218071
2944.389325
2945.248584
2945.381622
2945.678500
2946.352579
2948.174275
2948.860641
2949.961728
2950.719529
2950.770278
2951.391109
2952.375255
2952.483021
2952.939479
2953.026683
2953.124946
2953.313444
2953.576407
2954.838548
2954.978140
2955.546173
2955.920998
2956.619203
2957.164175
2957.964780
2958.061322
2958.232658
2958.595441
2960.685957
2960.786596
2961.427415
2961.677230
2962.161009
2962.373714
2962.646876
2964.223263
2964.550083
2964.734894
2965.234033
2965.345239
2966.104064
2966.365962
2966.949151
2966.956728
2967.523164
2967.832371
2968.637030
2968.779489
2969.126994
2970.225050
2971.241677
2971.529667
2972.018033
2972.211323
2972.597289
2973.574062
2975.019295
2976.958956
2977.306051
2977.386414
2979.096740
2979.554263
2979.904799
2979.973120
2980.056146
2981.255741
2981.495931
2982.210028
2982.329917
2982.391726
2982.597509
2982.621471
2984.353423
2984.589353
2984.818074
2985.117000
2985.522586
2985.827615
2985.879429
2987.100447
2987.300905
2987.330396
2987.814216
2987.860214
2987.933696
2988.478464
2988.739830
2988.836946
2991.651430
2992.010691
2992.476692
2992.802775
2994.092114
2994.930237
2996.380918
2996.658708
2996.704952
2997.046559
2997.329920
2997.445632
2997.665587
2997.762540
2997.782774
2998.525542
2998.628434
3000.196260
3000.218378
3000.269251
3000.278303
3000.666030
3001.648538
3001.703711
3001.990758
3002.139197
3002.150380
3002.213212
3002.987356
3003.930583
3004.190392
3004.357919
3005.191455
3005.350134
3006.047068
3006.694932
3006.914560
3007.034982
3007.331860
3007.856353
3008.074260
3008.330342
3008.544563
3008.774062
3008.947937
3009.012490
3009.307075
3009.381294
3009.394934
3009.528218
3010.375803
3010.737357
3011.182551
3011.527311
3012.014776
3012.558807
3012.649697
3012.958781
3013.421752
3013.930557
3014.297027
3014.639452
3015.165256
3015.281091
3015.355310
3015.555891
3015.927235
3016.468562
3016.721736
3016.812134
3016.817418
3017.392497
3017.493053
3017.532252
3018.183762
3018.575872
3019.020657
3019.094262
3020.326420
3020.934144
3021.672202
3023.559516
3023.784632
3026.129797
3026.223882
3026.476401
3026.608415
3026.955551
3027.252142
3027.747103
3028.391199
3028.510515
3028.808663
3028.814193
3028.913029
3029.310833
3029.772165
3030.016737
3030.348923
3032.149320
3032.240988
3032.759460
3033.268388
3033.945702
3033.955779
3034.683761
3035.378688
3035.776860
3035.996692
3036.057682
3036.171960
3036.369633
3036.857180
3037.682360
3037.692109
3037.700178
3037.781320
3037.827604
3037.907886
3037.943235
3038.958510
3039.419064
3039.757967
3040.024535
3040.648684
3040.761487
3041.562870
3042.673254
3043.293348
3043.407217
3044.256850
3044.632453
3044.684964
3045.550162
3046.070927
3046.083871
3046.520259
3046.806200
3046.948946
3048.328315
3048.583987
3049.092956
3049.163858
3050.253926
3050.700554
3050.855916
3051.277230
3051.554038
3052.212470
3052.226028
3052.238070
3052.262973
3052.449546
3052.497879
3052.540723
3052.810199
3052.999885
3053.502382
3053.699809
3054.039818
3054.681006
3054.788035
3055.010161
3055.547023
3055.728927
3055.920988
3056.142213
3056.694313
3057.015194
3057.835786
3059.024978
3060.075274
3061.205729
3061.999821
3062.204785
3062.616146
3062.951977
3064.024228
3064.518984
3064.622572
3065.183805
3065.281700
3065.564447
3065.672950
3065.717228
3065.822003
3065.833226
3066.551910
3066.890445
3067.177329
3068.156273
3068.737454
3068.973711
3069.163438
3069.350011
3070.221885
3070.479319
3070.786232
3071.351931
3071.625421
3071.786639
3071.923487
3073.954161
3074.406646
3074.474885
3074.689147
3074.754232
3074.764800
3074.909553
3075.355197
3075.407012
3075.544433
3075.599606
3076.169974
3077.415977
3078.365430
3078.409871
3078.429327
3078.895165
3079.142769
3079.189012
3079.610286
3079.985275
3080.161772
3080.875663
3080.924733
3081.765683
3081.813115
3082.474783
3082.800169
3083.254374
3083.316961
3083.459912
3083.525161
3083.611259
