158.237778
158.297293
158.316503
158.342185
158.570906
158.631404
158.956585
159.084012
159.238021
159.439421
160.003809
160.056238
160.071188
160.152863
160.341238
160.447816
160.564634
160.672645
160.824771
160.843080
160.977060
161.074217
161.111081
161.185710
161.256489
161.301012
161.377608
161.577820
161.916273
161.976156
162.107105
162.335457
162.403492
162.480579
162.694308
162.934784
163.143434
163.985613
164.042056
164.140483
164.734198
165.038326
165.052744
165.168497
165.188649
166.171320
166.248202
166.445548
166.504489
166.558884
166.572319
166.887956
167.119380
167.168287
167.225180
167.331799
167.358177
167.485563
167.515382
167.578870
167.586161
167.737016
168.315167
168.413348
168.486052
168.550728
169.164718
169.173402
169.375007
169.413222
169.641615
169.904087
169.981420
170.034668
170.082263
170.088120
170.187899
170.243113
170.336543
170.573210
170.594714
170.782638
170.813112
170.870415
171.230904
172.039045
172.319990
172.556698
172.569764
172.573983
172.638618
172.808970
172.906947
173.024174
173.101629
173.181297
173.532979
173.707551
173.734994
173.738680
174.077501
174.153073
174.301020
174.556078
174.729093
175.038177
175.634145
175.744410
175.995822
176.216310
176.477839
176.525926
176.531046
176.859546
177.126113
177.142211
177.195172
177.207828
177.268736
177.367245
177.513800
177.730396
177.770496
177.778975
178.110956
178.233262
178.318623
178.356306
178.518589
178.647245
178.657526
178.673582
178.838528
178.887188
178.901729
178.914591
178.946703
178.951127
178.963866
179.388498
179.412828
179.806577
179.877437
179.936666
180.022518
180.115251
180.237926
180.371948
180.636836
180.691640
180.815831
180.831191
180.872561
180.893245
181.018337
181.441905
181.518295
181.667267
181.744681
181.782241
181.849948
182.398116
182.436086
182.659891
182.809518
182.889513
183.006044
183.394386
183.972823
184.117289
184.354652
184.699249
184.750612
185.485025
185.522995
185.547571
185.634980
185.804718
185.827983
185.937510
186.003948
186.112041
186.223002
186.276618
186.306109
186.449101
186.518815
186.614538
186.808361
186.843382
186.901135
186.915963
187.136573
187.290337
187.437220
187.551785
187.775386
188.022170
188.165530
188.425216
188.485345
188.556083
188.773745
188.883722
188.975555
189.033267
189.061980
189.087457
189.464003
189.624689
189.918249
190.012621
190.601748
190.778450
190.882939
190.956298
191.051981
191.311831
191.514911
191.565128
191.589130
191.698821
191.736504
192.298353
192.379699
192.478208
192.751452
193.025679
193.036943
193.305723
193.318994
193.480499
194.060820
194.193244
194.321490
194.355855
194.529157
194.877645
194.894930
195.079209
195.160351
195.287532
195.367813
195.507200
196.001833
196.710605
196.980818
197.881160
197.980160
198.164890
198.305137
198.327910
199.424532
199.895736
200.025252
200.045527
200.436531
200.636088
200.794522
201.130476
201.298616
201.988915
202.028196
202.145997
202.296197
202.387743
202.399048
203.081359
203.213210
203.685724
203.696128
203.745649
203.842888
203.878564
204.218573
204.997263
205.122560
205.499597
205.549486
205.578568
205.889085
205.924557
205.990625
206.142423
206.153892
206.508892
206.533550
206.633288
206.666670
206.691492
206.701076
206.745518
206.932705
207.009915
207.243510
207.367045
207.370281
209.152532
209.230602
209.339638
210.033910
210.257265
210.271150
210.429460
210.450145
210.457108
210.558157
210.730476
210.764800
210.833859
211.386532
211.570688
212.040335
212.152771
212.187218
212.238500
212.302397
212.375552
212.386898
212.564050
212.582441
212.589036
212.698112
212.732764
213.385257
213.450711
213.626757
213.720146
213.964022
214.157885
214.424371
214.622495
214.811935
216.125071
216.448451
216.491418
216.745206
216.816312
216.857805
217.034424
217.065841
217.231401
217.273999
217.558221
217.857597
217.973965
218.486170
218.641695
218.683515
219.152302
219.402199
219.449508
219.527823
219.729469
219.858166
219.867873
219.890934
220.550021
220.623913
220.792054
221.086515
221.096468
221.145457
221.355418
221.736632
221.803807
221.906289
222.019502
222.081843
222.109123
222.170399
222.273577
222.291149
222.477804
222.628332
222.660157
222.759035
222.884454
223.378268
223.595274
223.777464
224.089170
224.187597
224.242729
224.435732
224.791224
225.184727
225.321042
225.714708
225.826775
225.882276
225.938596
226.035589
226.264760
226.770125
226.812396
226.879939
226.943836
226.961940
227.060941
227.323494
227.375718
227.515884
227.560161
227.571302
227.581747
227.621601
227.757261
228.340163
228.488233
228.730634
228.814520
228.861583
228.905738
228.917780
229.041521
229.646418
230.026199
230.219694
230.261514
230.352404
230.380749
230.477169
230.574694
230.760940
230.858793
231.139983
231.212605
231.320658
231.340360
231.500472
231.547904
231.736730
231.913349
232.102257
232.150917
232.211292
232.414740
232.734884
232.948040
233.061581
233.136210
233.203958
233.297510
233.321062
233.515704
233.555804
233.645711
233.693553
233.772933
233.795215
233.802506
234.663772
234.804388
234.929070
234.953646
234.961797
235.103314
235.289395
236.094669
236.705751
236.983828
237.046743
237.108265
237.146931
237.244416
237.270671
237.275996
237.377167
237.533921
237.589299
237.801759
237.918781
237.970309
237.982310
237.986161
238.026752
238.037443
238.165606
238.171218
238.218445
238.319370
238.414356
238.904402
239.192883
239.231508
239.360696
239.542968
239.625830
239.757599
239.878226
240.012575
240.040346
240.069960
240.205046
240.260874
240.272835
240.317932
240.409600
240.603505
240.618496
240.750428
240.779018
240.823009
240.887316
241.584456
241.721262
241.813586
241.968210
242.024079
242.148475
242.273731
242.443796
242.655068
242.832835
242.910454
242.953216
243.380879
243.695903
244.065198
244.439613
244.507443
244.564132
245.103739
245.247590
245.335941
245.745418
246.123192
246.218629
246.497239
246.506455
246.510469
246.777078
247.307100
247.575839
247.617167
247.750001
247.882301
247.980564
247.989780
248.005140
248.029143
248.102011
248.607744
248.749670
248.840520
249.129697
249.283830
249.388892
249.419776
249.447875
249.537331
249.905848
249.965486
250.002145
250.057564
250.243236
250.276905
250.311721
250.710385
251.165450
251.279811
251.369800
251.467489
251.581153
251.632067
251.642593
251.647181
251.652342
251.665859
252.126167
252.266947
252.377580
252.520940
252.585124
252.762276
252.991324
253.172777
253.209682
253.343007
253.442171
253.563208
254.006845
254.817526
254.954127
255.288197
255.647212
255.716925
255.951831
256.007578
256.151020
256.429629
256.443023
256.494428
256.565740
256.719544
256.814981
257.131028
257.468948
257.638113
258.014781
258.066678
258.112881
258.120417
258.124186
258.277868
258.403369
258.451456
258.796667
259.642696
259.973120
260.117504
260.173046
260.322468
260.347044
260.696556
260.742963
262.364242
263.361987
263.710392
264.011203
264.015872
264.468644
264.493425
264.578253
264.824914
265.176842
265.246597
265.270968
265.281905
265.688760
265.701540
265.704980
265.847726
265.951519
266.125353
266.163323
266.200228
266.449101
266.545725
266.638254
267.005297
267.153900
267.290296
267.371397
267.388027
267.446927
267.518484
267.570790
267.640791
267.742945
267.927921
268.066980
268.356608
268.857221
269.071237
269.436969
269.637222
269.972480
269.979279
269.994885
270.604943
271.768699
271.799337
271.807734
271.812198
271.925371
271.964733
272.093839
272.218440
272.303882
272.492339
272.574996
272.892764
272.910623
273.708114
275.114148
275.385713
275.420160
275.584369
275.742966
275.882803
276.257833
276.345242
276.425196
276.705894
276.779745
276.928676
276.966072
276.980654
277.044183
277.161206
277.185577
277.237391
277.282406
277.456282
277.883208
278.003098
278.197453
278.224568
278.270239
278.306079
278.420808
278.797517
279.405404
279.457014
279.675126
279.964590
280.057610
280.122327
280.161280
280.283218
280.545198
280.681636
280.799928
280.858829
281.259090
281.397576
281.682371
281.723904
282.827203
282.897654
282.947133
283.052237
283.162993
283.257692
283.519549
283.789189
283.906048
284.382085
284.688712
284.764447
284.844769
284.876308
285.330309
285.592658
285.681500
285.735240
285.761085
286.790328
287.005123
287.676334
288.086180
288.350454
288.402227
288.434422
288.558735
288.673997
288.751043
288.927662
289.277133
289.311621
289.346028
289.432044
289.455268
289.482711
289.734738
289.998725
290.076836
290.206392
290.863186
290.928681
291.094569
291.139543
291.276513
291.726172
291.915858
292.058440
292.093706
292.206223
292.280852
292.409057
292.555858
292.719452
292.727849
292.754268
292.782285
292.788675
292.825743
292.858266
293.103821
293.323039
293.453537
293.984788
294.064701
294.283387
294.370386
294.487572
294.570312
294.640026
294.707405
294.851707
295.331758
295.410606
295.837164
296.313078
296.380129
296.524923
297.543434
297.566331
298.501530
298.566492
298.614047
299.021517
299.035402
299.118264
299.297628
299.332239
299.710792
299.902075
300.004065
300.356608
300.435579
300.614083
300.936970
301.019341
301.131653
301.156352
301.997548
302.129439
302.196490
302.325268
302.423777
302.475756
302.882406
302.934508
303.064228
303.433441
303.798108
303.807980
303.812280
304.232120
304.643523
304.697262
304.813302
304.874414
304.895181
305.235231
305.290895
305.378591
305.584988
305.762345
305.773199
305.835868
306.005565
306.222735
306.267668
306.335293
306.679316
306.832630
308.413481
308.473487
309.124588
309.202862
309.318205
309.366497
309.398405
309.564539
309.614551
309.638431
309.715395
309.733376
309.790884
309.802926
309.808128
309.818696
310.101688
310.364979
310.592225
310.866412
310.942351
311.161119
311.277445
311.386153
311.654728
311.746724
311.894589
312.736686
312.986870
313.782845
314.308403
314.369638
314.409165
314.447667
314.570424
314.626376
314.654515
314.703258
314.797834
315.092009
315.185766
315.222835
315.270881
315.494728
315.598930
315.718574
315.800003
316.224717
316.261581
316.419400
316.480102
316.588728
316.722545
316.732498
316.744049
316.767846
316.886385
317.675561
317.763297
317.963960
317.987185
318.007869
318.085571
318.109737
318.127309
318.355251
318.507459
318.531011
318.610268
318.668063
318.742487
319.189565
319.270994
319.487877
319.520317
319.952323
320.159621
320.268411
320.288809
320.402964
320.464650
320.913900
320.960471
321.066885
321.194762
321.221181
321.226670
321.386906
321.445437
321.755996
321.932329
322.610586
322.699428
322.807439
323.043533
323.254026
323.899638
324.488643
324.771144
325.263974
325.455749
325.692129
325.818532
325.856666
325.960622
326.188892
326.299320
326.410322
326.444319
326.828933
326.879068
327.440835
327.492157
327.878451
328.135311
328.346788
328.439439
328.507965
328.960123
329.409782
329.493668
329.731850
330.179420
330.404659
330.618225
330.844611
331.100611
331.156808
331.441889
331.577344
331.603436
331.634483
332.252733
332.307087
333.287178
333.780296
333.988495
334.187561
334.794711
335.050588
335.285903
335.308964
335.335875
335.581020
335.932662
336.266322
336.525640
336.653640
337.305477
337.331200
337.345905
338.478858
338.788147
338.999910
339.117097
339.189309
339.508675
339.637289
339.745055
340.687544
341.016453
341.402952
341.558272
341.609431
341.688852
341.754880
341.780931
342.078996
342.710559
342.873620
343.168655
343.275684
343.316685
344.376402
344.576532
345.458729
345.845760
346.318111
346.433085
346.634404
346.794230
346.955694
347.207926
347.611955
348.028969
349.483377
349.614940
349.819781
350.309663
350.921482
351.003894
351.194481
351.283814
351.427092
351.772221
351.846482
352.296468
352.520765
352.720568
352.854016
352.938189
353.442775
353.691238
354.204303
354.366956
354.470584
354.506301
354.613084
356.107059
356.181115
356.772782
356.854661
357.607997
357.797847
357.893489
358.199419
358.325740
358.628065
359.199662
359.265772
360.404091
360.923095
361.765683
362.023076
362.353664
362.674913
362.926981
363.232256
365.064192
365.142344
366.235197
366.436884
369.008108
369.603420
371.057377
373.408236
374.618604
374.805094
375.197000
375.311770
375.364813
375.867843
378.345882
378.707681
379.105321
379.335516
380.987720
381.026181
381.547438
382.118912
383.487590
384.190218
384.520684
384.733307
384.928440
385.468375
385.472225
385.492050
385.552589
385.659167
385.936179
386.111652
386.310758
387.966321
388.023665
388.103700
388.395295
388.780114
388.883497
388.979548
389.482619
391.399465
391.740621
392.842813
392.936202
393.079726
393.117942
393.336996
393.756631
394.125885
394.268713
394.552607
394.639401
394.699121
394.876518
395.090616
395.170570
395.338752
395.490427
395.700429
395.967693
396.087910
396.170650
396.317778
396.460687
396.589466
396.697149
396.791644
396.896092
396.991939
397.299343
397.398671
397.975306
398.016881
399.037563
399.339069
399.508767
399.661097
399.849513
399.904932
399.919514
399.986524
400.016343
400.127549
400.168960
400.259604
400.842957
401.600471
401.783276
401.849057
401.988649
402.217615
402.242478
402.456535
402.730025
402.924380
403.404390
403.436872
403.605668
403.809690
403.937608
404.145439
404.263240
404.301988
404.353843
404.837622
404.917658
405.373092
405.517066
405.546476
405.644083
405.740298
405.844623
405.870551
405.904507
406.024028
406.050611
406.116475
406.448824
406.500106
406.548398
406.744596
406.880133
406.936740
407.056671
407.067894
407.072195
407.660503
408.424284
408.938988
408.999731
409.068216
409.282068
409.544172
409.666232
409.715876
409.821921
409.925018
409.943900
410.044252
410.178232
410.390159
410.522747
410.568417
411.619779
411.828511
411.910267
412.253716
412.930212
413.064724
413.193339
413.269279
413.290988
413.380608
413.554524
413.658767
413.662740
414.258872
414.381261
414.475223
414.573978
414.888468
414.961377
415.219753
415.571476
416.010076
416.535265
416.726303
416.824934
417.018962
417.094001
417.151304
417.351680
417.489920
417.518838
418.214175
419.025633
419.958374
420.342006
420.954194
421.625528
421.963571
422.534472
423.379517
423.921500
424.441037
424.924447
427.189494
427.263468
427.958026
428.315361
428.694405
428.958679
429.015040
429.127270
429.150781
430.806753
431.236874
432.109937
432.535101
432.557670
432.618086
432.675512
432.702833
433.119396
433.982300
434.078966
434.677965
435.119555
435.214336
435.309732
436.102431
436.428554
436.543324
437.300756
438.922732
439.977574
440.101315
440.195850
440.256922
440.366244
440.540078
440.641413
440.649810
441.017876
441.602785
441.609011
442.350060
442.541179
442.556293
442.593198
442.654761
442.754949
442.833306
443.116257
443.689943
443.800904
443.835843
443.845550
444.235858
444.334039
444.651520
444.727214
444.786074
445.003899
445.053051
445.131366
445.169623
445.552394
446.073528
446.145536
447.001027
447.722209
447.895388
448.820920
449.081467
449.371996
449.815675
450.058895
450.614968
450.697708
451.407135
451.740140
452.086620
453.096735
453.363548
453.408973
453.700035
453.821932
453.890212
453.983396
454.052045
454.266061
455.645307
455.724196
456.157798
456.419205
457.010176
457.122079
457.359114
457.595617
458.130432
458.406011
459.027251
459.069891
459.271537
460.303974
460.906906
461.210010
461.211935
461.262029
461.657743
461.665812
461.675766
461.692723
461.711647
461.760020
461.794058
462.039695
462.835057
463.003648
463.507579
463.898665
464.673874
464.750674
466.528215
466.665759
467.271721
467.531162
467.800146
467.820503
468.190945
468.728177
468.932280
469.175624
469.487698
470.393324
470.656614
470.730220
470.824223
470.939402
470.977741
471.263846
471.408517
471.781458
471.898399
471.942840
472.657797
473.020621
473.486991
473.771049
474.874593
475.357266
475.631370
476.452332
476.460605
476.464538
476.709888
476.776735
477.623583
477.796024
477.866189
478.565171
479.128289
479.171830
479.414477
479.508152
479.523103
479.579300
479.814205
479.923978
480.272957
480.404111
480.499507
480.754647
481.791877
482.227855
482.330378
482.832916
482.853519
482.918646
483.049964
483.052790
483.351429
483.428884
483.750543
483.884769
484.131963
484.887552
485.019935
485.667840
485.698806
485.909422
485.949440
485.994332
486.062899
486.209454
486.252298
486.674924
487.703347
487.896883
488.385864
488.540815
488.693105
489.561620
489.731604
489.958482
489.978429
490.200474
490.445906
491.079885
491.131372
492.026061
492.344771
492.832768
494.624113
495.946588
496.120914
497.075241
498.485658
501.601690
503.110820
503.995105
504.607334
504.775025
505.244303
506.318971
506.614456
506.766705
508.280545
508.663439
509.896212
510.040023
511.679201
512.162284
512.790733
514.036326
514.194063
514.615951
514.645484
514.745303
515.206062
515.359007
515.803791
516.223181
516.395745
516.581417
516.998636
517.439898
517.901476
518.018048
518.118810
518.415155
518.455173
518.629294
518.792233
518.884352
519.337533
519.803576
519.874355
519.890248
519.905853
520.481423
520.515543
520.545157
520.558428
521.253560
521.294684
521.678438
521.740616
521.977569
522.085376
522.181018
523.041874
523.438694
523.443814
524.162458
524.312289
524.368282
524.439511
525.588357
526.450196
526.618788
526.960804
527.108178
527.226880
527.472189
527.640166
527.684608
527.901819
528.676413
529.724948
529.964155
531.982582
532.344668
532.800922
533.260943
533.420810
533.522514
534.385951
534.862602
536.947139
537.344451
537.428091
537.797673
537.862021
538.306724
539.509801
539.698176
539.851366
540.093358
540.331909
540.459172
540.597576
540.649349
540.857467
541.092946
541.619773
541.800940
543.130501
543.297249
543.427174
544.271852
544.370074
544.485294
544.805601
544.998728
545.583882
545.906401
546.071757
546.418606
546.669978
547.313009
548.018627
548.454523
549.351219
550.677340
552.600576
553.001165
553.388319
554.179994
554.633626
556.318720
556.674007
556.725453
557.204890
557.723894
557.793812
557.989601
558.062223
558.145249
558.242693
558.292132
558.377288
558.434836
558.562591
559.465923
559.896289
560.021381
560.091464
560.095314
560.332308
560.357048
560.403087
560.424264
560.701030
561.664614
561.778852
561.850122
561.934705
561.958420
562.283561
562.564014
562.673418
562.918113
563.005481
563.020636
563.024814
563.042550
563.176612
563.204096
563.414958
563.502449
563.543450
563.965952
564.091863
564.143391
564.279583
564.368507
564.444201
564.688241
564.793262
564.834099
565.904097
566.025462
566.094807
566.152806
566.289613
566.979297
567.022510
567.084360
567.112622
567.235052
567.943414
568.334787
568.420270
570.014065
570.391142
570.413834
570.520617
571.296809
571.446641
571.646812
572.383232
572.576645
572.608102
572.818268
573.239828
573.278945
573.340877
573.883638
573.915955
573.943726
574.010737
574.096302
574.196900
574.275912
574.333133
574.380769
574.475059
574.510531
574.807900
575.327969
575.443395
575.488287
575.573074
576.161423
576.426885
577.175265
577.269023
577.311334
577.701437
577.738957
577.783194
577.837793
577.884938
578.308833
578.423972
578.534687
578.561188
578.658714
578.791055
578.845000
578.924708
579.151872
579.383337
579.476562
580.295475
581.039923
581.261804
581.421916
581.475983
582.546555
582.995067
583.303291
583.425065
583.447880
583.739720
584.408474
584.653701
584.686633
585.260073
585.869230
585.988301
586.161889
586.198139
586.254049
586.695107
587.035812
587.281981
587.333796
587.577631
587.787837
588.363325
588.987351
589.616292
589.680435
589.879337
590.049772
590.214185
590.370161
590.790164
590.906614
591.322399
591.357706
591.698166
591.999590
593.192878
593.867981
595.018957
595.298304
595.542794
595.565855
595.589325
596.063191
597.684552
598.069453
598.342205
598.646456
598.807142
599.734477
600.491336
600.743854
601.824010
602.588938
603.220337
603.287593
603.334656
603.429356
604.018033
604.102083
604.800696
604.918702
606.299709
606.407721
606.522655
607.169905
608.175555
608.294994
608.369295
608.650527
608.830587
610.346435
611.686973
611.870106
612.312842
612.648509
612.714332
612.760166
613.319803
613.609636
613.819597
615.521362
615.632732
616.662630
616.691098
616.703877
616.800133
616.999567
617.114952
617.662177
617.797919
619.704238
620.045640
621.406659
621.485507
624.750019
625.011343
625.887519
626.260623
626.330132
626.470543
626.800845
626.805268
627.309036
627.885302
628.015309
628.060979
628.273029
629.077033
629.168128
629.448950
629.500314
629.561958
629.618934
629.850276
630.321316
630.721044
632.257167
632.722186
633.041838
634.052936
634.080133
634.114580
634.383360
636.172943
636.381839
636.614943
637.145989
637.301924
637.412270
637.670441
637.874463
637.902602
637.959373
637.997097
639.239209
639.470305
639.536783
639.554642
640.304906
640.669327
640.761979
640.838083
642.146877
642.715320
643.106693
643.479552
644.283146
645.277901
645.461934
646.554419
646.722478
647.290757
648.094228
650.501693
651.068293
651.520451
652.727460
653.790700
653.932954
654.134886
654.210744
654.248387
654.337270
656.053494
657.281843
657.435116
657.741701
658.383544
659.584328
659.883500
660.008550
660.339343
660.901601
661.113856
661.414052
661.554053
662.496256
662.502482
663.100252
664.277606
665.271419
666.067067
666.884055
667.068334
667.407606
667.502387
667.702108
668.542894
668.570173
668.659343
668.728771
669.064028
669.095240
669.180027
669.602898
669.701489
670.235443
670.660321
673.003725
673.679524
674.730721
674.821939
675.175752
675.310346
675.664691
677.048033
677.633475
679.005266
679.463404
679.883694
680.436531
681.062441
681.226404
681.307832
681.556910
682.843873
683.211407
683.413750
683.529093
683.704320
683.923169
684.219228
684.979528
689.782989
690.041610
690.674115
691.095962
691.786834
692.344381
692.605665
692.975944
693.583340
693.897912
693.942764
694.201590
694.269583
694.634291
694.696509
694.715064
694.976840
695.122780
695.329178
695.574938
696.162796
696.375050
696.481423
697.953116
698.155295
698.592379
698.986865
699.204076
699.496325
701.184492
703.214797
703.239373
703.447491
705.531945
706.061025
706.182431
706.625044
707.137085
707.965624
708.048077
708.745994
709.234483
709.621432
709.914092
710.037668
710.410199
710.526525
710.559007
710.913270
711.040082
711.134577
711.240991
711.311155
711.461560
711.838556
712.522916
712.659108
713.088410
713.215877
713.237996
713.743073
714.541834
714.686218
715.557806
717.506314
717.534986
719.055667
719.419720
719.706030
720.588636
720.952852
721.633198
722.102272
722.232238
722.923233
723.097846
723.382764
724.518216
724.909343
725.171282
725.277778
725.431951
725.452759
725.796332
725.884764
726.236611
726.336389
727.372308
728.871649
729.359729
729.464791
730.021356
730.131333
730.966221
731.005460
731.950203
731.954504
732.140339
734.864548
735.509217
735.600845
735.879045
737.323540
737.393377
737.696563
739.862774
739.911148
740.126024
741.401272
742.006415
810.461348
810.528317
810.607043
810.759373
810.809999
810.878648
810.882007
810.963436
811.118182
811.230659
811.419197
811.447788
811.482194
811.616297
811.687526
811.752612
811.843789
811.946353
812.201492
812.251587
812.261253
812.271821
812.451267
812.548669
812.622152
812.846080
813.022700
813.050470
813.082870
813.210255
813.433283
813.468344
813.843210
814.012908
814.226145
814.301553
814.481859
814.533140
814.757356
814.800937
815.183380
815.257559
815.308390
815.350661
815.613051
815.905382
816.060375
816.506880
816.581509
816.667894
816.754934
816.784425
816.840049
816.883917
816.919962
816.969523
817.325670
817.341071
817.495900
817.888748
817.910702
818.034319
818.129838
818.209587
818.218557
818.260541
818.643763
818.732564
818.932449
819.072737
819.310100
819.412910
819.561964
819.702129
819.743416
820.032184
820.157604
820.642079
820.789617
820.983644
821.167350
821.343764
821.387346
821.392343
821.989990
822.104433
822.142403
822.362358
822.872105
823.004324
823.132856
823.724524
823.779410
823.860511
823.885292
823.978967
824.104223
824.594473
824.781046
824.887255
825.031762
825.087754
825.203139
825.384223
825.521152
825.927844
826.058056
826.368041
826.626376
827.203338
827.402076
827.564032
827.689206
828.068250
828.187689
828.667781
828.964168
829.042401
829.707264
830.333665
830.467031
830.882570
831.055708
831.067218
831.136317
831.146680
831.200788
831.235400
831.530353
831.920046
831.975506
832.393380
832.600965
832.657859
832.729375
832.966328
833.099612
833.714463
833.767711
833.909596
833.945272
834.207498
834.438185
834.476524
834.536980
834.540954
834.548818
834.629714
834.821939
835.019776
835.419505
835.423150
835.784540
836.171080
836.215849
836.317307
836.443668
837.204746
837.327380
837.688238
837.702328
838.317097
839.011492
839.137321
839.405691
840.782520
841.150423
841.183846
841.540854
841.569608
841.935421
841.974211
843.662950
843.777311
843.841741
843.987067
844.306514
844.929802
844.966093
844.995379
845.044285
845.112893
845.178470
845.201859
845.289431
845.412475
845.489603
845.846856
845.954376
846.601298
846.654505
846.970634
847.305482
847.351849
848.858153
849.453261
850.025554
851.005317
851.065405
851.166945
851.321119
851.340411
851.534725
851.621847
851.971604
852.055122
852.202045
852.502692
852.657644
852.876820
853.213716
853.469716
853.797315
853.871452
853.924045
854.684303
854.775480
855.141048
855.458488
855.635599
855.914988
856.166892
856.444518
856.782397
857.094144
857.170330
857.298371
857.415311
857.440748
857.463316
857.479209
857.489818
857.803407
857.931489
858.031432
858.364396
858.622525
858.692813
858.697810
858.757407
858.862428
858.979328
859.144028
859.260436
859.861402
860.098028
860.190638
860.324127
860.843213
860.977234
861.274767
861.409731
861.777060
862.041866
862.112154
862.240031
862.563287
862.806426
862.970511
863.321088
863.400018
864.713359
864.801997
864.825836
865.007944
865.053082
865.417421
865.459978
865.511997
865.662525
865.936835
866.003026
866.079252
866.131886
866.265498
866.513756
866.760212
867.276063
867.364577
867.483525
867.635405
867.952845
868.204667
868.282860
868.383990
868.567245
868.776264
868.831764
868.862034
869.002445
869.376737
869.862810
870.124339
870.341591
871.293501
871.369564
871.483064
871.498179
871.780352
871.827046
872.151818
872.297021
872.365548
872.455905
872.533688
872.992686
873.173033
873.307054
873.707274
873.883689
874.041221
874.325524
874.387948
874.553262
874.605896
874.659594
875.007590
875.317903
875.459502
875.727749
875.879956
876.094546
876.456264
876.526182
876.619121
877.444628
877.796762
878.072996
878.181417
878.401823
878.755308
879.333581
879.413453
879.496110
880.135987
880.736338
880.936468
880.979722
882.619884
882.725765
882.929582
883.315630
884.267336
884.521902
885.150556
885.808783
885.933466
886.380749
886.548644
886.631547
886.822052
887.345193
887.623025
887.707034
887.848837
887.948083
888.064164
888.267776
888.299028
888.760689
889.117409
889.689580
889.937920
890.210591
890.557604
890.939392
890.984817
890.986865
890.998866
891.160044
891.251917
891.308769
891.343340
891.453030
891.540357
891.598561
891.937505
892.077916
892.245033
892.508815
892.567142
892.854272
892.976620
893.419930
893.486735
893.599990
893.651968
893.714719
894.099661
894.106870
894.496891
894.856765
895.042396
895.068037
895.524413
895.691940
896.091218
896.384287
896.626115
896.645489
896.806420
897.015439
897.194312
897.568850
897.980539
898.144625
898.292654
898.395668
898.401239
898.589901
899.460751
899.512033
899.593175
899.688530
900.182548
900.269384
900.401603
900.435108
900.473815
900.948173
901.579325
901.932442
902.088335
902.100337
902.119997
902.643630
902.830572
902.972211
903.085179
903.195197
903.423918
903.914209
904.177951
904.300421
904.514150
904.535654
904.916378
905.013903
905.108808
905.405563
905.588490
905.667707
907.223532
907.971052
908.365701
908.401459
908.883436
908.973015
910.254858
910.452572
911.460065
911.907758
912.040714
912.155730
913.789624
913.885102
913.992540
915.090309
915.669565
915.842417
916.052337
917.458330
917.724324
917.967340
918.362194
918.559130
918.957588
919.052083
919.410770
919.535903
919.625073
919.670620
921.069691
921.198469
921.277317
921.841828
921.933292
921.974497
922.153165
922.775060
923.450941
923.695882
924.405719
924.543386
925.178020
925.221110
925.964861
926.324449
926.473339
927.273533
927.809987
928.492503
928.926433
929.065861
929.140081
929.349222
929.456660
929.721713
929.918484
930.767995
931.706593
931.794698
932.178698
932.855398
932.922860
933.541478
933.694382
933.762826
933.804974
933.892628
933.973975
934.034883
934.045286
934.067364
934.483149
934.881526
935.376527
935.388856
935.432888
935.516979
935.542620
935.774863
935.795220
936.115446
936.221327
936.408678
936.585093
936.971264
937.190359
937.362350
937.432801
937.533972
938.032210
938.043392
938.101719
938.180403
938.950410
939.680154
939.788001
939.935949
940.010783
940.069192
940.089139
940.851978
942.010081
942.493041
942.682194
943.001764
943.147131
943.227699
943.285043
943.488451
943.688172
943.729746
944.062423
944.536289
944.584212
944.724337
944.901571
945.570120
946.145362
946.318950
946.575483
946.978079
947.056353
947.463291
947.851715
947.920118
948.413235
948.417126
949.060608
949.115904
949.171610
949.298586
950.037914
950.734029
951.125279
951.180984
951.348961
951.510794
951.742710
952.372511
952.744223
953.800622
954.065224
954.645217
954.795581
954.955284
955.331953
955.817206
955.992719
956.014428
956.140216
956.231639
956.813435
957.149512
957.213204
957.371392
957.482557
957.630423
957.652337
957.685637
958.392730
958.745559
959.032361
959.827558
960.992051
961.061110
961.248379
963.690250
963.739279
964.487864
965.068063
965.144412
965.925274
966.013993
966.175580
966.203474
966.392832
966.490358
966.922117
967.212687
967.548723
967.767122
967.953900
968.423178
969.528893
969.951109
970.105405
970.201252
970.231767
970.319913
970.776412
970.977198
970.984980
971.937055
972.066980
972.595118
972.648489
972.697764
972.764570
973.009920
973.049938
973.500498
973.568000
973.773701
974.278697
974.645862
974.698496
974.786478
974.840177
974.972846
975.228682
975.472026
976.034529
976.341033
976.472596
976.843284
976.861880
976.912548
976.955638
976.960676
976.963543
977.681900
977.949286
978.279506
978.330337
978.415084
978.694472
979.366871
980.056228
980.286259
980.564623
980.752589
980.984177
981.675377
982.467748
982.877757
982.951444
983.615078
983.697736
983.723622
983.827128
984.684257
984.772772
985.406300
985.541919
986.177864
986.745446
987.442668
987.657216
987.757117
988.850586
988.906865
989.398835
989.881221
990.499267
991.340544
991.360328
991.440241
991.850209
991.942697
992.354714
992.643482
993.268285
993.921679
993.945477
994.322227
994.437857
994.533417
995.033334
995.146916
995.266150
995.459031
995.754025
995.869819
996.508385
996.929536
997.008548
997.281300
997.523743
997.694956
997.973606
998.106808
998.177096
998.621266
998.808535
999.356539
999.501619
999.929938
1001.107087
1001.357312
1001.849979
1002.226237
1002.530857
1003.274854
1004.100895
1004.193300
1004.330762
1004.539453
1005.261988
1005.966377
1007.325184
1007.424758
1007.701811
1007.715328
1007.777587
1007.867863
1007.943107
1007.959204
1007.965921
1007.997256
1008.156099
1008.350740
1008.468050
1008.522445
1008.944497
1009.158717
1009.479721
1009.548288
1009.640407
1009.686569
1009.793843
1009.832509
1009.914307
1010.268037
1010.351800
1010.677924
1011.052012
1011.627500
1012.672799
1013.364818
1013.884191
1014.083256
1014.730506
1015.693189
1015.730094
1015.739556
1015.900283
1016.342487
1016.403395
1016.544338
1016.691958
1016.744673
1016.944599
1017.197691
1017.304515
1017.829007
1018.102825
1018.207273
1018.385449
1019.288986
1019.327406
1019.401953
1020.126208
1020.183470
1020.415058
1020.799386
1021.312287
1021.356237
1021.419725
1021.491364
1021.820846
1021.926523
1022.005740
1022.055383
1022.196941
1022.468383
1022.609162
1022.977679
1023.038013
1023.762678
1024.222454
1024.845332
1024.953180
1025.049846
1025.200824
1025.207419
1025.309123
1025.410990
1025.491067
1025.713398
1026.431017
1026.884035
1026.982093
1027.223101
1027.557212
1027.775119
1027.881861
1028.399677
1028.636795
1028.863386
1028.996301
1029.088092
1029.317427
1029.789164
1031.016366
1031.320084
1031.614300
1032.283546
1032.394342
1032.555602
1032.934072
1033.032950
1033.271378
1033.362924
1033.421660
1034.878730
1034.913300
1036.113510
1036.190392
1036.486410
1036.706202
1036.816179
1037.464781
1037.542687
1038.019584
1038.057636
1038.420132
1038.478418
1038.560543
1038.933893
1038.985708
1039.073526
1039.153111
1039.201567
1039.452897
1039.806996
1040.165233
1040.455557
1040.661709
1041.070694
1041.355162
1041.515151
1042.487378
1042.739855
1043.465216
1043.473777
1043.482460
1043.506217
1043.745096
1043.982828
1044.064379
1044.350444
1044.645069
1044.697743
1044.860969
1044.909425
1045.286584
1045.994783
1046.219448
1046.223708
1046.536151
1046.855393
1046.929326
1047.300997
1048.462746
1048.699208
1049.742418
1049.796444
1051.136942
1051.393270
1051.838013
1051.945083
1052.618588
1052.666798
1052.685722
1052.792054
1053.420052
1053.655695
1053.714268
1053.818716
1054.375117
1055.279514
1056.688456
1057.193902
1057.307075
1057.395958
1057.414676
1057.566597
1057.707827
1058.061722
1058.339144
1058.357371
1058.852086
1058.950308
1059.368796
1059.657441
1059.910697
1060.414464
1060.435231
1060.486513
1060.555489
1061.022556
1061.240586
1061.331313
1062.207119
1062.834299
1062.925885
1063.076332
1063.540900
1064.460001
1064.997396
1065.292145
1065.623757
1065.726771
1066.175488
1066.403308
1066.619494
1067.052564
1067.176346
1067.178598
1067.275592
1067.324129
1067.380982
1067.399823
1067.554079
1067.615396
1067.703542
1067.864965
1067.955364
1068.413952
1069.131612
1069.567549
1069.651558
1069.956219
1070.207795
1071.718687
1072.234742
1072.322355
1072.441999
1073.912177
1074.139218
1074.336850
1074.972017
1075.035791
1075.290890
1076.286095
1076.326400
1076.401111
1076.563272
1077.835162
1077.968241
1078.181396
1078.224036
1078.551429
1079.378780
1079.635149
1079.827128
1079.963812
1080.100413
1080.220836
1080.349450
1080.447017
1081.031025
1081.396838
1081.477243
1082.391101
1082.479247
1082.589962
1082.836992
1083.207516
1083.393597
1083.963802
1084.452577
1084.601344
1085.667983
1086.993039
1087.544975
1087.780372
1087.873884
1087.967805
1088.151265
1088.301711
1088.404275
1089.521050
1089.569833
1089.631191
1090.171904
1090.577490
1090.813829
1090.987254
1091.392102
1091.605463
1092.523049
1093.101568
1093.772698
1093.780316
1094.033367
1094.140969
1094.377103
1094.491832
1094.677586
1094.865142
1094.917079
1095.096074
1096.042660
1096.354447
1096.708669
1097.038275
1097.150505
1097.170821
1097.219072
1097.298248
1097.395118
1097.615483
1098.126868
1098.230006
1098.734674
1098.829332
1099.341988
1099.439882
1099.610030
1100.656681
1100.894495
1100.910141
1101.119242
1101.295575
1101.816095
1101.949501
1102.246994
1102.364303
1102.542193
1102.919516
1103.348982
1103.620260
1103.788114
1103.948145
1104.021258
1104.249201
1104.470917
1104.987587
1105.116611
1105.625006
1105.725686
1106.104197
1106.320916
1106.813829
1107.178537
1107.270246
1107.348193
1107.408486
1107.771474
1108.481679
1108.591165
1108.740424
1109.750211
1110.358876
1110.580511
1110.814966
1111.418716
1111.520788
1111.568384
1111.626547
1111.988470
1112.077271
1112.112456
1112.383037
1112.418632
1112.480604
1112.553103
1112.597627
1113.288950
1113.988710
1114.057892
1114.266870
1114.324460
1115.105034
1115.501732
1115.608760
1116.036301
1116.251054
1116.877455
1117.477970
1117.995868
1118.114529
1118.283694
1119.298109
1119.379538
1119.394693
1119.401615
1119.450276
1119.745475
1119.770010
1119.933645
1120.287089
1120.539238
1121.498931
1121.617469
1121.821901
1122.976317
1123.720520
1123.928719
1124.183368
1124.295148
1124.487619
1124.648059
1125.235999
1125.550981
1125.600420
1126.882017
1128.752374
1129.056543
1129.537290
1129.590784
1129.949553
1129.978102
1130.298778
1130.546545
1130.994565
1131.375165
1131.700961
1131.760804
1131.811635
1131.968430
1132.006359
1132.442010
1132.544492
1133.592003
1133.874872
1134.254285
1134.315602
1134.413865
1134.545920
1134.561157
1134.571274
1134.664008
1135.768084
1135.838618
1136.718111
1136.910254
1137.289667
1137.641718
1138.367160
1138.397798
1138.473615
1139.150643
1139.391324
1139.454935
1139.532431
1139.745464
1140.089938
1141.037670
1141.159608
1141.719040
1141.885460
1142.130606
1142.198108
1142.305014
1142.565151
1142.836224
1142.949683
1142.953206
1143.088783
1143.104635
1143.451156
1143.541309
1143.662510
1144.409293
1144.543805
1144.800870
1145.302508
1145.353708
1145.427558
1145.605243
1145.884467
1146.956718
1147.048878
1147.108721
1147.903222
1149.209846
1149.282017
1149.523968
1149.615268
1149.934756
1150.454497
1150.924677
1151.389041
1153.458708
1153.659290
1153.802281
1155.108045
1156.324598
1156.843397
1157.120451
1158.750372
1159.629660
1161.310167
1161.404703
1161.616794
1161.691423
1161.830605
1161.963807
1162.068009
1162.077757
1162.222674
1162.355098
1162.472653
1162.516234
1162.567393
1163.110400
1163.278213
1163.349770
1164.331950
1166.336369
1166.784348
1166.873928
1167.028101
1167.049728
1167.502049
1168.710943
1168.742072
1170.223964
1170.270536
1171.084780
1171.459973
1174.234563
1174.303662
1174.505759
1174.526075
1175.046717
1175.162716
1175.537254
1176.059945
1176.255078
1176.594473
1177.134817
1177.675203
1178.164142
1178.736968
1179.354685
1179.592049
1180.167537
1180.261827
1180.586721
1180.795740
1180.946145
1181.287547
1181.340303
1181.465149
1181.721395
1181.783695
1182.532198
1182.956749
1183.089869
1183.188050
1183.682191
1183.763743
1184.089416
1184.187924
1184.679404
1184.848323
1185.533256
1185.946788
1186.188165
1186.640937
1186.722243
1187.341435
1187.943752
1187.975537
1189.337170
1190.007398
1190.170460
1190.358139
1190.860513
1191.192207
1191.199949
1191.924818
1192.604590
1193.079972
1193.732792
1193.824625
1195.344282
1195.480269
1196.813844
1196.921610
1197.177856
1197.295821
1197.514711
1197.730693
1198.270095
1199.049236
1199.231836
1199.291433
1199.890145
1200.605389
1201.199800
1201.295278
1201.615708
1201.676370
1201.905295
1202.169610
1202.226135
1203.001754
1203.234284
1203.579085
1204.075151
1204.106445
1204.193690
1204.287283
1204.301128
1204.439327
1204.480983
1204.695654
1204.964516
1205.753405
1205.932278
1206.243082
1206.921421
1206.998630
1208.390533
1208.532009
1208.935055
1210.550723
1210.757448
1210.809795
1210.889380
1210.986537
1211.102290
1211.407114
1211.429396
1211.503247
1211.783782
1213.169992
1213.238436
1213.603389
1213.999186
1214.326006
1214.434755
1215.239004
1215.393792
1215.701524
1216.280412
1216.327844
1216.342630
1216.511263
1216.555131
1216.591176
1216.928850
1217.069670
1217.115914
1217.252024
1217.802281
1218.350326
1218.711142
1219.408323
1219.775283
1220.328653
1220.629545
1221.099930
1221.726904
1221.816566
1222.068756
1222.257664
1222.597345
1223.259095
1223.620895
1224.097423
1224.286331
1225.109586
1225.529958
1225.664512
1226.822328
1227.850547
1228.358083
1228.503245
1228.918252
1229.893468
1230.269399
1230.823219
1231.168266
1231.649096
1231.869379
1232.042271
1232.956867
1233.730068
1234.396856
1234.612552
1235.119677
1235.829228
1235.850609
1235.952886
1236.061102
1236.315955
1236.367155
1236.482990
1236.811612
1237.412209
1237.505311
1237.595955
1237.919252
1238.016082
1238.168945
1238.808371
1240.105943
1240.206213
1240.352481
1240.761344
1241.144975
1241.461473
1241.650586
1241.724518
1242.400604
1242.494730
1242.507100
1243.086438
1243.696210
1243.736310
1243.847926
1243.907400
1244.053586
1244.462203
1244.515205
1245.627720
1245.687972
1246.997832
1247.200543
1247.381340
1247.441920
1247.680963
1247.890924
1248.375316
1248.547963
1248.580731
1249.265623
1249.325875
1249.489019
1249.578885
1249.730888
1250.050867
1250.189763
1251.024036
1251.454566
1251.640852
1252.337541
1252.473815
1252.979712
1252.998636
1253.825618
1253.940388
1254.134129
1254.207775
1254.743572
1254.821069
1254.931579
1256.092262
1256.346624
1256.480563
1256.953979
1257.864888
1257.948078
1258.058097
1258.559119
1258.611507
1259.854438
1260.057559
1260.741304
1261.142262
1261.334159
1261.771489
1263.044116
1263.115469
1264.653804
1264.698573
1268.891156
1269.497487
1269.668004
1271.046472
1271.295345
1272.959345
1273.744261
1274.659717
1275.061985
1275.079025
1275.331420
1275.527864
1275.878973
1277.106463
1277.646193
1278.284063
1278.997627
1279.573361
1279.676948
1279.842673
1280.251617
1280.376095
1280.430326
1280.781394
1280.965304
1281.029652
1281.386742
1281.676861
1281.725809
1281.843241
1281.922949
1281.944412
1282.172723
1282.662482
1282.821612
1283.177554
1283.527803
1285.022228
1285.278802
1285.500764
1285.639004
1285.929206
1286.234726
1286.394225
1286.522634
1286.683771
1286.693888
1286.913229
1287.323034
1287.491871
1287.499162
1287.689175
1287.941038
1288.075592
1288.650301
1289.426412
1290.553713
1290.909000
1291.265516
1292.098847
1292.542239
1292.877742
1294.553989
1296.449823
1296.790692
1297.582612
1297.963377
1298.305188
1299.582321
1299.800515
1300.197089
1301.325169
1303.591363
1304.079155
1304.184504
1304.749466
1304.889672
1305.229148
1305.504973
1306.098074
1307.048059
1307.079762
1307.170857
1307.320607
1307.927388
1308.152832
1310.733967
1311.170929
1312.693371
1312.779182
1312.793641
1312.899973
1313.012654
1313.558446
1313.751859
1313.921638
1314.158264
1314.497577
1315.309036
1315.462144
1317.797233
1317.940265
1319.189422
1319.240499
1319.350108
1319.491092
1319.524925
1319.827497
1319.996334
1321.306931
1321.438904
1321.504522
1323.274363
1323.453891
1325.043180
1325.286564
1327.235195
1328.150364
1328.217211
1328.354427
1328.655360
1331.280650
1332.418437
1332.955709
1333.804892
1333.998100
1334.258483
1336.610243
1338.272358
1338.438124
1338.573251
1338.582835
1338.671636
1338.912154
1338.977403
1339.383931
1339.634319
1339.808031
1341.944340
1342.213366
1343.185633
1343.424143
1343.778693
1343.803965
1344.999956
1346.120909
1347.330908
1348.557947
1349.255864
1349.446533
1350.474301
1351.457300
1352.948900
1356.239544
1356.430746
1359.780536
1360.544481
1361.732567
1362.029937
1364.949934
1365.135401
1365.765693
1365.852611
1365.953700
1366.037791
1366.576415
1367.144735
1367.867269
1368.752210
1369.098158
1369.714606
1373.401006
1374.880850
1376.235233
1377.390838
1377.453752
1379.006915
1379.118735
1379.618734
1379.829146
1379.849052
1379.956654
1380.044308
1380.143718
1380.303176
1380.790190
1381.445509
1381.751153
1383.005716
1383.590912
1384.710185
1384.769700
1384.775229
1384.870420
1385.906627
1386.020413
1386.637722
1387.485225
1388.350546
1388.756869
1390.300733
1390.442086
1391.394202
1396.822426
1396.976722
1397.368504
1398.052372
1398.281626
1398.393856
1402.918298
1403.796767
1404.228772
1404.844237
1404.932833
1405.437542
1405.724385
1405.841695
1406.002422
1406.239293
1406.381834
1406.910587
1407.966208
1410.701189
1411.014083
1411.299697
1413.212119
1413.986017
1415.011615
1415.819223
1416.634532
1417.078006
1417.311805
1417.325036
1417.546547
1417.629164
1418.052403
1418.182410
1420.458721
1420.609905
1420.854477
1421.168845
1421.357466
1421.818429
1422.257193
1422.382080
1423.641764
1423.949496
1424.038994
1424.536781
1424.913777
1425.208607
1425.399521
1425.756488
1426.406236
1426.665554
1426.703278
1428.395172
1428.746895
1428.833526
1428.879974
1429.629133
1429.707162
1430.119424
1430.258811
1430.406062
1430.537298
1430.590177
1430.954516
1431.029678
1431.177052
1432.418099
1434.530284
1435.363656
1437.204521
1437.572792
1439.579300
1439.608259
1440.407388
1440.439542
1440.954737
1441.176003
1441.205944
1441.277051
1442.017608
1442.288230
1442.406277
1442.636104
1443.233710
1443.683451
1443.770655
1444.146627
1444.234609
1444.391240
1444.639252
1445.023212
1445.350973
1445.921587
1446.069125
1446.297887
1446.468485
1447.055442
1447.181107
1447.327334
1447.548641
1447.861535
1448.886108
1450.377503
1453.425213
1453.876142
1453.877985
1454.681866
1454.745436
1455.085937
1457.297572
1458.582528
1458.787779
1459.052790
1460.350607
1460.864901
1462.914826
1465.110733
1465.179546
1466.140221
1467.056824
1467.518771
1467.938570
1468.130222
1468.876841
1472.379044
1472.689930
1472.776438
1472.979886
1475.357123
1475.587441
1476.577935
1476.856586
1477.801370
1478.125732
1478.602260
1478.657884
1478.679839
1478.712197
1479.743119
1479.967293
1480.121713
1480.482980
1481.408225
1481.911665
1482.276659
1482.380493
1483.143578
1483.410473
1484.340716
1484.502344
1484.789678
1486.891008
1486.917100
1487.130092
1487.219794
1487.242732
1487.262679
1487.419187
1487.718154
1487.990866
1488.266486
1488.334807
1488.414188
1488.552182
1489.908654
1490.200945
1490.450350
1491.654656
1491.966771
1493.435187
1494.031237
1494.061384
1495.461151
1495.744881
1495.784776
1496.358093
1496.485437
1496.495186
1496.772772
1496.851620
1496.937062
1496.984863
1497.149972
1497.282519
1497.369928
1497.762652
1497.923338
1498.074522
1498.336543
1499.198218
1500.120351
1500.721521
1500.759777
1500.936397
1500.942746
1501.111255
1501.857792
1502.022164
1502.410424
1502.572175
1502.617518
1503.152988
1504.073769
1504.667279
1505.606574
1506.451661
1506.730557
1507.065774
1507.396280
1507.526574
1508.779991
1508.814766
1509.701427
1511.604797
1511.830856
1511.980728
1512.695726
1512.919654
1513.188844
1513.259418
1513.656197
1513.731891
1514.140303
1514.247864
1514.503537
1514.794435
1515.064648
1515.612652
1515.721155
1516.872212
1517.460070
1517.867090
1518.892114
1518.965064
1519.722496
1520.075612
1520.537559
1520.749691
1521.602929
1521.757716
1522.158756
1522.345329
1522.466120
1523.950223
1524.108575
1524.970947
1525.583708
1525.886894
1525.968527
1526.260326
1527.001784
1527.093780
1527.185613
1527.248609
1527.358546
1527.439196
1527.558554
1528.213627
1529.435218
1530.216735
1530.573373
1530.916332
1531.228160
1531.380818
1531.627069
1531.694531
1531.861811
1532.108595
1532.260352
1532.475720
1532.814459
1532.903834
1533.216072
1533.730447
1533.969531
1534.511227
1534.581473
1535.093268
1535.512658
1536.168837
1536.657613
1536.982835
1537.028833
1537.326612
1537.853194
1539.900989
1542.164603
1543.039549
1543.055770
1543.323116
1543.361905
1543.371407
1543.418675
1543.553679
1544.124744
1544.269742
1544.428134
1544.523284
1544.761795
1545.538642
1545.652060
1546.090004
1547.088650
1547.195187
1547.715502
1547.952128
1548.113510
1548.151112
1548.373852
1548.431319
1548.660285
1548.861276
1549.505987
1549.571850
1550.233559
1550.308393
1550.440489
1550.593229
1551.278408
1551.689482
1552.236626
1553.003069
1553.755177
1554.765742
1555.050250
1555.145605
1555.583754
1556.038410
1556.786545
1557.995233
1558.290473
1559.840932
1560.036393
1560.247132
1560.962458
1561.008333
1562.060841
1562.549330
1564.379668
1564.719227
1565.489562
1565.852017
1567.283487
1567.304663
1568.795812
1569.976443
1570.720113
1570.975785
1571.237396
1573.090550
1573.165834
1573.402952
1573.522227
1574.032179
1574.191104
1574.376735
1574.431662
1574.712893
1574.786703
1574.915318
1575.395246
1575.729029
1576.223662
1576.404541
1577.120727
1577.508495
1577.812255
1578.432676
1578.573865
1579.510006
1580.306842
1580.680888
1581.022208
1581.229548
1581.579264
1582.173430
1582.727823
1583.963382
1584.195830
1585.092608
1585.757716
1586.180465
1586.650685
1587.141755
1587.220849
1588.396564
1588.907295
1589.036073
1589.285601
1590.285435
1590.787113
1591.308411
1591.628677
1592.058593
1592.103076
1592.488714
1593.872630
1594.914447
1595.573535
1597.121577
1597.557555
1599.113912
1600.850125
1601.857823
1602.589983
1602.688082
1602.844836
1602.986639
1603.598131
1655.067771
1655.423222
1656.124621
1656.488673
1656.591155
1657.818849
1658.439844
1658.948485
1659.608801
1659.718410
1659.809341
1660.257403
1660.341412
1660.350054
1660.559278
1660.825231
1660.925501
1661.159997
1661.352100
1662.121124
1662.681743
1663.746540
1663.871427
1664.855081
1664.913736
1664.951583
1665.298145
1665.661501
1667.299164
1667.566674
1667.761193
1667.860111
1668.119962
1668.149330
1668.167844
1668.284785
1668.419256
1668.494746
1668.605379
1668.687667
1669.003796
1669.895782
1669.951857
1670.404178
1670.807224
1670.979953
1671.131873
1671.149281
1671.248937
1671.461929
1671.706829
1672.081654
1672.575754
1672.727921
1672.845312
1673.710387
1673.807954
1673.866404
1674.097459
1674.334659
1674.812006
1675.153818
1675.189780
1675.282596
1675.338097
1675.358290
1675.843953
1676.752896
1676.979855
1677.502710
1677.722788
1677.847962
1677.940941
1678.110351
1680.525394
1680.574915
1680.636518
1680.657572
1680.751165
1680.778076
1681.594614
1682.002616
1682.806211
1682.935931
1683.435151
1683.475251
1684.025672
1684.147610
1684.526653
1684.947190
1685.323366
1685.402583
1685.457961
1685.911593
1686.430638
1688.328028
1688.499896
1688.848015
1688.997478
1690.092790
1690.548552
1690.582180
1690.632888
1690.799391
1691.112202
1691.268751
1691.294474
1691.298529
1691.458150
1691.593728
1693.127639
1693.286810
1693.388104
1693.801554
1694.038221
1694.153073
1694.440612
1694.472888
1694.726472
1694.895800
1695.083151
1695.090115
1696.362455
1696.523469
1696.799580
1696.843817
1697.023345
1697.842217
1698.266358
1698.281103
1698.454979
1698.483651
1698.492908
1698.742518
1699.029770
1699.196805
1699.202253
1699.530752
1699.583181
1700.329062
1701.502198
1701.612995
1702.618522
1702.986301
1703.029883
1703.156982
1703.353590
1703.509279
1703.826186
1703.906918
1704.062280
1704.171561
1704.273797
1704.294236
1704.431616
1704.584888
1705.764495
1706.174587
1706.461553
1706.507059
1706.569933
1706.654925
1706.962125
1707.355709
1708.205711
1708.308111
1709.075046
1709.236347
1709.519749
1710.085202
1710.298644
1710.386422
1711.283692
1711.627756
1711.665398
1711.977554
1712.000696
1712.227533
1712.620339
1712.659988
1712.770294
1712.897925
1712.999588
1713.260380
1713.374044
1713.525637
1714.377974
1714.467389
1714.663342
1714.941420
1715.241533
1715.290726
1715.337789
1715.657810
1715.754148
1715.884155
1716.307599
1716.963901
1717.505638
1717.573796
1717.601198
1717.975818
1718.224118
1719.250330
1719.428301
1719.530250
1720.816722
1722.342195
1722.505544
1722.967450
1724.103434
1724.148941
1724.179251
1725.353042
1726.099087
1726.160200
1726.210007
1726.911078
1726.979932
1729.536696
1729.901404
1731.267789
1731.888292
1732.496343
1732.509901
1732.606525
1732.613693
1732.914381
1733.217853
1733.417247
1733.438587
1733.498307
1733.907210
1734.088294
1734.905324
1736.052695
1736.386560
1736.446239
1736.611226
1737.086362
1739.250442
1739.486249
1739.756913
1739.890852
1739.928986
1739.952333
1740.363121
1740.632023
1742.863114
1742.930862
1743.263908
1745.391043
1746.778153
1747.429499
1747.623117
1748.407173
1748.480819
1748.969964
1749.058970
1749.074330
1749.338030
1749.363876
1749.584978
1750.906061
1750.999859
1751.281459
1751.476797
1751.694172
1751.738491
1751.827415
1752.303043
1752.394342
1752.632279
1752.663941
1752.884388
1753.310904
1753.356902
1754.539581
1755.816919
1757.323592
1757.504840
1757.934428
1758.542971
1758.614979
1759.358444
1759.701197
1759.931515
1761.289667
1761.623163
1761.747763
1762.136760
1762.520351
1762.886533
1765.528371
1765.780849
1765.801820
1765.873500
1766.266757
1766.637568
1766.658744
1766.921503
1767.170130
1767.454884
1767.596933
1767.865098
1768.089395
1768.220795
1768.413020
1768.951316
1769.026191
1769.740534
1770.415677
1770.862428
1771.075707
1772.298732
1772.318597
1772.364595
1772.367995
1772.458148
1772.590735
1772.758426
1773.705912
1774.053949
1774.365655
1774.471619
1775.444296
1775.829770
1776.313385
1776.680591
1776.856678
1776.915538
1777.004995
1777.046118
1777.171456
1777.969644
1778.064261
1778.672189
1778.711224
1779.098583
1779.658916
1779.877437
1780.100014
1780.181729
1780.230554
1780.555940
1781.457060
1781.612626
1781.622292
1782.732595
1783.487078
1783.506002
1783.731118
1783.940342
1784.112538
1784.179712
1784.437883
1784.675738
1784.774205
1784.845230
1786.902897
1787.169341
1787.589632
1787.863409
1787.986125
1788.965601
1789.149839
1789.618463
1790.676623
1790.866432
1790.920827
1791.071601
1791.179448
1791.221637
1791.241871
1791.652209
1792.018268
1792.086876
1792.157164
1792.504218
1792.880394
1793.081631
1793.313751
1794.034401
1796.096205
1796.156826
1796.165755
1796.610007
1796.639580
1796.851835
1797.592023
1797.684634
1798.333604
1798.436413
1798.857032
1799.074120
1799.185080
1799.251026
1799.475036
1799.607828
1799.970775
1800.965243
1801.195766
1801.556746
1801.650176
1801.826099
1802.032988
1802.140099
1802.179011
1802.344079
1802.762117
1802.842849
1803.146772
1803.190395
1803.309629
1803.520000
1804.849029
1804.862095
1804.944794
1804.974653
1804.997386
1805.513318
1806.048584
1806.070333
1806.433608
1806.745764
1807.192883
1808.936059
1809.075692
1809.261445
1809.285775
1809.388012
1809.555743
1810.377032
1810.433556
1810.630492
1810.968330
1811.747963
1811.946742
1812.012155
1813.486182
1813.916959
1813.986632
1814.028943
1814.517473
1816.266916
1816.862638
1816.943780
1817.066414
1817.471386
1817.871852
1818.217800
1818.619290
1819.085005
1819.814257
1819.929764
1820.525199
1821.389251
1821.861110
1822.836081
1822.976696
1823.009587
1823.577948
1823.600353
1823.793275
1823.920292
1824.002703
1824.056197
1824.132506
1824.253583
1824.421396
1824.528220
1824.627548
1824.779223
1825.068155
1825.249731
1825.440317
1825.720361
1825.869988
1826.084004
1826.205123
1826.280858
1826.330132
1826.415411
1826.553856
1826.821243
1826.841969
1827.160515
1827.347456
1827.508716
1827.989340
1828.486390
1828.792893
1829.078835
1830.669804
1830.726287
1831.544750
1831.732961
1832.989286
1833.087672
1833.525043
1833.900524
1834.608312
1835.831296
1836.346573
1836.405309
1836.535603
1837.059809
1837.259899
1837.649920
1838.901658
1839.757926
1839.825060
1839.840748
1840.028385
1840.062874
1840.106701
1840.565699
1840.662897
1840.688865
1840.860733
1841.263985
1842.174157
1842.300436
1842.593915
1842.717245
1842.851512
1843.173089
1843.254108
1844.830740
1845.205115
1845.243658
1845.400044
1845.549302
1845.826273
1845.887590
1845.963121
1846.060646
1846.152233
1846.272778
1846.346056
1846.352896
1846.546391
1846.560113
1847.622820
1847.792845
1848.154808
1849.339863
1849.357230
1850.023322
1850.150543
1850.448118
1851.838628
1852.887613
1853.140255
1853.229834
1853.316669
1855.021793
1855.106499
1855.203901
1855.587000
1855.714304
1856.238182
1857.222574
1857.267016
1858.618245
1858.644746
1858.683904
1859.263488
1859.601859
1860.688691
1861.027553
1861.983683
1862.847652
1863.519560
1863.664763
1864.007967
1864.968028
1865.559491
1865.662013
1865.746432
1866.128712
1866.159882
1866.402161
1866.528932
1866.598687
1866.679992
1866.946683
1868.979937
1869.447168
1871.115387
1871.137137
1871.210988
1871.227208
1871.824978
1872.201155
1872.277463
1872.387359
1873.553490
1873.786102
1873.993851
1874.048369
1874.718065
1876.193935
1876.996588
1877.306204
1878.103613
1878.221251
1878.232515
1878.255575
1878.578586
1878.648586
1878.658212
1878.968934
1879.308861
1879.464100
1881.254707
1881.344696
1881.392128
1881.935585
1882.032497
1882.304389
1882.550518
1882.649723
1882.718577
1883.243479
1883.640095
1884.260639
1886.938808
1888.065495
1888.423977
1889.109484
1889.440932
1889.595556
1889.652449
1889.889034
1890.720236
1891.070444
1891.910779
1892.015309
1895.047373
1895.236977
1895.477535
1896.084767
1896.381768
1896.506696
1896.918753
1897.076900
1897.098691
1898.475520
1898.554368
1898.676470
1898.792960
1900.387942
1900.692029
1900.738396
1900.809708
1901.066240
1901.435945
1902.942208
1903.335137
1903.388180
1904.624312
1905.024492
1905.156219
1905.764188
1906.650112
1906.805105
1907.731702
1907.774095
1907.811041
1907.891569
1907.966198
1908.265165
1908.454564
1909.112996
1909.185413
1909.281628
1910.618767
1910.724444
1911.065068
1911.149650
1913.589924
1913.705103
1913.912730
1913.938534
1913.975439
1914.068050
1914.207314
1914.669220
1915.273175
1915.617157
1916.067717
1916.826051
1917.054935
1917.428163
1917.483745
1917.564682
1917.976084
1918.574305
1918.789427
1918.835589
1918.911529
1919.216394
1919.533056
1919.861309
1919.981568
1920.477307
1920.630989
1921.039647
1921.303265
1922.636800
1923.778396
1924.531732
1924.630036
1925.061468
1925.260780
1926.156739
1926.192620
1926.245745
1926.284083
1926.780396
1926.942310
1927.011164
1927.485399
1927.803085
1927.957627
1928.408596
1928.564285
1929.199616
1929.244508
1929.456804
1929.747702
1930.687324
1931.432960
1931.584389
1933.204726
1933.310034
1935.821865
1936.321167
1936.760340
1936.804946
1938.204180
1938.632745
1939.422454
1939.543818
1941.446738
1941.808415
1942.644122
1942.824100
1942.901883
1943.697367
1943.823073
1944.218214
1944.305500
1944.365957
1945.665249
1947.952783
1949.444547
1950.070784
1950.167900
1951.130255
1951.838536
1953.119027
1954.372772
1955.041485
1956.293714
1956.610949
1957.268193
1957.545492
1958.092923
1958.303703
1959.094682
1959.743980
1961.226199
1961.425674
1961.441075
1962.563666
1962.761871
1963.130839
1963.465114
1963.545928
1965.808148
1965.995540
1966.506967
1966.829609
1967.027978
1968.394445
1970.413158
1971.558728
1972.159939
1973.595218
1973.999575
1975.034388
1978.232340
1978.457498
1979.910922
1980.122153
1980.929516
1981.732905
1984.789545
1986.515722
1990.093496
1990.207652
1990.273106
1992.210883
1992.556134
1992.699494
1993.541550
1993.937428
1993.994813
1994.057441
1994.119864
1994.202071
1994.640261
1994.805576
1995.054203
1996.091720
1996.571689
1997.142016
2000.597443
2001.339965
2002.475008
2002.512527
2003.831357
2004.216586
2005.857690
2006.189711
2006.627779
2007.027548
2007.096771
2007.668408
2008.071414
2009.687736
2009.768837
2009.791324
2009.801318
2009.989652
2010.505830
2010.820649
2010.838835
2011.218616
2011.317084
2011.858289
2012.098355
2012.289229
2012.378399
2012.464415
2012.713574
2013.594501
2014.376182
2014.491197
2014.941880
2015.281766
2015.388590
2015.616287
2016.328704
2016.425656
2017.145938
2017.561518
2017.962762
2019.191562
2019.704177
2019.712451
2020.478648
2020.968858
2020.983357
2021.049631
2021.159035
2021.837373
2022.104965
2023.071621
2023.165256
2023.193313
2023.367311
2023.540204
2023.583212
2024.339907
2024.688026
2024.900076
2025.248113
2025.316229
2025.323356
2025.368740
2025.759334
2025.797632
2026.224435
2026.406052
2026.479002
2027.206533
2027.249336
2027.442708
2027.573412
2027.769037
2027.943977
2028.294185
2028.305080
2028.385853
2028.441846
2028.865946
2030.645043
2033.275290
2033.798676
2034.930237
2034.962473
2035.037020
2035.181486
2035.408323
2036.718223
2036.877230
2037.307515
2038.107054
2039.328113
2039.531438
2039.965778
2040.822579
2040.906465
2041.571123
2041.692815
2041.817211
2041.908675
2042.107986
2043.056415
2043.582382
2044.177818
2044.321710
2044.361605
2044.512502
2044.546376
2045.014262
2045.112934
2045.729260
2046.588764
2047.007375
2047.388508
2048.207872
2048.642376
2049.093263
2049.111286
2049.533297
2050.358641
2050.977219
2051.405988
2051.723387
2052.319846
2052.326973
2052.741939
2052.914463
2053.437932
2054.368625
2054.378496
2054.530785
2054.633144
2054.945260
2055.078543
2055.240172
2056.682414
2056.847319
2056.918876
2056.941158
2057.242542
2057.767690
2058.249380
2058.274161
2058.382868
2059.018199
2059.197563
2059.346248
2059.698053
2059.795292
2061.061775
2062.118707
2062.405140
2062.838702
2063.251948
2063.334523
2063.501599
2063.641354
2063.888179
2064.054600
2064.361062
2064.406938
2064.731218
2065.393091
2065.665597
2065.773445
2066.440233
2067.352248
2067.992740
2068.021699
2070.970245
2071.767982
2071.922401
2072.292680
2072.551137
2072.639488
2073.092383
2073.160090
2073.692570
2073.799270
2074.085048
2074.114867
2074.123346
2074.153902
2074.278666
2074.339164
2074.554040
2075.175977
2075.981660
2076.059525
2077.087334
2078.686495
2079.231427
2079.310275
2079.662449
2079.773409
2080.425411
2080.438641
2080.523551
2080.606986
2080.644137
2081.513677
2082.508595
2083.493069
2083.562168
2083.822060
2084.952678
2086.186803
2086.629704
2086.868337
2087.040287
2087.915069
2089.188639
2089.495757
2089.607782
2090.582671
2090.917396
2093.199606
2094.291026
2094.370038
2094.668923
2094.911447
2094.952243
2095.368069
2095.494472
2095.755100
2095.854223
2095.901983
2096.333005
2096.400261
2096.679608
2097.002660
2097.408082
2098.661212
2100.266844
2100.454523
2100.851466
2100.991795
2101.019525
2101.046108
2101.405286
2101.606195
2101.788467
2101.869937
2102.203761
2102.207119
2102.211256
2102.286459
2102.375219
2103.355023
2103.403807
2103.651983
2104.517140
2104.610243
2104.715387
2104.848671
2104.898109
2105.232097
2105.251635
2105.258066
2105.736765
2107.700511
2108.115763
2108.636856
2108.727788
2109.019423
2109.401088
2109.842309
2109.945201
2110.189363
2110.609408
2110.686945
2111.039898
2111.134556
2111.294710
2113.155686
2115.460465
2117.139087
2117.538652
2117.823775
2118.228009
2118.538363
2119.414579
2120.210964
2120.267940
2120.430100
2120.771297
2120.848056
2121.026437
2121.129533
2121.659105
2123.249992
2123.957330
2124.282429
2124.863980
2125.251830
2125.873480
2125.988987
2126.555628
2127.406899
2127.628657
2127.783404
2128.757350
2129.642619
2131.346063
2131.598664
2131.820749
2132.720558
2133.988680
2134.305178
2134.817546
2135.323935
2135.581614
2135.644652
2136.058593
2136.601969
2136.789606
2137.419817
2137.609789
2137.913876
2138.123510
2138.254950
2138.407035
2140.213084
2140.223488
2140.498493
2140.823020
2140.917596
2142.093066
2144.039158
2145.363886
2145.835909
2146.219540
2146.408858
2146.722365
2147.107512
2148.035379
2148.269015
2148.337541
2148.463534
2148.525343
2153.342607
2153.486336
2153.878241
2157.902234
2160.675881
2161.520968
2161.567990
2161.789706
2161.946132
2163.474022
2163.624960
2163.655066
2163.774095
2163.985285
2164.084040
2164.210852
2164.328489
2165.265244
2165.742141
2166.537421
2167.363625
2168.021074
2168.152392
2168.299766
2171.835433
2172.122890
2172.321055
2173.294920
2174.828503
2175.351112
2176.019087
2176.272835
2176.650445
2177.305887
2177.800397
2177.903575
2180.022108
2180.418765
2180.463165
2180.804977
2181.080678
2181.590139
2181.632041
2181.718467
2181.890048
2182.081372
2182.271877
2182.954148
2183.132529
2183.317668
2183.491174
2183.794606
2186.550272
2187.884421
2188.248719
2188.254945
2188.289065
2189.946921
2189.976044
2190.101996
2190.192804
2190.250066
2190.616412
2190.747402
2191.135867
2191.359017
2192.247194
2193.810555
2194.245100
2194.394644
2196.149084
2196.597064
2198.025708
2198.350234
2201.157468
2201.664635
2201.856696
2202.096681
2202.631741
2202.696294
2202.729923
2202.941522
2203.168850
2203.821425
2204.138250
2204.699279
2205.079470
2205.691781
2205.750682
2205.811139
2208.185016
2208.719831
2208.836403
2209.701519
2210.727158
2211.947438
2212.239974
2213.026406
2213.674066
2214.928425
2216.385700
2216.662548
2216.824095
2217.038848
2217.068831
2217.203671
2218.677330
2220.389622
2221.063619
2222.136771
2222.246707
2223.950397
2225.514004
2226.258985
2227.816202
2227.859988
2228.292280
2228.407624
2228.800553
2229.493228
2230.236283
2230.292439
2230.454272
2230.658621
2230.735708
2232.695398
2233.029140
2233.262694
2237.263094
2237.326705
2237.681091
2237.835633
2238.703534
2239.404073
2239.427584
2239.464325
2239.623660
2364.052193
2364.540150
2364.545556
2364.777144
2364.859310
2364.950815
2365.164380
2365.203784
2365.622395
2365.857014
2365.865329
2366.206812
2366.679613
2367.777219
2367.922176
2367.926190
2367.935898
2368.005038
2368.049439
2369.715978
2369.755423
2370.258780
2370.382889
2370.407055
2370.479022
2370.590269
2370.757509
2371.171656
2372.465705
2372.610662
2372.952474
2373.694628
2373.731820
2373.798380
2373.863629
2373.943665
2373.952635
2374.501499
2374.559785
2376.392008
2376.946729
2376.973967
2377.078456
2377.159352
2377.174917
2377.475604
2377.511608
2378.095084
2378.120274
2378.867466
2378.929316
2378.933576
2379.006607
2379.179295
2379.307418
2379.401953
2379.471503
2379.578081
2379.890811
2379.895726
2379.922678
2380.021105
2380.067881
2380.489359
2380.777841
2380.815729
2381.296599
2381.331579
2381.408133
2381.437133
2381.739295
2381.957734
2382.681047
2382.698332
2382.929060
2383.108997
2383.279391
2383.349760
2383.695012
2383.818998
2384.681001
2384.687227
2384.877609
2385.225523
2385.649500
2387.393167
2387.548324
2387.700818
2387.953541
2388.085432
2388.730757
2389.732229
2390.990070
2391.833068
2392.033362
2392.318362
2392.445215
2392.785510
2393.393684
2393.500918
2393.621545
2393.752863
2393.771008
2393.853993
2393.903596
2393.984819
2394.049577
2394.175160
2395.110236
2395.229921
2396.295823
2397.495009
2397.685883
2397.705748
2397.958062
2398.211154
2398.896128
2399.030477
2399.463547
2399.700705
2399.809331
2400.633610
2402.051564
2402.113372
2402.272707
2403.113206
2403.200451
2403.264963
2403.339100
2404.246446
2404.798874
2405.155226
2405.762376
2406.105866
2406.469878
2406.800302
2407.795671
2407.851049
2408.610079
2408.785224
2410.198139
2410.245448
2410.323763
2410.814095
2410.849812
2410.931978
2411.027210
2411.114496
2411.135713
2412.475105
2413.676175
2414.188421
2414.482350
2414.923776
2415.051981
2415.283896
2415.404851
2415.427338
2415.526707
2415.645778
2415.713198
2415.721923
2415.731835
2415.885681
2415.898296
2415.961416
2418.290401
2418.361303
2418.935357
2419.095060
2419.512975
2419.575890
2419.890217
2420.065608
2420.169155
2420.204626
2420.457021
2420.540826
2420.547502
2420.899103
2420.962140
2421.176238
2421.587640
2421.655470
2422.278636
2422.345196
2422.853673
2422.869524
2422.908191
2423.230095
2423.284818
2423.363297
2423.566295
2423.676109
2423.720755
2424.004280
2424.201789
2424.390861
2425.501655
2425.537536
2425.876890
2426.351493
2426.620887
2427.328225
2428.087951
2428.576645
2428.987843
2430.311752
2431.064105
2431.845212
2431.993078
2432.346767
2432.417300
2432.774144
2433.765745
2434.976440
2435.278193
2435.344261
2435.511747
2435.973652
2436.266803
2436.493722
2436.549427
2437.185618
2437.231206
2437.292196
2437.810094
2437.863465
2438.410854
2438.490440
2438.591365
2438.681518
2439.045816
2439.155466
2439.260283
2439.284818
2439.469998
2439.629742
2439.646781
2439.858299
2439.921705
2439.962132
2439.965696
2440.058675
2440.111268
2440.298250
2440.302633
2441.035039
2441.644687
2441.725624
2441.995182
2442.137723
2442.179789
2442.264412
2442.359398
2442.995753
2443.511316
2444.181750
2444.765184
2445.398548
2446.477476
2447.636849
2447.794913
2448.165560
2448.288809
2448.324690
2448.337920
2448.343040
2449.041449
2449.197179
2449.262141
2450.292982
2450.702909
2451.242148
2451.419668
2451.689554
2451.940516
2452.020347
2452.943380
2452.966031
2453.155185
2453.311980
2453.730755
2454.064906
2454.439199
2454.483313
2454.595133
2454.975652
2455.219405
2455.632404
2455.793336
2455.983063
2456.023081
2456.459796
2456.711004
2458.440950
2458.492641
2458.649477
2458.696499
2459.112366
2459.184538
2459.250606
2459.302339
2459.399782
2459.892449
2460.535316
2460.687360
2461.185311
2461.252936
2462.041907
2462.472438
2463.392973
2463.686615
2464.497172
2464.526664
2464.684196
2465.732198
2466.130493
2466.736333
2468.331561
2468.884316
2468.962099
2468.985856
2469.067080
2469.159526
2469.780808
2470.016983
2472.136704
2472.442348
2472.836547
2472.943493
2473.241641
2473.401876
2473.864315
2474.917560
2475.592499
2476.006072
2476.741632
2477.162619
2477.867704
2478.889738
2478.943027
2479.076065
2479.208571
2479.344558
2479.871222
2479.913820
2479.921889
2480.101171
2480.769516
2480.833208
2480.981279
2481.636434
2481.719050
2481.958461
2482.136433
2482.682634
2482.883543
2482.935153
2483.451003
2483.480576
2483.586540
2483.748291
2484.543775
2484.548239
2484.548690
2485.550694
2486.789366
2487.100785
2487.858586
2488.092877
2488.711741
2488.849736
2488.904458
2489.197158
2489.274450
2489.314427
2489.707110
2489.829622
2489.870336
2489.936773
2490.141082
2490.251510
2490.710344
2491.144028
2492.285338
2492.290335
2493.073285
2493.628170
2494.016635
2494.178181
2494.531994
2494.648279
2494.719836
2494.977270
2495.197553
2496.600556
2496.813507
2496.868147
2497.100554
2497.577738
2498.037555
2499.218063
2499.500442
2499.799368
2500.071342
2500.210893
2500.358144
2500.687053
2500.942356
2501.434163
2501.942313
2502.456156
2503.002604
2503.335772
2504.237875
2504.489533
2504.841544
2504.910889
2505.118843
2505.168077
2505.486213
2505.691382
2505.731031
2506.374595
2506.381640
2506.407322
2506.413302
2506.476954
2506.756342
2506.812006
2506.824212
2506.889216
2506.984038
2507.804221
2507.908956
2508.544532
2508.842476
2509.471744
2509.591388
2509.646356
2510.142095
2510.166426
2510.198170
2510.361600
2510.416323
2510.992671
2512.171827
2512.194109
2512.480707
2512.595681
2512.901120
2513.025597
2513.377894
2513.657774
2513.716183
2513.768571
2513.796710
2514.222449
2514.233467
2514.990735
2515.093094
2515.375636
2515.493929
2516.354703
2516.385300
2516.458168
2517.363548
2517.816975
2517.921833
2517.956403
2518.024069
2518.413804
2518.447473
2518.556672
2518.649856
2518.701548
2518.820823
2519.313572
2519.349248
2519.360594
2519.434281
2519.513047
2520.067973
2521.063670
2521.132114
2521.653576
2521.680077
2521.721324
2521.941402
2522.068296
2522.375414
2522.758144
2523.468964
2523.837891
2523.861893
2523.931935
2524.372746
2524.697600
2524.744663
2524.835267
2525.228278
2525.510984
2525.685309
2526.139146
2526.239498
2526.632059
2526.686618
2526.789878
2526.886584
2527.174984
2527.214838
2527.633777
2527.902679
2528.484393
2529.122796
2529.213768
2530.720195
2530.967142
2531.030876
2531.058647
2531.113492
2531.143680
2531.439288
2531.732767
2531.811369
2532.158341
2532.286136
2532.888166
2533.097636
2533.707817
2534.007890
2534.033531
2534.590710
2534.683648
2535.145923
2535.286620
2535.785308
2536.125522
2536.290836
2536.398356
2536.477082
2537.217802
2537.540977
2538.263593
2538.529710
2538.818765
2539.172127
2539.337728
2539.670118
2539.856364
2541.956792
2542.613258
2543.153070
2543.212790
2544.570163
2544.672399
2544.879616
2546.214994
2548.129382
2548.292362
2548.747837
2548.768727
2549.902787
2550.316196
2551.487447
2553.298575
2554.262282
2554.612244
2554.654802
2555.270636
2556.057518
2556.221358
2556.586107
2557.229793
2557.314048
2560.265093
2560.979968
2561.306993
2561.522893
2562.132460
2562.151301
2562.918441
2563.172106
2563.293716
2563.695780
2564.622500
2566.537462
2566.553231
2566.658949
2567.592141
2568.336343
2570.143744
2570.199368
2572.013527
2572.081562
2572.524749
2572.809953
2572.894003
2572.992922
2573.066936
2573.165896
2574.211154
2574.388142
2575.819776
2575.903375
2576.289178
2576.336773
2576.360612
2576.934093
2577.232814
2577.290813
2577.467720
2577.816781
2578.308956
2578.835538
2578.941215
2579.038372
2579.117752
2579.140895
2579.707003
2579.785032
2580.287734
2581.507359
2581.578179
2581.628805
2581.751357
2581.941821
2582.155796
2582.493348
2583.378125
2583.932559
2584.105656
2584.527626
2584.743854
2585.281987
2585.360794
2585.497313
2586.919158
2587.596186
2587.668931
2588.659343
2589.135954
2589.406249
2589.942825
2590.515282
2590.599291
2590.643077
2591.966290
2592.165478
2592.238141
2592.817807
2592.862904
2592.971244
2593.465262
2594.158633
2595.091988
2595.235963
2595.253617
2595.402957
2596.412129
2596.648018
2600.340275
2601.341829
2602.751508
2602.775183
2603.520287
2603.606508
2603.754947
2604.312740
2605.646397
2605.829448
2605.859348
2606.350500
2606.453637
2607.118459
2607.135662
2607.214182
2607.254036
2608.865608
2608.966656
2609.379533
2610.286510
2610.559754
2610.728714
2610.808054
2611.030262
2611.479675
2611.573637
2613.172347
2613.278351
2613.487329
2614.028657
2614.744433
2614.769418
2614.793953
2615.392379
2615.689912
2615.839498
2616.448983
2616.912118
2618.172047
2618.274365
2618.382213
2618.617119
2619.663892
2619.743805
2620.691087
2621.222625
2623.254979
2623.352504
2623.734129
2623.986606
2624.366715
2624.384041
2625.194353
2625.946419
2627.801580
2629.222851
2629.674803
2629.720105
2630.596116
2631.326884
2631.804723
2632.673116
2633.639895
2634.023158
2634.624655
2634.948076
2635.401421
2635.532739
2635.682120
2635.696169
2636.170240
2636.574188
2636.731679
2636.917187
2637.273293
2637.679247
2638.099702
2638.287585
2638.446756
2638.598144
2638.776730
2639.508767
2640.396984
2640.643686
2642.795397
2643.114639
2643.347046
2643.459973
2644.393656
2644.660920
2645.395907
2649.015665
2650.132070
2651.398390
2651.980718
2652.231803
2654.404444
2654.585938
2655.045386
2655.143363
2655.232942
2655.913124
2657.958871
2659.660923
2659.939738
2660.990239
2661.061714
2661.212733
2661.643223
2662.118973
2662.418719
2662.783672
2663.808532
2664.253235
2664.743158
2665.003377
2665.150300
2665.263800
2665.913344
2666.171064
2666.552771
2667.909693
2669.633331
2669.668557
2669.933732
2670.182851
2670.274519
2671.178875
2671.349146
2671.435899
2672.235971
2673.077985
2673.281884
2673.884733
2674.051236
2674.515599
2674.613699
2675.051151
2675.199754
2675.261194
2675.472630
2675.719700
2675.905905
2676.204585
2676.318249
2678.761882
2678.979297
2679.131095
2679.139860
2679.339090
2684.365783
2684.615025
2685.113016
2685.391503
2685.440614
2685.959414
2686.989517
2687.273452
2687.347835
2687.450522
2687.640248
2688.113091
2688.858972
2689.071596
2689.617142
2689.708646
2689.761812
2690.240266
2690.324972
2691.501957
2691.924705
2692.117873
2692.290929
2692.313457
2692.632986
2692.728095
2693.514117
2694.832660
2694.900818
2694.991135
2695.030170
2695.725916
2695.774167
2695.835116
2695.952630
2696.258150
2696.966922
2698.905272
2698.921001
2699.016684
2699.581645
2700.024504
2700.144435
2700.268790
2700.524585
2700.602778
2700.629115
2700.641812
2700.659057
2702.674207
2703.560090
2703.657697
2703.761940
2703.795323
2704.318218
2704.439869
2704.527319
2705.640120
2705.765335
2706.555617
2706.994463
2707.128893
2707.658629
2707.946619
2708.391813
2709.770035
2709.937439
2711.253647
2711.553516
2711.997112
2713.532989
2714.510131
2714.549371
2714.678559
2720.250020
2721.291141
2722.557051
2722.883543
2723.487007
2725.489787
2725.699011
2725.759263
2725.831803
2727.011123
2727.632732
2727.659848
2727.839580
2727.936451
2728.573379
2728.827986
2730.041467
2730.846044
2732.852265
2734.155366
2734.305198
2735.620751
2736.387973
2737.294787
2739.061146
2739.854582
2741.079982
2745.356206
2745.407693
2747.236106
2750.065828
2750.137549
2751.191245
2751.269601
2752.014459
2752.203407
2753.331692
2753.608212
2754.493727
2754.913444
2755.623854
2755.785236
2756.548526
2756.920074
2758.460293
2760.527217
2760.622449
2760.774779
2761.768387
2762.348831
2763.075584
2764.118999
2765.649592
2766.130258
2766.981325
2767.602852
2768.488161
2768.709386
2772.711588
2782.475059
2782.514340
2784.047759
2785.036083
2788.942520
2789.771919
2790.854369
2792.175616
2798.884659
2799.122924
2799.224340
2799.993405
2800.225731
2800.306913
2804.267418
2804.502118
2804.574413
2804.980122
2805.183775
2805.499904
2806.982083
2807.085834
2811.063132
2811.642429
2812.454461
2813.138575
2823.050732
2823.881196
2824.256840
2824.481833
2824.618435
2825.144648
2826.574111
2826.875044
2827.051049
2829.465190
2831.354102
2831.870034
2832.855777
2834.361385
2834.455511
2835.202499
2835.384238
2835.528253
2836.320461
2836.655309
2836.851548
2838.023291
2840.161649
2840.246559
2841.498952
2841.511444
2843.351695
2844.172329
2845.954376
2846.427955
2846.823137
2846.967726
2847.036498
2847.583068
2848.090808
2848.261284
2848.960594
2849.053450
2849.057956
2849.398497
2851.129795
2852.000195
2852.207247
2852.377682
2853.389394
2853.527020
2853.673452
2853.886689
2854.823240
2854.897541
2855.252623
2855.419617
2855.453860
2855.523082
2855.958856
2856.089723
2857.220219
2857.457050
2857.782764
2858.052444
2858.275799
2858.567066
2858.848543
2859.028070
2859.162747
2859.236229
2859.921080
2859.927962
2860.618629
2860.874260
2860.942131
2861.313516
2862.053949
2862.137795
2862.207795
2862.244332
2862.255473
2862.399406
2864.459571
2864.566559
2865.032929
2865.334600
2865.505894
2865.807196
2866.000732
2866.361754
2866.381128
2866.484265
2866.742723
2867.302646
2869.533204
2869.572567
2869.670298
2870.784492
2871.050240
2871.099884
2871.168451
2871.216210
2871.819756
2872.163164
2872.848794
2873.690522
2873.844654
2874.785014
2874.835640
2874.916618
2875.980390
2876.094956
2876.241551
2876.278825
2876.472975
2876.823470
2876.969124
2877.410140
2877.979607
2878.790697
2879.012086
2879.495660
2879.687393
2880.154583
2881.098957
2881.282007
2882.808095
2883.097354
2884.119880
2885.390008
2886.374031
2886.523494
2886.678692
2886.734561
2886.812877
2886.994412
2887.114179
2887.487611
2888.343101
2888.383365
2888.593039
2889.082020
2889.306522
2890.022216
2892.602081
2893.443686
2893.461381
2893.489480
2893.557555
2893.669990
2894.314947
2894.432788
2894.561772
2895.265956
2897.084703
2897.137254
2897.896980
2898.781430
2899.272909
2899.872645
2899.988521
2900.272620
2900.311900
2900.413235
2900.829921
2901.332500
2901.740134
2901.785723
2902.914130
2903.819141
2904.855593
2905.267405
2905.302385
2905.744384
2905.959383
2906.155909
2906.176635
2906.185236
2906.548961
2906.951434
2907.686461
2909.349601
2909.691535
2909.938319
2910.447739
2910.975181
2911.336817
2913.155891
2913.981317
2914.019287
2914.159411
2914.409308
2914.423153
2914.526290
2914.811494
2915.090309
2915.129713
2916.342415
2917.096366
2917.264466
2917.365760
2917.837537
2918.142648
2918.430802
2918.549258
2918.880174
2919.052657
2919.085711
2919.439278
2919.563141
2919.668982
2919.731978
2920.628101
2921.074606
2921.228534
2922.763264
2923.585085
2924.577751
2926.774436
2927.758991
2927.796142
2929.511260
2929.833411
2930.475704
2931.468370
2931.487949
2933.449687
2934.610207
2936.134451
2936.327496
2936.384758
2937.073623
2937.569239
2937.756713
2938.023404
2938.140959
2938.421740
2938.657505
2939.057152
2940.111626
2940.233196
2940.308767
2940.637635
2942.268129
2944.182764
2944.284385
2945.272668
2945.412874
2947.005153
2947.556270
2948.247101
2948.468613
2948.517356
2949.535908
2949.866783
2949.993841
2950.355026
2950.380380
2950.559785
2951.896801
2952.054620
2952.838513
2953.034056
