158.296351
158.714675
158.744781
158.785577
158.909809
159.053947
159.126487
159.134761
159.289754
159.336899
159.351521
159.587205
160.100925
161.022689
161.040712
161.061683
161.126973
161.278648
161.391698
161.464566
162.984264
163.028910
163.291259
163.543040
163.559547
163.969966
164.032020
164.134502
164.147241
164.192748
165.433426
165.559542
166.649405
167.467049
167.498260
167.623434
167.856415
167.863501
167.945298
167.990886
168.376812
168.412938
168.438292
168.584110
169.194865
169.405972
169.546916
169.625969
169.822044
170.289029
170.424033
170.772644
170.941932
170.949468
171.242906
171.246141
171.257692
171.283005
171.317535
171.428291
172.369183
172.492308
172.525855
172.547686
172.686008
172.705423
173.155451
173.173637
173.625426
174.033469
174.176256
174.472028
174.590034
174.727782
175.007130
175.010652
175.118950
175.149629
175.217336
175.380357
175.391252
175.670395
175.888343
176.071311
176.262595
176.484557
176.504586
176.826982
176.870728
176.936550
177.491108
177.588306
177.623409
178.392023
178.420408
178.995773
179.100221
179.293061
180.041933
180.309074
181.072568
181.246607
181.306327
181.454234
181.789327
181.886976
182.228460
182.322708
182.882099
183.566664
183.652393
184.497562
184.661115
184.777155
184.836506
184.942428
184.964506
185.351619
185.571000
186.100081
186.415268
186.752655
186.794516
186.945987
187.047690
187.758305
187.767890
187.967242
188.129485
188.287508
188.300083
188.508611
189.388390
189.418660
189.458760
189.470228
189.812531
190.192804
190.336696
190.448763
190.990500
191.446016
191.547515
191.870321
192.314327
192.586220
193.014866
193.116979
193.153925
193.218888
193.230152
193.688781
193.727160
194.376335
194.429583
194.451087
195.188941
195.357696
195.381903
195.457638
195.646833
196.187505
196.581253
196.804690
197.168251
197.180580
197.232599
197.265859
197.291909
197.509734
198.738289
198.924452
199.150428
199.182541
199.222886
199.478190
199.549460
200.402821
200.662426
200.990433
201.051914
201.308201
201.340559
201.381806
201.431777
202.359521
202.366771
202.888724
203.168809
203.507180
203.810120
203.912929
204.163441
204.559524
204.621128
204.844646
204.920832
205.159383
205.329449
205.584753
205.622026
206.414234
206.539653
206.593147
206.782136
206.783201
206.801347
206.819123
206.850089
207.178383
207.362621
207.830385
207.949865
207.993487
208.159457
208.210657
208.858071
208.862003
208.914924
209.256161
209.272136
209.279713
209.290076
209.661829
209.893007
209.917911
209.996308
210.027274
210.124882
210.177352
210.936013
212.382515
212.782039
213.830861
213.907005
213.925274
214.262252
214.286090
214.678446
214.800179
214.899589
215.069164
215.289242
215.523123
215.647764
215.901676
216.389100
216.425062
216.436941
216.442143
216.655872
218.542121
218.622484
218.677084
218.882990
219.841987
219.853169
220.277924
220.860252
220.957901
221.522084
221.774438
222.133780
222.208369
222.563410
222.821335
222.828913
223.909683
224.199516
224.219996
224.290693
224.618537
225.905828
226.122506
226.199921
226.478735
226.537431
226.694840
226.897551
226.910822
227.178373
227.491267
228.298220
228.317225
228.328284
228.364780
228.483891
228.560077
228.961034
229.359411
229.369733
229.635318
229.788631
229.895823
231.633469
231.684669
231.905157
233.882419
234.473349
234.545725
234.918380
234.947748
235.108925
235.127767
235.138130
235.179827
235.422310
235.425505
235.431199
235.596431
235.732173
236.048835
236.120842
236.124078
236.129321
236.597084
236.637266
237.705503
238.357422
239.089746
239.452406
240.275988
240.284140
240.329277
240.340296
240.368763
240.568771
240.899891
240.931553
240.995205
241.221632
241.635205
242.015805
242.437448
242.458829
243.274383
243.439206
243.909837
243.949199
244.150723
244.154204
244.181565
244.478730
244.513792
244.886487
244.962263
245.930721
245.973606
246.079693
246.093619
246.317629
246.337905
246.513418
246.710436
247.966925
247.994614
248.043602
248.504402
249.220628
249.274982
249.290097
250.086195
250.656317
250.950124
250.955940
250.984980
251.003208
251.034051
251.045069
251.554693
252.090409
253.121290
253.213655
253.458391
253.831496
254.100234
254.425293
255.545754
255.940485
256.024740
256.083968
257.713766
259.011543
259.117056
259.350077
259.448177
259.504701
260.373545
260.377846
261.263688
261.340283
261.654405
262.151619
262.211256
262.565642
262.704579
262.772654
263.162757
263.220716
263.224689
263.806157
263.841137
264.372634
264.832041
264.874435
264.910848
264.963277
265.697362
266.919772
267.177697
267.391549
267.515904
268.112282
268.458107
268.483789
268.686172
268.982313
269.190308
269.195018
269.795082
269.919928
269.952164
270.292664
270.848614
271.550136
272.014787
272.594084
272.633651
272.639263
273.067213
273.242890
273.373553
273.374167
273.755914
273.916396
274.210939
274.255585
274.772828
274.806538
274.942403
275.573350
275.664364
276.096901
276.117750
276.135895
277.041644
277.155144
277.171036
277.175706
278.300713
278.602056
278.715064
278.772777
279.091773
279.151739
279.495107
279.519314
279.830938
279.956275
280.172708
280.235704
280.387707
281.156116
281.161441
281.167585
281.436406
281.659761
281.679340
282.214236
283.103969
283.353211
283.356283
286.013809
286.193377
286.260756
286.314004
286.959493
286.992261
287.753953
288.118415
288.132219
288.756941
288.987177
289.031168
289.046159
289.469850
289.789583
289.843896
290.444739
290.925814
291.277210
292.118241
292.138598
292.165837
292.714004
292.960543
293.227069
293.772411
294.350275
295.070679
295.331144
295.486382
295.532503
295.538360
295.904092
295.940547
295.943905
296.312340
296.497029
296.642806
296.687043
297.131172
297.526682
297.606513
297.641206
298.837565
299.459666
299.624202
300.121539
300.659630
301.472358
301.807985
301.916529
301.920788
302.005862
302.246912
303.302246
303.376957
303.385354
304.136028
304.399729
304.451011
304.905093
305.931960
305.955512
305.983488
306.348483
306.799698
306.979021
307.723469
308.569620
309.799117
309.858632
310.262170
311.371694
311.799808
311.863419
312.081367
312.532214
312.842977
312.910725
312.943247
313.163653
313.170166
313.556378
314.506527
314.856243
316.238275
316.304220
316.737249
316.771287
318.357873
318.596383
319.454126
319.474852
319.493489
319.528141
319.579791
319.834112
321.305723
321.731748
321.795604
322.106655
323.513467
323.917210
324.484014
324.532879
324.539924
324.872929
325.317509
325.456486
325.641052
325.861212
325.893243
326.149693
326.632899
326.803374
327.946076
328.080548
328.151081
328.571945
328.824709
329.265766
329.298125
329.753805
330.077184
331.089101
331.131576
331.160699
331.199119
331.310367
331.391386
331.691704
332.389908
332.410839
332.448236
332.511601
333.674332
333.686825
334.229791
334.385275
336.269476
337.054106
337.497866
337.639178
337.788477
338.791465
340.417331
340.822344
340.838728
340.849254
341.506662
342.250742
343.212605
344.853914
345.403884
345.848668
345.927393
346.051215
346.131702
346.170860
348.267848
348.464701
349.087048
349.314621
349.319086
349.479854
349.528637
349.929431
350.187807
350.905876
351.351357
351.843779
352.226345
352.237855
352.434872
353.120543
353.300111
353.555907
354.103173
354.176573
354.711020
354.900009
355.109847
356.731740
356.988969
357.599109
358.100378
358.587843
358.763274
359.340114
359.903150
360.447795
361.141002
361.221898
362.860421
362.921861
364.093604
364.434268
364.760842
365.391790
366.522409
366.551859
366.582661
367.179284
367.225324
367.773491
367.971000
368.463135
371.060490
371.307233
371.338568
371.699835
371.880632
372.412785
372.528660
372.689224
372.894474
373.031854
373.041070
373.113897
373.262254
373.458248
373.465211
373.484462
373.510963
374.626918
374.847406
375.153869
375.452058
375.989084
376.079073
376.410767
377.229271
377.847890
377.903022
378.198589
379.657585
380.156191
381.031629
381.034988
381.077791
381.211402
381.386916
381.531136
381.543997
381.555139
382.902436
382.935081
383.673508
383.691571
383.732163
384.244204
384.640246
385.480376
385.881743
385.953710
386.024366
386.899517
387.252716
387.638067
388.209787
388.398039
389.303419
389.335491
389.356913
389.503304
389.579039
390.004449
390.600704
391.091732
391.164641
391.389266
391.810294
391.883776
392.022016
392.940503
393.495265
394.698301
394.775511
394.845839
394.862715
394.892739
394.926899
395.020984
395.863941
395.872911
396.651028
397.089792
397.332111
397.362954
397.452083
398.032445
398.104658
398.923244
398.933361
399.991726
400.226714
401.066271
401.196728
401.327759
401.652244
401.899069
401.911849
401.926390
402.087854
402.282414
402.695414
402.970583
402.990244
404.207124
404.252795
404.636221
404.670464
405.319475
405.561999
405.785477
405.808988
406.058107
407.019315
407.204659
407.470367
407.563878
409.144893
409.157140
409.730253
409.798820
409.887252
410.837606
412.100321
412.524134
412.556411
413.117235
413.249905
413.555261
414.493737
414.816051
414.853489
415.271690
415.509996
415.835873
416.398500
416.631194
417.042719
417.357496
417.665802
417.985331
419.080724
419.960914
420.646625
420.784210
420.792525
420.826399
420.833075
421.655470
421.659156
421.681603
421.791867
422.624379
422.904095
423.210885
423.243448
423.571169
423.822418
424.035205
424.422523
424.913756
425.456968
426.378076
426.580746
426.914734
427.362140
429.379215
429.414318
430.044037
430.152909
431.088353
431.323013
431.392154
431.424102
431.494390
431.515812
432.059965
432.069714
432.372122
432.491356
432.869007
432.897884
434.265825
434.506138
435.103457
435.506627
435.525386
436.148142
437.192950
437.474796
438.056714
438.083133
438.665093
438.766019
439.337656
439.438705
439.660093
439.878820
440.132649
440.263475
440.483267
440.579236
440.594063
441.457664
441.505382
443.228078
443.302502
443.337769
443.542651
444.339036
445.819290
446.196408
447.245312
447.470182
447.789179
448.109568
448.115098
448.877404
450.320753
450.512159
450.632991
450.643886
450.824069
451.017400
451.206636
452.435886
453.204500
453.250867
453.421670
453.674189
453.936087
454.120776
454.425846
454.617498
454.770483
454.864527
456.144077
456.424735
456.441078
457.701949
457.709650
457.774490
457.800212
458.184172
458.419282
458.504233
458.529260
458.669670
458.952172
458.962903
459.032330
459.837153
460.557804
461.300613
461.606052
461.828915
462.677402
464.149053
465.368637
465.373307
465.542021
466.096701
466.715034
468.467794
468.727849
468.733010
469.531156
469.535703
469.553930
469.599150
469.650842
469.670666
470.559703
470.637322
470.929408
470.988227
471.302758
471.341302
471.348265
472.068628
472.080343
472.380170
472.427602
472.437514
472.449434
472.604877
473.215959
473.481462
473.551913
473.594798
473.852641
473.957868
474.048471
475.094753
475.840143
476.029338
476.038758
476.434514
476.633539
477.291397
477.460890
478.381507
479.390843
479.742157
479.794913
480.234209
480.368640
480.992584
481.196196
481.204060
481.328783
481.504788
482.313052
483.521823
483.685663
483.698934
484.874691
485.120410
485.202698
485.371863
485.848310
486.292685
486.924984
488.011080
489.965937
490.575421
490.802545
491.730248
491.789967
492.117729
492.169544
492.749414
492.837888
493.285868
493.524091
494.006927
494.205051
496.377324
496.517775
497.090970
497.318011
498.457108
498.475868
498.492047
498.580808
498.652570
498.747105
500.276797
501.772083
502.218588
502.378742
502.952346
503.264256
503.514030
503.957012
506.667745
507.608924
507.671798
507.740078
508.356403
508.455772
508.573286
508.787466
509.120307
510.565745
511.051694
511.385764
511.577293
511.636111
511.678505
512.765133
513.000489
513.139548
513.233265
514.706514
514.840289
514.905866
516.094689
516.102799
516.124836
516.136264
516.559913
516.577935
516.613530
517.492654
517.866373
519.024026
519.096484
519.519068
519.622369
519.991419
520.540611
521.828844
522.039828
522.424074
522.829414
523.311718
523.547197
523.765637
523.821507
523.868283
524.028477
524.111872
524.127928
524.206612
524.383969
524.421161
524.619735
525.110313
525.599252
525.676339
526.401126
527.692677
529.080893
529.362289
529.444495
529.464771
529.465631
529.470669
529.593303
529.610916
529.643930
529.769226
529.773978
529.788109
530.043986
530.138644
530.776515
530.941542
532.655514
532.791583
533.026816
534.339461
536.559493
536.630682
537.278996
537.736724
537.768837
537.933169
537.936568
538.001736
538.626294
538.633994
538.653491
539.135508
539.977236
540.448727
540.525404
540.622234
541.676708
541.737247
541.848248
543.190016
543.477391
543.790817
543.857664
543.863316
544.278528
544.354509
544.979436
545.265828
545.988280
546.055455
547.004539
547.431916
548.776673
548.857692
549.402665
549.665014
549.871821
549.974630
550.613524
551.256924
551.491953
552.329830
552.360100
553.075712
553.174385
554.057196
554.354852
554.369966
554.596106
554.602086
554.684662
554.762895
554.984735
555.013366
555.039621
555.414200
555.843789
555.893146
555.907113
555.945492
555.953848
556.083118
556.163359
556.247204
556.831007
557.201449
557.944463
558.087619
558.354596
558.390313
558.952817
559.023432
559.101338
559.137137
559.372493
559.691817
560.052961
560.120381
560.501924
560.557384
560.950026
562.060780
562.083881
562.110792
562.979840
562.989220
563.008717
563.151094
563.155927
563.175055
563.196436
563.400131
563.403284
563.794944
563.813786
563.894395
564.193116
564.362363
564.475003
564.777124
564.796006
564.833362
564.979220
565.559255
565.738373
565.770076
566.505349
566.916014
567.264051
567.948698
568.438743
568.531722
568.536023
568.547328
568.622776
568.641331
568.674263
569.004810
569.120563
569.710223
570.538885
570.668360
571.485676
573.625180
575.612109
576.574792
578.054881
578.114519
578.652611
579.102884
579.492454
579.615990
579.752346
579.844301
580.108083
580.911432
580.939284
581.407785
581.542298
582.048072
583.733740
584.790467
585.625068
585.628590
586.454098
586.896916
586.903675
587.855790
587.937915
588.352143
588.597002
589.242696
589.303521
589.324493
589.484073
589.938647
590.145987
590.527242
590.562796
590.762189
591.720940
591.893545
592.093553
592.194765
592.499589
592.535347
592.755712
592.915292
593.167442
593.880228
594.468454
594.525512
595.487662
595.605586
596.128072
596.137042
596.162478
596.169687
596.305224
596.848517
597.820170
597.854700
598.828196
598.908764
598.997934
599.019602
599.229768
600.193843
600.621957
600.759910
600.915436
600.955904
601.108152
603.188388
603.456840
604.522127
605.063045
605.107692
605.345833
605.514465
605.558538
605.945856
606.022656
606.116250
606.898995
607.282504
608.252600
608.796549
608.926269
609.039114
609.051566
609.620460
610.253496
610.439946
610.750013
610.793267
610.961981
611.040133
611.366994
611.553239
612.091863
612.100997
612.141670
612.162806
612.733092
612.881695
614.403768
614.629786
615.272284
615.349862
616.089354
616.264950
616.315945
616.352113
616.600044
618.132685
618.215014
618.353050
618.647880
618.950984
619.022172
619.249336
619.356283
619.380695
619.421737
619.779031
620.041830
620.086764
620.617933
621.343826
621.503734
621.543014
621.835223
622.043505
622.708244
622.805156
622.853038
623.196815
623.385108
623.889408
623.909028
624.751288
624.926515
625.306501
625.991885
626.099814
626.653512
627.165389
627.537142
628.369572
628.440392
628.854252
629.788877
630.416671
630.455828
630.898237
631.103898
631.221084
631.928422
631.942513
632.648663
632.720261
635.072430
635.636736
635.764777
635.980718
637.418250
637.550510
637.944300
638.184161
638.584381
639.963341
640.097157
640.236913
640.652616
641.182720
641.221140
641.334067
641.778237
642.634752
642.662113
643.331400
643.455836
643.473613
643.577979
645.350359
648.894915
649.273754
649.384509
650.095084
650.602537
651.663442
651.734344
653.343171
654.116209
654.129684
654.326006
656.187843
657.263493
657.917911
658.120172
658.139095
658.185380
658.587689
658.734121
658.738668
659.122094
659.532759
659.693650
660.283474
660.371538
661.878047
661.885256
664.143585
664.567439
666.033439
667.368284
667.523891
667.728118
668.666880
669.406986
669.447660
669.472440
669.492552
669.799629
670.018765
671.085363
671.725363
672.265503
673.413816
673.582162
673.651261
677.777490
678.985482
679.601111
681.411953
681.480315
682.433126
682.459382
682.520904
683.431690
684.466749
685.029417
686.418534
686.981980
687.236096
687.660605
688.089989
688.093839
688.115712
688.151142
688.898212
689.303634
690.190459
690.616033
691.424502
692.095508
692.315095
693.298668
693.738824
693.838520
694.462259
694.907494
697.763635
698.319831
698.778296
698.799759
700.904038
700.989972
701.493248
701.912433
702.390067
702.455603
702.822359
702.862336
703.191245
703.424512
703.434342
703.607276
704.924344
704.929792
705.260298
705.606861
706.662769
706.694021
706.787451
707.058278
707.235348
707.274998
708.044677
708.131389
708.226376
708.665958
708.690371
708.696596
708.711424
708.737720
708.758405
709.252669
711.200809
711.412449
712.251924
712.283546
712.287846
713.241600
713.762611
714.603028
714.607657
714.927964
715.031921
715.237171
715.562107
715.580457
716.115558
716.131410
716.821750
717.055754
717.708370
719.163269
719.173714
720.101376
720.278938
721.173996
721.187308
721.334723
721.892721
721.941955
723.042345
723.522273
725.327380
725.446943
725.576376
726.107791
726.982861
726.992200
727.015547
727.085097
728.175411
728.741274
729.352724
729.379062
730.241679
730.932961
731.163976
731.730821
732.016886
732.114821
732.203909
733.079347
733.691535
734.188380
734.477681
734.515978
735.116370
735.200174
735.711683
736.116040
736.140984
736.401654
736.589373
736.693740
736.956088
737.206067
737.910661
737.920819
738.033009
738.156339
738.192425
738.248253
738.624758
738.844795
739.251036
739.557212
739.713352
739.894026
739.942973
741.328650
741.340119
741.364285
741.439447
741.448827
741.452595
741.627085
741.743616
742.073836
810.495058
811.771044
812.347924
812.381839
812.875203
812.979692
813.356155
814.064435
814.162780
814.440489
816.672850
816.694559
817.110426
817.212211
817.391206
817.516749
818.300928
818.331853
819.345531
819.534520
820.281672
820.534641
820.573102
821.364613
821.700690
821.898895
822.392054
822.413025
822.755164
823.144243
823.147684
823.206830
823.212974
823.983104
824.447099
824.474993
824.491991
824.603976
825.300541
825.321595
825.373655
826.134282
826.165166
826.221855
826.702479
826.957414
827.091968
827.699200
827.725292
827.995054
828.125102
828.257526
828.462899
828.774113
829.175316
829.200835
830.115185
830.412308
830.613381
830.776156
831.047967
831.048704
831.474196
831.609201
832.320553
833.665475
833.669898
833.674076
833.690214
833.719214
834.427208
834.462884
835.737108
835.933839
836.308296
836.607222
836.681933
837.611315
837.622497
838.553969
838.570230
838.603694
839.097139
839.281172
839.350804
839.778058
839.784612
839.815578
839.837901
840.114749
840.865423
840.951972
841.844081
842.368246
842.807337
843.021804
843.035894
843.412767
843.447951
843.491410
843.528847
843.592458
843.617526
843.626168
843.635139
843.727790
843.743027
843.755356
843.760599
843.813724
843.890565
844.473917
844.640788
846.019789
846.303109
846.733107
847.783936
847.786885
848.086262
848.186245
849.253294
850.037555
850.839634
850.871050
851.018916
851.314483
851.506176
851.797934
852.025057
852.029399
852.050575
852.130406
852.668989
852.991058
853.710561
855.545692
857.775555
857.780470
857.793004
857.796157
857.843016
858.490184
858.553590
858.597745
858.598400
860.430459
860.435333
860.458476
861.669745
862.267474
862.516675
863.020401
863.141151
864.395510
865.989304
866.398454
866.635325
869.134787
869.628273
869.898568
869.953536
870.263398
871.603528
871.639204
871.740498
872.547942
872.606065
872.868372
872.869028
872.903844
873.050481
873.077514
873.128305
873.236275
873.313444
873.362760
873.368207
874.883686
874.898596
875.090739
875.512832
876.713165
876.819005
878.316216
878.474895
878.790246
878.936269
879.490540
879.523676
879.608791
879.656305
880.198083
880.602767
881.620091
881.936630
882.091581
882.684396
882.912666
883.018301
883.067085
883.447972
884.281549
884.517888
884.673577
884.780646
885.070316
885.079368
885.342454
885.387141
885.423227
885.517189
886.053560
886.401802
886.463365
886.966026
886.985196
887.363912
887.933993
888.286249
888.928584
888.995021
889.086444
889.143009
890.329498
890.953277
891.605156
892.232991
892.628050
892.854641
892.984115
893.277430
893.850010
894.363771
894.664786
894.816092
895.740600
895.791841
896.065618
896.987546
897.055457
897.066598
897.580401
897.614438
897.851924
898.019901
898.229985
898.323128
898.350858
898.359296
898.780242
899.118694
900.326605
900.545823
901.364163
901.711626
901.903237
902.033367
902.129091
902.245827
902.360351
902.623764
904.623350
904.663081
905.549660
905.681388
905.970442
906.397983
907.023319
907.088118
907.237540
907.269857
907.451392
907.647140
907.791852
907.793531
907.800535
907.876024
907.982520
908.329206
908.752650
908.925338
909.101056
909.108675
909.206118
909.403832
909.404283
909.573079
909.773373
909.784637
910.606459
910.669455
910.892769
910.944215
911.252685
912.278446
912.832758
912.883057
912.921928
912.936755
912.972513
913.431921
913.930691
913.941545
914.073027
914.901811
915.202621
915.866132
915.974021
916.582031
917.029274
917.060690
917.330534
917.687460
917.701632
917.806612
917.992366
918.061629
918.365594
918.971023
919.323894
919.421379
919.846666
920.160051
920.237998
920.332329
920.734925
920.756716
920.830689
920.860017
921.074975
922.344489
922.412442
923.203420
923.491246
924.138619
924.190761
925.467075
926.176174
927.049400
927.852339
927.882772
928.740925
928.923689
928.935813
929.033789
929.939374
930.288517
930.559468
931.516989
932.177347
932.195942
932.937277
932.941332
932.979589
933.189591
933.493596
933.652480
933.941043
934.048850
934.417613
934.460088
934.812385
935.384351
935.395123
935.764132
935.970161
935.974953
936.014438
936.715305
936.721940
937.632850
937.642394
937.795748
938.079560
938.137682
938.168934
938.332406
938.736189
939.129487
940.484485
940.510167
940.647916
941.241999
941.716726
941.891461
942.751826
943.151104
943.412879
944.155197
944.161751
944.267428
944.427950
944.468378
944.730194
944.976814
945.045545
945.092239
945.176330
945.244856
945.387766
947.302031
947.422986
947.578634
947.615457
947.654083
948.030792
948.078346
948.273644
948.416512
948.465787
948.492616
948.857037
948.859904
948.906353
949.090017
949.115290
949.168169
950.912369
951.048356
951.049585
951.191839
951.603937
951.786906
951.967621
952.367268
952.501289
952.577106
952.653087
953.685197
954.321715
955.749089
955.951882
956.400845
956.608512
956.923740
957.744128
958.240727
959.401206
959.661834
959.739658
959.835750
960.667648
960.761692
961.030717
961.203732
961.233183
961.249280
961.347789
961.407754
961.846313
961.992294
962.209874
963.288515
964.016374
964.366541
964.399596
964.839752
965.029888
965.034066
965.054423
965.249434
965.704786
965.763645
965.898363
965.912904
965.980897
966.206751
966.239683
966.330245
967.410156
967.422566
968.069284
968.221819
968.743813
968.904786
970.805084
971.455652
971.669217
971.749253
972.427674
972.451963
972.480061
972.519752
972.791603
973.088113
973.305242
973.776978
974.479565
975.023432
975.244534
975.529779
976.752640
977.349468
977.622589
977.650442
977.666417
977.804984
978.572820
978.699264
978.704998
979.190292
979.214131
979.751526
980.417823
980.480287
980.935025
981.322056
981.808783
982.944399
983.070474
983.630602
983.633347
983.713546
983.875092
983.923671
983.930552
984.320942
984.341627
984.605819
984.959959
984.986337
985.520906
985.889792
985.898680
986.149396
986.497597
986.866852
986.944799
987.080909
989.029949
989.519053
989.522616
989.529702
989.577175
989.725901
989.733929
989.781606
989.798810
989.916324
990.086349
990.099415
990.542234
991.062876
991.089746
991.091671
991.096791
991.157494
991.684895
991.719752
991.946465
992.069919
992.083722
992.688620
993.245839
994.002289
994.715156
995.212329
995.375022
995.436298
995.618120
995.953705
996.004372
996.035174
996.050289
997.014569
997.073674
997.587436
997.810135
998.275727
999.800914
1002.867302
1002.973430
1003.080172
1003.168522
1003.190641
1003.208172
1004.244992
1004.353044
1004.390932
1004.971008
1005.564641
1005.806715
1006.337884
1006.595113
1006.662820
1007.057388
1007.112479
1007.793521
1007.882117
1007.962808
1008.592773
1008.960143
1009.281638
1009.755423
1009.846886
1009.854136
1010.320753
1010.535916
1011.298877
1011.989053
1012.580106
1012.713759
1012.729119
1014.241444
1014.819635
1015.365140
1015.433257
1015.635476
1016.064655
1016.065475
1016.387502
1017.151611
1017.381806
1017.434194
1017.438003
1017.832366
1017.932964
1018.515866
1018.829988
1019.025449
1019.313234
1019.466916
1019.471790
1019.480228
1019.945247
1020.142551
1020.224799
1020.382290
1021.329818
1022.120837
1022.542479
1022.703534
1023.547515
1023.552881
1023.742771
1024.324198
1024.521462
1024.758538
1024.967352
1025.112146
1025.156669
1025.157243
1025.161216
1025.612759
1026.058527
1027.358761
1027.796500
1028.523622
1029.225472
1029.560320
1029.846671
1029.912904
1030.446326
1030.455706
1030.530376
1030.538445
1031.312179
1031.470531
1031.548723
1031.848387
1031.882793
1032.118682
1032.820859
1032.917606
1033.374228
1033.732055
1033.744589
1033.773097
1034.044334
1035.065876
1035.471012
1035.621540
1036.393431
1036.415017
1037.251011
1037.416448
1037.809254
1037.871186
1037.875036
1038.138573
1038.344806
1039.521505
1040.089498
1040.477266
1040.515400
1040.540590
1040.572989
1040.858440
1041.111695
1041.220198
1042.123448
1042.561311
1042.645156
1042.705367
1042.869576
1043.480166
1043.582812
1044.059914
1045.080883
1045.150228
1045.881610
1047.048192
1048.481300
1048.582758
1048.624292
1048.720220
1049.605120
1049.658655
1049.824543
1049.833513
1049.956106
1050.118021
1050.129900
1050.257449
1050.331587
1050.364355
1050.369106
1050.482401
1050.590659
1051.456184
1052.704604
1052.828713
1052.845875
1053.118013
1053.307535
1053.353083
1053.401784
1055.894815
1056.365199
1056.999916
1057.237443
1057.391165
1057.396654
1058.446008
1058.458952
1058.505236
1058.550866
1059.446948
1059.899146
1060.121969
1060.149330
1060.465132
1060.469064
1060.487455
1060.506132
1060.710892
1061.668495
1062.370796
1062.389146
1062.733210
1062.955745
1063.031562
1063.060275
1063.066583
1063.868129
1063.922811
1064.562852
1064.977695
1065.554780
1066.218291
1066.245325
1066.397041
1066.783990
1068.664504
1068.675031
1068.969779
1069.117235
1070.646886
1070.674534
1070.754202
1070.960067
1071.035802
1071.849882
1071.995986
1072.227574
1072.287171
1073.585152
1073.606615
1073.611489
1073.792737
1073.920000
1074.573476
1074.579333
1074.595021
1074.736947
1075.165143
1075.532145
1075.916145
1076.243169
1076.464189
1076.474716
1076.803011
1076.929741
1077.124669
1077.140439
1077.185004
1077.586452
1077.764669
1078.578504
1078.923469
1079.019069
1079.028244
1079.032955
1079.058719
1079.199089
1079.901225
1080.023613
1080.072724
1080.083169
1080.380948
1080.497316
1080.526070
1080.557527
1080.697897
1081.159844
1081.730048
1082.774364
1082.962657
1083.163976
1083.270513
1083.740283
1084.082545
1085.318922
1085.426975
1085.603635
1085.690757
1085.749821
1086.320804
1086.386504
1086.422385
1086.826291
1086.956052
1086.969528
1087.041290
1087.532851
1087.908864
1088.026542
1088.190464
1088.200950
1089.655357
1092.032840
1092.445676
1092.485243
1092.504044
1093.111890
1093.608284
1094.477865
1095.696425
1095.888282
1096.362967
1096.679301
1096.955412
1096.997437
1097.043395
1097.171476
1098.088038
1098.109010
1098.202931
1099.066286
1099.647386
1100.047606
1100.482601
1100.612813
1100.709765
1100.845015
1101.290906
1101.382861
1102.469652
1102.629601
1102.863933
1105.054310
1105.417380
1105.452851
1105.628897
1105.771110
1106.069135
1106.156421
1106.583183
1106.586501
1106.606039
1106.691686
1106.739692
1106.875556
1107.256607
1107.550085
1107.599278
1107.686605
1108.060897
1109.840527
1110.482084
1110.497976
1111.326597
1112.066048
1112.228045
1112.554988
1112.756756
1112.760934
1113.578455
1113.722757
1113.903432
1114.100818
1114.195640
1114.507469
1115.001242
1115.048509
1117.492593
1118.058906
1118.716805
1119.103468
1119.185674
1120.313180
1120.348324
1120.363233
1120.457073
1120.681779
1121.195827
1121.318584
1122.430607
1122.526822
1122.588508
1122.687959
1122.750259
1123.138396
1123.240960
1123.336192
1123.701146
1123.706511
1123.725148
1123.762094
1123.829842
1123.984015
1123.987456
1124.709990
1125.140398
1125.898568
1126.322012
1127.334011
1127.583212
1127.781827
1128.275190
1128.281293
1128.422932
1128.606761
1129.202483
1129.731686
1130.137846
1130.240778
1130.511688
1130.561659
1130.573496
1130.683924
1130.687898
1130.702930
1130.710999
1130.793902
1132.086272
1132.089713
1132.612198
1132.652667
1132.826706
1134.144348
1135.623250
1135.901983
1136.645448
1136.964649
1137.004093
1137.091830
1138.387395
1138.484920
1138.485699
1138.553119
1140.416020
1140.521452
1140.976394
1141.034557
1141.512356
1141.784535
1142.619095
1142.660833
1142.687826
1142.700442
1142.929039
1142.942269
1142.953656
1143.897866
1143.933993
1144.459756
1144.462746
1144.476344
1144.849613
1145.579807
1145.597788
1145.604669
1145.833718
1145.873162
1146.503987
1146.538721
1146.716242
1147.365581
1147.840717
1147.941478
1149.074514
1149.534167
1149.903176
1150.066606
1150.324613
1150.748017
1150.758707
1152.054313
1152.126484
1152.614769
1152.659333
1152.665190
1152.897966
1152.907960
1152.932905
1153.025188
1153.290445
1153.313546
1153.392026
1153.756570
1154.486927
1155.219579
1155.254764
1155.907748
1156.838154
1156.943913
1157.872108
1157.927608
1158.509527
1158.524232
1158.551962
1159.906058
1159.911588
1160.567562
1160.621179
1160.630436
1160.955617
1160.975278
1161.028239
1161.193800
1161.251430
1161.252905
1161.428460
1161.456886
1162.074644
1162.226360
1162.622157
1164.372296
1164.441436
1164.521841
1164.836823
1165.576110
1166.737285
1167.329321
1167.913820
1167.937864
1168.213402
1168.258744
1168.278364
1168.326287
1168.514212
1168.616489
1168.768532
1168.965878
1170.062787
1170.263491
1170.839552
1170.846392
1172.670136
1173.369078
1173.616435
1174.060401
1174.121472
1174.372311
1174.477742
1174.840771
1175.719035
1175.837860
1175.894467
1176.049500
1176.589722
1177.474621
1177.981829
1178.134569
1178.406543
1179.367752
1181.063414
1181.452165
1181.550510
1182.617969
1183.027323
1183.717376
1184.159007
1184.240599
1185.006756
1185.037599
1185.486316
1185.638769
1185.685053
1185.866916
1186.022236
1186.577940
1186.837545
1186.847252
1187.619553
1188.383334
1188.556636
1188.601037
1190.973235
1191.461274
1191.576166
1191.601029
1192.161403
1192.165786
1192.320492
1192.600125
1193.927352
1194.096026
1194.189496
1197.005824
1197.434225
1197.576151
1197.901742
1197.977846
1198.000742
1198.057185
1198.083318
1198.123540
1198.135910
1198.320312
1198.779843
1199.659827
1199.700091
1199.771812
1199.814083
1200.970342
1202.341478
1202.503270
1202.712330
1203.154125
1203.197460
1203.276022
1203.280036
1204.357612
1204.390052
1204.756521
1205.362647
1206.330409
1206.845440
1207.118029
1207.226122
1207.526195
1207.730299
1208.822620
1209.782804
1209.872835
1210.107863
1210.516890
1210.634977
1211.517624
1211.829780
1212.215337
1212.442993
1213.004595
1213.126083
1213.570949
1213.755843
1214.134641
1214.556324
1215.691080
1215.740518
1216.302776
1216.387318
1216.399319
1216.403497
1217.815470
1217.940439
1218.452398
1219.165266
1219.499213
1219.522847
1219.529359
1220.885012
1223.295181
1223.890002
1226.405765
1227.792056
1227.853087
1228.476334
1228.722708
1229.194363
1229.198459
1229.270344
1229.450363
1229.589832
1230.023434
1230.026957
1230.042153
1230.238228
1230.244291
1230.249288
1230.253793
1230.851604
1231.051489
1232.097116
1232.456253
1232.690135
1233.860403
1234.016379
1234.575278
1234.808668
1235.301704
1235.307479
1235.563233
1235.619553
1235.866624
1235.880755
1236.289167
1238.619136
1239.583334
1240.100372
1241.475523
1242.141204
1242.331013
1242.614415
1243.265597
1243.297382
1243.369554
1243.419484
1243.737334
1245.330022
1246.076396
1246.470636
1246.621245
1246.683054
1247.321047
1247.791022
1247.930614
1247.972762
1248.389161
1248.536084
1248.682066
1248.936509
1249.121485
1249.242481
1250.733588
1251.227361
1251.272991
1252.943913
1252.953170
1253.697126
1253.706916
1253.714125
1253.753446
1253.767414
1253.914788
1255.230628
1255.605084
1256.068669
1256.078213
1256.127980
1256.207114
1256.794235
1257.025823
1257.261588
1257.961021
1258.368369
1259.209359
1259.918008
1259.936358
1260.461588
1261.099336
1261.193093
1261.558211
1261.564396
1261.596344
1261.634888
1261.712876
1262.006231
1262.201938
1262.252237
1262.257603
1262.294344
1262.306755
1262.338785
1262.427013
1262.627881
1262.714184
1262.734787
1262.739784
1262.887526
1262.942536
1263.146762
1263.995576
1264.343409
1265.754071
1265.764106
1265.866342
1266.584617
1266.594406
1266.859254
1267.717202
1267.888456
1267.931054
1267.937075
1268.103660
1268.422492
1269.369078
1269.511987
1269.736448
1270.152356
1270.228378
1270.244966
1270.310830
1271.547822
1271.855268
1271.863009
1272.031969
1272.050115
1272.148746
1272.320901
1272.432599
1272.770683
1272.908431
1272.917279
1273.191997
1273.210348
1273.305252
1273.479905
1273.484820
1273.487442
1273.508332
1273.900933
1273.905807
1273.913139
1275.478917
1275.484406
1275.540521
1276.014428
1276.658401
1277.586350
1278.008320
1279.268291
1279.275049
1279.774884
1280.060334
1280.065618
1280.098181
1280.102195
1280.132342
1280.350331
1280.485048
1280.738181
1282.104484
1282.366013
1282.977137
1283.046113
1283.073065
1283.123610
1283.600097
1283.708068
1284.051313
1284.332052
1284.362732
1284.480410
1285.142159
1285.883863
1285.888205
1286.069207
1286.388449
1286.400369
1286.520504
1286.670295
1286.678364
1286.688563
1286.708142
1287.074775
1288.066990
1288.555479
1288.983757
1289.332122
1290.291978
1290.684826
1291.405312
1292.231844
1292.964782
1293.648118
1293.676462
1293.848207
1294.289347
1294.938604
1295.670764
1297.821450
1297.841193
1298.793554
1300.426301
1300.732068
1300.948664
1301.066220
1301.859369
1304.021033
1304.524759
1305.250857
1305.701089
1305.813688
1305.838592
1306.169754
1306.540605
1306.868490
1306.881884
1306.887700
1306.922312
1306.980925
1307.037901
1307.524547
1307.535278
1307.687690
1307.759452
1309.033513
1309.148529
1310.089134
1310.097900
1310.514463
1311.852134
1312.482304
1312.706273
1312.898744
1312.988283
1313.002865
1313.430036
1313.688863
1314.070405
1314.088141
1314.994545
1315.074294
1316.216791
1316.767048
1317.496586
1317.847695
1318.608364
1318.770606
1319.324713
1319.396229
1319.635640
1320.540119
1321.097134
1321.583944
1322.133545
1322.542612
1322.666353
1323.563500
1323.606016
1324.179988
1324.785254
1325.145252
1325.774602
1325.863158
1326.902886
1326.937211
1326.990909
1327.054152
1329.849713
1330.121318
1330.608251
1331.372278
1332.065894
1334.140969
1336.016814
1336.945869
1338.046874
1338.075996
1338.112655
1338.407404
1338.465321
1338.531553
1338.601062
1341.007176
1342.126776
1342.344602
1342.681170
1342.746870
1342.789509
1343.115674
1343.412920
1343.430246
1343.605268
1345.068605
1345.106371
1345.469030
1345.718518
1345.991639
1346.358272
1346.881372
1346.944819
1347.515064
1347.879526
1348.493926
1348.556882
1350.681518
1350.871163
1351.041065
1351.261389
1351.849288
1352.502682
1353.182945
1353.385861
1353.730458
1355.259372
1355.372995
1355.607982
1355.699692
1356.495503
1357.874504
1357.956997
1358.012006
1358.125793
1358.133330
1358.188667
1358.612521
1358.717174
1360.442532
1361.104609
1362.433638
1363.617260
1364.182835
1364.557210
1364.965908
1365.053481
1365.054054
1365.061222
1365.152440
1365.358756
1365.378376
1365.472010
1365.613814
1365.693317
1367.340769
1369.202033
1369.954796
1370.113720
1370.412114
1370.911130
1371.068129
1371.803034
1372.316590
1372.471214
1373.380936
1373.439795
1373.455278
1373.621535
1373.627515
1373.635748
1373.985055
1374.386545
1375.101215
1375.420662
1375.629066
1376.697999
1377.458094
1378.592686
1378.611937
1378.622382
1379.122708
1379.622339
1379.629916
1379.680543
1381.093745
1381.316731
1381.330739
1381.948826
1383.065805
1383.773389
1383.833027
1384.676434
1384.762163
1384.984330
1385.488998
1386.212393
1386.824868
1387.592745
1387.610153
1387.682529
1387.738276
1387.997307
1388.035154
1388.209152
1389.373522
1389.965189
1390.073242
1390.169907
1390.697718
1390.792868
1390.837678
1391.338578
1391.919514
1392.306749
1392.805806
1394.157322
1394.617262
1394.654126
1395.880755
1396.278395
1396.332913
1396.502364
1396.743782
1396.745257
1396.844503
1397.943173
1398.594601
1399.866532
1400.271421
1400.969011
1401.692488
1402.213417
1403.125268
1403.891835
1403.982520
1404.116009
1404.167086
1404.343173
1404.351939
1404.414239
1404.503081
1404.786647
1405.026386
1405.156147
1405.166961
1405.179986
1405.439181
1406.120755
1406.302085
1406.583071
1406.940242
1406.988083
1407.343575
1408.254321
1408.555377
1408.873144
1409.908900
1410.123776
1410.855731
1410.863555
1410.878218
1410.920653
1411.615334
1412.277699
1412.802478
1412.968489
1413.675254
1414.795264
1414.832865
1415.110246
1415.216538
1415.378903
1417.218130
1418.420675
1418.486538
1419.505254
1419.786609
1419.829699
1423.178670
1423.289057
1423.298396
1424.092570
1424.109568
1424.125501
1426.600960
1428.683203
1428.940431
1429.089690
1429.152604
1429.253366
1431.129129
1431.270195
1431.327212
1431.352361
1431.368253
1431.383818
1432.086323
1432.711619
1433.213829
1433.230787
1433.566822
1433.734472
1434.360095
1435.906253
1435.907113
1435.912233
1435.941069
1436.440166
1436.504187
1436.508488
1436.536504
1436.961956
1437.201981
1437.340058
1437.758751
1437.999800
1438.434959
1438.651679
1438.717624
1438.771978
1439.556813
1440.177234
1440.741417
1440.879124
1440.940442
1441.606656
1441.799864
1441.811087
1441.920000
1442.591662
1442.613207
1442.618409
1442.629059
1442.713641
1443.064300
1443.981967
1444.388864
1445.042094
1446.023660
1448.649032
1448.824340
1449.492029
1449.541468
1450.799022
1451.878195
1452.979855
1453.159178
1453.354598
1453.404447
1453.455278
1454.038508
1454.207877
1454.562181
1454.615962
1454.631567
1454.724424
1454.727700
1454.739866
1454.929224
1455.180923
1455.686042
1455.689646
1455.823503
1455.866102
1456.267592
1456.951828
1456.958833
1457.572291
1457.577533
1457.929503
1459.212001
1461.144289
1463.026852
1463.152148
1463.982694
1464.007270
1464.586240
1464.711987
1464.900813
1464.929526
1464.940544
1464.981832
1465.381274
1465.542902
1465.648005
1466.146161
1466.778051
1466.984899
1467.164385
1467.290706
1467.306762
1467.333755
1467.925996
1468.159181
1468.790374
1469.287752
1469.456507
1469.670523
1469.689569
1469.819453
1469.934715
1469.959414
1470.361846
1470.428856
1470.464082
1471.206318
1471.817236
1472.283894
1472.480666
1472.510280
1472.592527
1472.596787
1472.674079
1473.036206
1473.095844
1473.185505
1473.188987
1474.118369
1475.138601
1475.195658
1476.087357
1476.138312
1476.173251
1476.699955
1476.748861
1477.057536
1477.310751
1477.681930
1478.156657
1478.218875
1478.486262
1479.094108
1479.135437
1479.511245
1479.690281
1479.773143
1479.938662
1480.032461
1480.153498
1480.657265
1480.867512
1481.012552
1481.165128
1481.201623
1481.209364
1481.402737
1481.536758
1481.635185
1481.673769
1481.691300
1482.112655
1482.669343
1482.681303
1482.886472
1483.377336
1483.427758
1483.483750
1484.559032
1484.736676
1484.901089
1485.177651
1485.193503
1485.439263
1485.652296
1485.671383
1485.686784
1486.172242
1486.332150
1486.550467
1486.703739
1486.807532
1486.847836
1487.054643
1487.109120
1487.704678
1488.361062
1488.496640
1488.777912
1488.833167
1489.074790
1489.239736
1489.900175
1491.540910
1492.042383
1492.298342
1492.988150
1493.177590
1493.183816
1493.334016
1493.349130
1493.533942
1493.998264
1494.305505
1495.009853
1495.063798
1495.719813
1495.803781
1495.944192
1495.952343
1496.044749
1497.826181
1498.408059
1499.026473
1499.435377
1499.547320
1499.730043
1500.329247
1500.526264
1500.588155
1500.664095
1500.703130
1500.755599
1500.767846
1500.830597
1501.590036
1501.611172
1502.243512
1503.251456
1503.385231
1503.445074
1504.966902
1505.897595
1505.928069
1506.695823
1506.722284
1507.452109
1508.186563
1508.420321
1509.450629
1509.901271
1509.980406
1510.524764
1510.528983
1511.542170
1512.066171
1512.503951
1512.654807
1512.659927
1512.704410
1512.923914
1513.071206
1513.112330
1513.165742
1513.203835
1513.329459
1513.384223
1513.402040
1513.591849
1515.575992
1517.104456
1517.502710
1517.550961
1517.794263
1517.944996
1518.006477
1518.755840
1518.985544
1519.894569
1520.253952
1520.281723
1520.349716
1520.396329
1520.910500
1521.241989
1521.357988
1521.489060
1522.594120
1522.805965
1523.345613
1523.368059
1523.373588
1523.381617
1523.409592
1523.521536
1524.862812
1525.716378
1526.349660
1526.828687
1527.364076
1527.594394
1527.878656
1528.368538
1528.460083
1529.067069
1529.206702
1529.227182
1529.310044
1530.189210
1530.243236
1530.382377
1530.904740
1530.909655
1530.992763
1531.143168
1531.268874
1531.390484
1531.408302
1531.695473
1533.468426
1533.873684
1535.165891
1535.211561
1535.246950
1535.266611
1535.267226
1535.558246
1535.619072
1535.654257
1535.980175
1536.037519
1536.280699
1536.501924
1536.758292
1536.801423
1536.821658
1536.854589
1537.751286
1538.435113
1539.238298
1539.580928
1540.189389
1540.285153
1540.894392
1540.908605
1540.910653
1540.947517
1541.907907
1541.984010
1542.989251
1543.411917
1543.546429
1543.586529
1544.131666
1545.601925
1545.609748
1545.749381
1546.099548
1547.284480
1547.431772
1547.628503
1547.894538
1548.214518
1548.456509
1548.687852
1549.195264
1549.287629
1550.064148
1550.068204
1550.079672
1550.250476
1551.388836
1552.349921
1552.475095
1553.542840
1553.956454
1554.718147
1555.496960
1555.698524
1555.872522
1555.952394
1556.087071
1556.526039
1556.912169
1557.287608
1557.532221
1557.537382
1557.790065
1558.149243
1558.710067
1558.814188
1560.247583
1560.892211
1561.796772
1562.932142
1562.966344
1563.297464
1563.878400
1563.982889
1564.551045
1564.700754
1567.086387
1567.246909
1568.495206
1568.927990
1570.427044
1570.769551
1571.392266
1571.787448
1571.800719
1572.176773
1572.211343
1572.222894
1572.302479
1572.396073
1572.401848
1572.406272
1572.667269
1573.019156
1573.589975
1573.783388
1574.109389
1574.267208
1574.652477
1574.930964
1575.927112
1576.998953
1577.267651
1577.285755
1577.407406
1577.697157
1577.710141
1578.375496
1578.560020
1578.582016
1579.184456
1579.245896
1580.508897
1580.557435
1582.034985
1582.342431
1582.469530
1582.665114
1583.435530
1583.487672
1583.896084
1584.582083
1584.707625
1584.735642
1584.746168
1584.780001
1585.724088
1586.249155
1587.571548
1587.576709
1588.772250
1589.212037
1589.727601
1589.802189
1589.892588
1590.002156
1590.909788
1590.923018
1591.394632
1592.833024
1593.454838
1594.496287
1594.501120
1594.524426
1595.258921
1597.035602
1597.575127
1598.166876
1598.309868
1598.528020
1599.025725
1599.209759
1600.254280
1600.724255
1601.007944
1601.068605
1602.409472
1602.714378
1655.214203
1655.407124
1655.415890
1655.875256
1656.609997
1656.909783
1657.223660
1657.540444
1657.545400
1657.684910
1657.765929
1657.847276
1657.918874
1658.575135
1658.686874
1658.789724
1659.167416
1659.837194
1660.846121
1660.888433
1660.974121
1661.036421
1661.572792
1661.695590
1661.880197
1662.142423
1662.572462
1662.698332
1662.719181
1662.725530
1662.835630
1662.979973
1662.988739
1663.069061
1663.125545
1663.422505
1663.427994
1663.889654
1664.357786
1664.381051
1664.918282
1665.037353
1665.055539
1665.932001
1666.003108
1666.239201
1666.586419
1667.578307
1667.780772
1668.113039
1668.140810
1668.247675
1668.289536
1668.353966
1668.533289
1669.071872
1669.975532
1670.294282
1671.231406
1671.406387
1671.702938
1671.770808
1672.108278
1672.137851
1672.716411
1672.913592
1673.034916
1673.277645
1673.314550
1673.602826
1674.599793
1674.941727
1675.298570
1675.309466
1675.316060
1675.320607
1675.884175
1676.463104
1678.530642
1679.205089
1680.055992
1680.330465
1680.760996
1680.877322
1681.087816
1681.360036
1681.457971
1681.953178
1681.971282
1681.987092
1682.034647
1682.215363
1682.505073
1682.637169
1683.527680
1683.678331
1683.959931
1684.101734
1684.856095
1684.926464
1685.079286
1685.969510
1685.973729
1686.033900
1686.540206
1686.706545
1686.894674
1687.358628
1687.514604
1688.579645
1688.888525
1688.949883
1689.076613
1689.101517
1689.474417
1690.038026
1690.057318
1690.205389
1690.342482
1690.520330
1691.241308
1691.274609
1691.300905
1691.693384
1692.109005
1692.145664
1692.487229
1692.693176
1692.834570
1692.960686
1693.306511
1693.317284
1693.510164
1694.498120
1695.581962
1697.009091
1697.416806
1697.799045
1697.909760
1698.302771
1698.810675
1699.094528
1699.723551
1699.957637
1700.108493
1700.767171
1700.847084
1700.972134
1701.054833
1701.711340
1701.759795
1702.481797
1702.706545
1703.243571
1703.269458
1703.327375
1703.409295
1703.463076
1703.996170
1704.099144
1704.697242
1705.695519
1705.924362
1706.337239
1706.396262
1706.471465
1706.583327
1707.435704
1708.598026
1708.613919
1708.868116
1708.958433
1709.079224
1709.253878
1709.267845
1709.987226
1710.402150
1710.690591
1711.081636
1711.271813
1711.422177
1711.490867
1711.557755
1711.576392
1712.707502
1712.728760
1712.760381
1713.291674
1713.795604
1714.171126
1715.001508
1715.776799
1716.105503
1716.154491
1716.367688
1716.641833
1717.621105
1717.624791
1717.843149
1717.904630
1717.917573
1717.945508
1718.078996
1718.530867
1718.704415
1718.768394
1719.525458
1719.565394
1720.456520
1720.786248
1720.912896
1720.927846
1721.419325
1721.515950
1721.667420
1722.608845
1722.627645
1722.857062
1723.099628
1723.613757
1723.627315
1723.657052
1724.144148
1724.201001
1724.215173
1724.278456
1724.498166
1724.547277
1724.591514
1724.893716
1725.340877
1725.346857
1726.757970
1727.043256
1727.123210
1727.562220
1727.576924
1727.877161
1728.283034
1728.730931
1728.764068
1729.063895
1729.067418
1729.700823
1730.064179
1730.268856
1730.297201
1730.421924
1730.523587
1730.527805
1730.682102
1730.763858
1730.768241
1731.396936
1731.404308
1731.438879
1731.467674
1732.268196
1732.742717
1734.154977
1734.299197
1735.132447
1736.120975
1736.548884
1736.766546
1737.005548
1737.099428
1737.317335
1737.468518
1738.172498
1738.180444
1738.245652
1738.975928
1739.489526
1739.751137
1740.253962
1740.335923
1740.451471
1741.337190
1743.066563
1743.094170
1743.405466
1743.531622
1743.618253
1743.641641
1743.850045
1743.969403
1744.306012
1744.378429
1744.890061
1745.090068
1745.522278
1745.801544
1746.757878
1747.394028
1747.537265
1747.688243
1747.755827
1747.867279
1748.638351
1748.702740
1748.811612
1749.158298
1749.404058
1749.761843
1751.104512
1751.395533
1751.967662
1752.238285
1752.249876
1752.265933
1752.282030
1752.617042
1752.948613
1753.499935
1754.264084
1754.389545
1754.682327
1755.113390
1755.148370
1755.392205
1755.898880
1756.134851
1756.469699
1756.627026
1756.657910
1756.797911
1757.116867
1757.310403
1757.333094
1757.745603
1758.247363
1758.329774
1759.211356
1759.459615
1760.372695
1761.256120
1761.570980
1762.494996
1762.501222
1762.601083
1763.346801
1764.229775
1764.413645
1764.742717
1764.923720
1765.009490
1765.022556
1765.349745
1765.611725
1765.621965
1765.644247
1765.733908
1765.860557
1765.903360
1766.243246
1766.454149
1767.231283
1767.640433
1767.748403
1768.649236
1768.687780
1768.864604
1770.228859
1770.422804
1771.567759
1771.629896
1772.450038
1772.459336
1772.999762
1773.282058
1774.177362
1774.306304
1774.361436
1774.707917
1775.765504
1775.862211
1776.210903
1776.214139
1776.620872
1777.008763
1777.394115
1778.142413
1778.158346
1778.582938
1778.907341
1779.302564
1779.806495
1780.112220
1780.707451
1780.724982
1780.893737
1781.486141
1781.838316
1782.080143
1782.710804
1782.986711
1782.999122
1783.139901
1783.167508
1783.742300
1784.028692
1785.100943
1785.453486
1785.730376
1786.674258
1786.796974
1787.117404
1787.340800
1787.489280
1787.764204
1788.113060
1788.118548
1788.176712
1788.180685
1788.405105
1788.448113
1788.819292
1788.958843
1789.307945
1789.907067
1790.349066
1790.370324
1791.344476
1792.034079
1792.596746
1792.661422
1792.885637
1793.364460
1794.222449
1794.226217
1794.392269
1794.408653
1794.550374
1794.924708
1795.000279
1795.293921
1795.321242
1795.443057
1795.588792
1796.067574
1796.635935
1796.971725
1796.975534
1797.213430
1797.735506
1797.832417
1798.179348
1798.628106
1799.253934
1800.398152
1800.438784
1800.563794
1801.183724
1801.728246
1802.751222
1802.911621
1803.203994
1803.548467
1803.570995
1803.616461
1804.828426
1804.846039
1805.483622
1805.751706
1806.648648
1806.817690
1806.863114
1807.774843
1808.312689
1808.330097
1808.710287
1809.509417
1810.506015
1810.730557
1810.759516
1811.248128
1811.552952
1811.979715
1812.049469
1812.441743
1813.478195
1813.498839
1813.545820
1814.120243
1814.164111
1814.664561
1814.675456
1814.826394
1815.233577
1815.563059
1815.716618
1815.966310
1816.510300
1816.604590
1817.128182
1817.628262
1817.831711
1818.647060
1818.805576
1818.846249
1818.871112
1819.072020
1819.333837
1819.650826
1819.668562
1819.729797
1820.352102
1820.640748
1820.846244
1821.101425
1821.299712
1821.354312
1821.452493
1821.527491
1821.746217
1821.911654
1823.075615
1823.084339
1823.128781
1823.160402
1823.551652
1823.557345
1823.641436
1824.497746
1824.693699
1825.107436
1826.536694
1826.696806
1826.842829
1826.985697
1827.736330
1829.095588
1830.284861
1830.902170
1830.935470
1831.460454
1831.475692
1831.541555
1833.617613
1834.156155
1835.232993
1836.868526
1837.758833
1839.136809
1839.172690
1839.583068
1839.589622
1839.682642
1839.712625
1839.809659
1839.922913
1840.162816
1840.524739
1840.774349
1841.037271
1841.334395
1841.406239
1841.681244
1841.699594
1841.753702
1841.990533
1842.280448
1842.343199
1843.098419
1843.578757
1843.593585
1844.388332
1845.067858
1845.618442
1845.836759
1846.111437
1846.301655
1846.923387
1848.528159
1850.141573
1850.235986
1850.819748
1851.912315
1852.232909
1852.256993
1852.327076
1852.554772
1852.604252
1852.622725
1853.543178
1853.549486
1853.575496
1853.588111
1853.593313
1854.423327
1854.669865
1855.336325
1857.753006
1857.765376
1857.821327
1858.594120
1859.112428
1859.129876
1859.499909
1859.822264
1860.805345
1861.638144
1861.732147
1862.781870
1862.785966
1862.859244
1862.862397
1863.999734
1865.088573
1865.225748
1865.531597
1865.655255
1866.046669
1867.325972
1868.562473
1868.741140
1869.415096
1870.048338
1870.407066
1870.441021
1870.453309
1870.480835
1870.485463
1870.634066
1870.655570
1871.014584
1871.082783
1871.739822
1872.472678
1872.502948
1873.361961
1873.962721
1874.334843
1875.589775
1875.675996
1876.217815
1877.087683
1877.249802
1877.341798
1877.593784
1878.175089
1878.319022
1878.742180
1879.580836
1879.650386
1880.001700
1880.638505
1880.658657
1881.046876
1881.380577
1881.426248
1882.682040
1883.114783
1883.891794
1883.930296
1883.968512
1884.464128
1884.857713
1885.857464
1886.452654
1886.520443
1886.582661
1886.589010
1887.092040
1887.169372
1887.177974
1887.253340
1888.909312
1889.974190
1891.122053
1892.070564
1892.139622
1892.209951
1892.587192
1893.113610
1893.710397
1894.067405
1894.542377
1894.728172
1894.853919
1895.070188
1895.074284
1895.088128
1895.199171
1895.576494
1895.716782
1895.734067
1896.408146
1896.763638
1898.350141
1898.449510
1898.909942
1899.586847
1899.677000
1899.785462
1899.880776
1900.084101
1900.114493
1901.243679
1901.248799
1901.268009
1901.376840
1901.484237
1901.593723
1902.266941
1902.632960
1902.941553
1902.945894
1903.637709
1903.695913
1903.699476
1903.709430
1903.854551
1903.898501
1903.913861
1904.118497
1904.952361
1905.059471
1905.187963
1905.920328
1906.572329
1907.010601
1907.093873
1907.813212
1907.846103
1907.944038
1908.047749
1909.548237
1909.567980
1909.751685
1910.025585
1910.045532
1910.653788
1910.897336
1910.902497
1910.909870
1910.925353
1910.944645
1911.690199
1911.726162
1912.775393
1913.916989
1913.929277
1914.055639
1914.111058
1914.978796
1915.638333
1915.965153
1916.412887
1917.421732
1917.826621
1917.832397
1917.901210
1917.948150
1918.014218
1918.290289
1918.402232
1919.008522
1919.606538
1919.672115
1919.820513
1919.986360
1920.825590
1920.838533
1921.666089
1922.501468
1923.061637
1923.071386
1923.099320
1923.202621
1923.939697
1924.932731
1925.227151
1925.288591
1925.360108
1925.421875
1925.498511
1925.683937
1926.093414
1926.580429
1926.924943
1927.164273
1927.555441
1928.291738
1928.322048
1928.637194
1929.853010
1930.837770
1930.879058
1931.201495
1931.441889
1932.496527
1932.664627
1932.694077
1933.456015
1934.079508
1934.132838
1934.324695
1934.403666
1935.051448
1935.157740
1935.779512
1936.216924
1936.812319
1937.157571
1937.522606
1938.061681
1938.704589
1938.729820
1938.784379
1939.896156
1940.213023
1940.230062
1941.349868
1941.730181
1942.017925
1942.089728
1942.199296
1942.858260
1943.687004
1943.692165
1943.719281
1944.741274
1944.791532
1945.229967
1945.590129
1945.603236
1945.618883
1945.963397
1946.098237
1946.418053
1946.461635
1946.465567
1946.491986
1946.599178
1946.678108
1946.762568
1948.360253
1948.659343
1948.687442
1948.708577
1949.561938
1949.630505
1949.937254
1951.785984
1952.861553
1952.966656
1953.841684
1954.318991
1954.662072
1955.779297
1956.324475
1956.358758
1956.711342
1956.880548
1957.037998
1958.134784
1958.732923
1959.684997
1959.725588
1959.860797
1960.143872
1960.460124
1960.681144
1961.113600
1961.384018
1961.535078
1961.746022
1961.817907
1962.591068
1962.915144
1962.966016
1962.992148
1963.695841
1964.889457
1965.154222
1965.531628
1965.689201
1965.766533
1965.953393
1966.065746
1966.071276
1966.114816
1966.137836
1966.156145
1967.017001
1967.136031
1967.303352
1967.494922
1968.099451
1968.467313
1968.490578
1969.214874
1969.227530
1969.230193
1969.294705
1970.576712
1971.238175
1971.294536
1971.536118
1971.550536
1971.570770
1972.875182
1973.508588
1973.657436
1973.772943
1975.645102
1975.655342
1977.406669
1977.505669
1977.636987
1978.306724
1978.498744
1978.499441
1978.546094
1978.705347
1978.967122
1979.131372
1979.160412
1979.404575
1979.545764
1979.553710
1979.799839
1979.874836
1979.931238
1980.104868
1980.110316
1980.148244
1980.726272
1981.385687
1981.497016
1981.545964
1982.324613
1983.065416
1984.646185
1984.721388
1985.102356
1985.130537
1985.182310
1985.531658
1986.382356
1986.404147
1986.480333
1987.053937
1988.497736
1989.353841
1989.405204
1989.441782
1989.459722
1990.000435
1990.134743
1990.240584
1990.284657
1990.462382
1990.487368
1990.665708
1990.681682
1990.737633
1990.801039
1991.840645
1991.935795
1992.186429
1992.685240
1992.973517
1993.647350
1993.857843
1993.865871
1994.202604
1994.559980
1994.624000
1996.158648
1996.361032
1996.446843
1996.928696
1997.250888
1997.379174
1997.747651
1998.005535
1998.596628
1998.769930
1998.989230
1999.677522
2000.604037
2001.902141
2002.165514
2002.201395
2002.250875
2002.289828
2002.321654
2002.443059
2002.615132
2002.905211
2003.365233
2003.486802
2003.529114
2003.736904
2004.199465
2004.224164
2004.310303
2006.005760
2007.367270
2007.527383
2008.285184
2008.370872
2008.398356
2008.432558
2008.767652
2008.771994
2008.967127
2009.021809
2009.103688
2009.337078
2009.348915
2009.616712
2009.720873
2009.915269
2009.922314
2009.945661
2010.034340
2010.143703
2010.644234
2010.983547
2011.104420
2011.587789
2011.742167
2011.757609
2011.784069
2011.795251
2011.940045
2011.951841
2012.071322
2012.075172
2012.080169
2012.084675
2012.103926
2012.106342
2012.459868
2013.173228
2013.241180
2013.642301
2013.660652
2015.099044
2015.106499
2015.782830
2015.922790
2016.006144
2016.436429
2016.954204
2017.964401
2018.179768
2018.754642
2018.802811
2018.898330
2019.178373
2019.785564
2019.936379
2020.906312
2020.953948
2021.519073
2023.719485
2024.236810
2024.495882
2024.922399
2025.028649
2025.111347
2025.207439
2025.225830
2025.848013
2026.610074
2027.434967
2028.223980
2028.735119
2030.566646
2030.599127
2031.403049
2031.450808
2031.713362
2032.011428
2032.123167
2032.267264
2032.514294
2033.938719
2034.189844
2034.449039
2034.460754
2035.573924
2036.070605
2036.382638
2037.009981
2037.146583
2037.148303
2037.993595
2038.692291
2038.841876
2042.007757
2043.405230
2043.947008
2043.972854
2044.309586
2044.398715
2045.165896
2045.309952
2045.543178
2045.899899
2046.158848
2046.209884
2046.362829
2046.930985
2046.938890
2046.952612
2046.959862
2047.645450
2048.205947
2048.261407
2048.288850
2048.325960
2048.666583
2050.086461
2050.257347
2051.180708
2051.669197
2052.237353
2052.240589
2052.256399
2052.328366
2052.639826
2052.722360
2054.298337
2054.690447
2054.905979
2054.910280
2054.916301
2055.006700
2055.993467
2055.997522
2056.291656
2056.741151
2057.809592
2059.338383
2060.761416
2060.881306
2061.311549
2061.403873
2061.606298
2062.054072
2063.005696
2063.015076
2063.061115
2064.343081
2066.869371
2067.558932
2067.876250
2067.906683
2067.935805
2068.419379
2068.425564
2068.823286
2069.258936
2069.335327
2069.441495
2069.711626
2069.862851
2070.651453
2071.377019
2071.688520
2071.694664
2072.202650
2073.288786
2074.112164
2074.518651
2074.522092
2074.591478
2074.933084
2076.330476
2076.826583
2077.347922
2077.896991
2077.915095
2079.348900
2079.579750
2079.911649
2080.409272
2080.443064
2080.462234
2080.522936
2080.541082
2081.818378
2082.450964
2082.451415
2082.461164
2082.590392
2083.287859
2083.819028
2083.882844
2086.177096
2086.748733
2086.751355
2086.934159
2086.946243
2087.004733
2087.129866
2087.342776
2088.035246
2089.811804
2089.836503
2089.892086
2089.916621
2090.300621
2090.697646
2090.768835
2091.662131
2092.275466
2092.454502
2092.530688
2092.548669
2092.630508
2093.081887
2093.452165
2093.858488
2093.959782
2094.429430
2094.450074
2094.499103
2096.026460
2096.617513
2096.632218
2096.935854
2097.033585
2097.592893
2097.818583
2097.871176
2098.219049
2099.299287
2099.302441
2099.355648
2099.361055
2099.364372
2099.367404
2099.426959
2099.487089
2099.544596
2099.630694
2099.683082
2099.847209
2099.865313
2099.891651
2101.706097
2101.796659
2102.954598
2103.807713
2103.812137
2103.817216
2104.357970
2104.581120
2105.194947
2105.264701
2106.879918
2107.390239
2107.866235
2107.915674
2108.282757
2108.292301
2108.314952
2108.324291
2108.332032
2109.914440
2112.281027
2112.290488
2112.316006
2113.435075
2113.557135
2113.781678
2114.257797
2114.281841
2115.489055
2115.926794
2117.487698
2119.213916
2119.221084
2120.275354
2120.324096
2120.394056
2120.753275
2121.416622
2121.474867
2121.780470
2121.944637
2121.964708
2122.545521
2122.870866
2122.916454
2123.839898
2124.391506
2124.427223
2124.534211
2124.858163
2124.982026
2125.232128
2125.394616
2125.421199
2125.425869
2125.697270
2125.712794
2126.173962
2127.115141
2127.803351
2128.422707
2128.971407
2129.182597
2129.590272
2130.412134
2130.465341
2133.979013
2134.873211
2135.098163
2135.103242
2135.213343
2136.251556
2136.300093
2136.524390
2136.632443
2136.645263
2136.677786
2136.693146
2136.782234
2136.977654
2137.197158
2137.493955
2138.361405
2139.792998
2139.816591
2139.825889
2141.646397
2142.051738
2142.508933
2142.520484
2143.349637
2143.578563
2143.680307
2143.852708
2144.130007
2144.181043
2144.224010
2145.940070
2145.943265
2146.003558
2146.406523
2146.533499
2146.573763
2146.812682
2147.421635
2147.452805
2148.095631
2148.244357
2148.253696
2148.628029
2149.390868
2149.772042
2150.073917
2150.095462
2150.980444
2151.979909
2152.070021
2152.147886
2152.611758
2152.947384
2152.973025
2153.035571
2153.081774
2153.083740
2153.860628
2153.878938
2153.925755
2154.524754
2154.799718
2154.809303
2154.833838
2155.332649
2155.453194
2155.580088
2156.004762
2156.302500
2156.897772
2156.982845
2157.189366
2157.197353
2157.299057
2157.841777
2158.015365
2158.074184
2158.337188
2158.553416
2158.859469
2158.874132
2158.979318
2159.119360
2159.152988
2159.162696
2159.265874
2159.632015
2159.679037
2160.601661
2160.847503
2161.500160
2161.572577
2162.683412
2162.714173
2163.072082
2164.319642
2164.348600
2165.731410
2165.767741
2166.663578
2167.373414
2168.520540
2168.523981
2168.952750
2168.956518
2169.035489
2169.264005
2170.044129
2170.208584
2170.471342
2170.590167
2170.746511
2172.328264
2172.421734
2172.440044
2172.712059
2172.721562
2172.894413
2173.003899
2173.239132
2173.546865
2173.704397
2173.890150
2174.073405
2175.577743
2177.065452
2177.069875
2177.181041
2177.186939
2179.086090
2179.130737
2179.141345
2179.830006
2180.255252
2181.023252
2181.042217
2181.174804
2181.322998
2181.584568
2181.830574
2182.260367
2182.283469
2184.759050
2186.010665
2186.120684
2186.919772
2188.510495
2188.672492
2188.746138
2188.843418
2189.140419
2189.865329
2189.911859
2190.096671
2190.334198
2190.809948
2190.834770
2191.411773
2193.077740
2193.125786
2193.579459
2193.781555
2194.685583
2194.688573
2194.698404
2197.879153
2198.038036
2198.100091
2198.576538
2198.647357
2198.732268
2199.556178
2199.566377
2199.976919
2200.054456
2200.083825
2200.110490
2200.209736
2200.339128
2201.187779
2201.973432
2201.979576
2202.020209
2202.774733
2202.788209
2202.813358
2202.877747
2203.394499
2203.483791
2203.576934
2203.805860
2203.876188
2204.342641
2204.437176
2205.474570
2205.939384
2206.949376
2207.001313
2207.533793
2208.794993
2210.127790
2210.133565
2210.198528
2210.644910
2210.654945
2210.751488
2212.005110
2213.119508
2213.401436
2213.565850
2214.049505
2214.065234
2214.134292
2214.554624
2214.967296
2215.066255
2215.128678
2215.318487
2215.396803
2215.401841
2216.368824
2216.450294
2217.143214
2217.942671
2218.311557
2218.881556
2219.686584
2220.501811
2220.516884
2221.714964
2222.096261
2222.182605
2222.764892
2222.919885
2223.485256
2223.749243
2223.756534
2223.769108
2224.188621
2225.501676
2225.506263
2225.522156
2225.576223
2225.986642
2228.786381
2228.915937
2229.329920
2230.178898
2230.183977
2230.394962
2231.215677
2231.520215
2231.756554
2232.138260
2233.111593
2233.445130
2233.447834
2233.477775
2233.535488
2234.269983
2234.295337
2234.383237
2236.312248
2236.349235
2236.560753
2237.340262
2237.598474
2237.787177
2238.473626
2239.392481
2239.398830
2363.798159
2364.142838
2364.372378
2364.474860
2364.973793
2365.019587
2365.269402
2365.273047
2365.732168
2365.834772
2365.868687
2365.874995
2365.875487
2365.901414
2366.324613
2366.670930
2366.717338
2366.728520
2366.882529
2366.941921
2367.173878
2367.175926
2367.185510
2367.326618
2367.936512
2368.000123
2368.282173
2368.428032
2368.469443
2368.584786
2368.898662
2368.962847
2370.458501
2370.553078
2371.670221
2371.690537
2371.706307
2372.275364
2372.580516
2372.798136
2373.160673
2373.550244
2373.625119
2373.717770
2373.808620
2373.855560
2373.866168
2373.909176
2374.286172
2374.295306
2374.539592
2374.593618
2374.801736
2374.851174
2374.970327
2375.374930
2375.552901
2375.840932
2376.047616
2376.255611
2376.754545
2376.980316
2377.309471
2377.638871
2378.162094
2378.175898
2378.722304
2378.726441
2378.757898
2378.882007
2379.781775
2380.005458
2380.034171
2380.089713
2380.363366
2380.544778
2380.548096
2380.571894
2380.591514
2380.778660
2381.186867
2381.658030
2381.663396
2382.269686
2382.908826
2382.923407
2383.140823
2383.246541
2383.587041
2383.633859
2384.161055
2384.385352
2384.390103
2384.621527
2384.942612
2385.239245
2385.431142
2385.440317
2385.699594
2385.785160
2386.130084
2386.156298
2386.333778
2387.153879
2387.202990
2387.236782
2387.691151
2388.084736
2388.106568
2388.167434
2388.303708
2388.361462
2388.813783
2388.978483
2389.092884
2389.555937
2390.216131
2390.902252
2391.170499
2391.184916
2391.203389
2391.599718
2391.877550
2392.178442
2392.830321
2392.897536
2394.269860
2394.376847
2394.381681
2394.388726
2395.877786
2396.343869
2396.375081
2396.409651
2396.500582
2396.596838
2396.798075
2396.938895
2398.013522
2399.072993
2399.082250
2399.143649
2399.199969
2399.573524
2399.581430
2399.624069
2400.124887
2400.250225
2401.138647
2401.326244
2401.647370
2401.863475
2401.976812
2402.447483
2402.724004
2402.958868
2403.252756
2403.448709
2403.681075
2403.708068
2404.212736
2404.228178
2404.477010
2404.893942
2405.543117
2405.739274
2405.835817
2406.035538
2406.160097
2406.658908
2406.714286
2406.761185
2406.768599
2407.061791
2407.467049
2408.165007
2408.249180
2408.450130
2408.470364
2408.672256
2408.860836
2408.927928
2408.996413
2409.016525
2409.686548
2409.738322
2409.895076
2410.551869
2410.741350
2410.774159
2410.789601
2410.858824
2411.373076
2411.575419
2411.921080
2412.058010
2412.082790
2412.350751
2412.622356
2412.689818
2412.898550
2412.962734
2413.252444
2413.257032
2413.264773
2413.861233
2413.877002
2413.961789
2414.094623
2414.199849
2414.476575
2415.072625
2415.093350
2415.693988
2416.356393
2417.547715
2417.551688
2417.565368
2418.908529
2419.003843
2420.921221
2421.347656
2421.352161
2421.416796
2421.443256
2421.490237
2421.531935
2421.869568
2422.062039
2422.130156
2422.163988
2423.475159
2423.924163
2423.930634
2423.939441
2423.943455
2423.983923
2423.998259
2424.647762
2425.126339
2425.186591
2425.568952
2426.031677
2426.033029
2426.159104
2426.938204
2426.998252
2427.268260
2427.829576
2428.763709
2428.969861
2429.031219
2429.089587
2429.233562
2429.422060
2429.680148
2429.974938
2429.993656
2430.132756
2431.235932
2431.324283
2431.407882
2431.570330
2431.597773
2431.753011
2431.776236
2432.118743
2432.290652
2433.108091
2433.148600
2433.237074
2433.479762
2433.622139
2434.085806
2434.126193
2434.133934
2434.150195
2434.534523
2435.058319
2435.291628
2436.092723
2436.259062
2437.174272
2437.359329
2437.928714
2437.945876
2438.158787
2438.302351
2438.316524
2438.768230
2439.453860
2439.513170
2439.848346
2440.244838
2440.302920
2440.820613
2440.824013
2441.087631
2442.850386
2443.570299
2443.674542
2444.120351
2444.157583
2444.740731
2444.896911
2445.165281
2445.184860
2445.618749
2446.067876
2446.149018
2446.269563
2446.420337
2447.042806
2447.101952
2447.583273
2447.791063
2447.860326
2447.982838
2448.126034
2448.664740
2448.690790
2449.379164
2450.000732
2450.053366
2451.109356
2451.224740
2451.422781
2451.982541
2452.129833
2452.593254
2453.568512
2454.303212
2454.927237
2455.924531
2456.288010
2456.746598
2456.970158
2457.199452
2457.244385
2457.414410
2457.469952
2457.889505
2458.044006
2458.089472
2458.535608
2458.701210
2458.798694
2459.241103
2459.667292
2459.689452
2460.228526
2460.965806
2461.440696
2461.620060
2461.906125
2462.915543
2463.043092
2463.568118
2463.794504
2463.946301
2464.187146
2465.078436
2466.104525
2466.113987
2466.557501
2466.755748
2467.724698
2467.834921
2467.987456
2468.513997
2469.693972
2470.236242
2470.276915
2470.583173
2470.859612
2471.304274
2474.230989
2474.261873
2474.571612
2474.658570
2475.051131
2475.884708
2476.119572
2476.345221
2476.404490
2476.602696
2476.609331
2476.710093
2476.985139
2477.064315
2477.173555
2477.803848
2477.817979
2477.905674
2478.521180
2478.679040
2478.805729
2479.005000
2479.825920
2480.192922
2480.243712
2480.291267
2480.496312
2481.089987
2481.139384
2481.238098
2481.524326
2482.070979
2482.105180
2482.202296
2482.440643
2482.455675
2482.465178
2482.557215
2483.879526
2483.928924
2484.984709
2485.257667
2485.276344
2485.481226
2485.723873
2485.880750
2485.885706
2485.896602
2486.066176
2486.074245
2486.093496
2486.154977
2486.291988
2487.741194
2488.522056
2488.562074
2488.730092
2489.144852
2489.795256
2490.059203
2490.070508
2490.148577
2491.184415
2491.192934
2491.381473
2491.445453
2492.492104
2492.714680
2492.930867
2492.951511
2493.073818
2493.789389
2494.845379
2494.854717
2495.011922
2495.264809
2495.508972
2495.547843
2495.623496
2495.867945
2496.729661
2496.855859
2497.881006
2498.051604
2498.113167
2498.640118
2499.221996
2499.395912
2499.459072
2500.259881
2500.741366
2500.907213
2500.954522
2501.091574
2501.288878
2501.293138
2501.596201
2502.219612
2502.312632
2502.507315
2502.800097
2503.098122
2503.321600
2503.489044
2503.948657
2504.268431
2504.392335
2504.744305
2505.880453
2506.448937
2506.795663
2506.894090
2506.946109
2507.059528
2507.862467
2507.924644
2507.968963
2508.196659
2509.421199
2510.351483
2510.480998
2511.182889
2512.051528
2512.674447
2513.066066
2513.082532
2513.405379
2513.848074
2514.277007
2516.298097
2516.357939
2516.817920
2517.080924
2517.710725
2517.726413
2517.742223
2517.765448
2518.076580
2518.608855
2518.631424
2518.677832
2519.722680
2519.737016
2519.987896
2520.299069
2520.313324
2521.167217
2521.329746
2521.800540
2521.807421
2521.967862
2523.030118
2523.333100
2523.345551
2523.653284
2524.027822
2524.813681
2525.484728
2526.128783
2526.870692
2527.159419
2527.827558
2528.263660
2529.157202
2529.664123
2529.706967
2529.804411
2529.967800
2530.314650
2530.323210
2530.437366
2530.441585
2530.856591
2531.046400
2531.108332
2531.839099
2532.471931
2533.145764
2534.736814
2534.842245
2536.070840
2536.481260
2536.752538
2536.764621
2537.446728
2537.471549
2538.353869
2540.278129
2540.786319
2541.175316
2541.657334
2542.806548
2543.271485
2544.993690
2545.181573
2545.200947
2545.841848
2545.929011
2546.311168
2547.311985
2548.008100
2548.670464
2548.925891
2550.283141
2550.378414
2550.808945
2550.832988
2550.994698
2551.404298
2551.731814
2551.858381
2552.190239
2552.307671
2553.164390
2553.380004
2553.616302
2553.931366
2554.049618
2554.114089
2554.157425
2554.180526
2554.210058
2555.854520
2556.285338
2556.392448
2556.619899
2556.749988
2557.303808
2557.417718
2558.235116
2558.263869
2558.322074
2558.347796
2558.444954
2558.646026
2558.821622
2558.960886
2559.220818
2560.326164
2560.340623
2560.751739
2560.851436
2561.535058
2561.749238
2562.254070
2562.838774
2563.009577
2563.111281
2564.023255
2564.530913
2564.799447
2565.391606
2565.483315
2565.599642
2565.629379
2566.397911
2566.503916
2566.857155
2567.194173
2567.426335
2567.649772
2567.907082
2568.485560
2568.533033
2568.713585
2568.840233
2568.878203
2568.894751
2569.874596
2570.087014
2570.247414
2571.999027
2572.020326
2572.907151
2573.274030
2573.334364
2574.273823
2574.422794
2574.735852
2575.045140
2575.048335
2575.516303
2576.073728
2577.128120
2577.157325
2577.287250
2577.582940
2577.866097
2577.971569
2578.280120
2579.021701
2579.327672
2579.604152
2580.024033
2580.096532
2580.195287
2580.364820
2581.484913
2581.963203
2582.316646
2582.382633
2582.633882
2582.888980
2582.926623
2582.977741
2583.608812
2585.159311
2585.166438
2585.183887
2585.251799
2585.284567
2585.666314
2585.750282
2585.836872
2586.130760
2586.938122
2587.465155
2588.092170
2588.175114
2588.653568
2589.054280
2589.347308
2589.431112
2589.457981
2589.553172
2589.587907
2589.724099
2589.858898
2589.872005
2590.402396
2590.483988
2590.538179
2590.569144
2590.607196
2590.694523
2590.724833
2590.744248
2591.079997
2591.134679
2591.187517
2591.201608
2592.247194
2592.323133
2593.541898
2593.907425
2595.031409
2595.162440
2596.443832
2596.468736
2597.248287
2597.319680
2598.317548
2598.825165
2599.732142
2599.991583
2600.494121
2601.008005
2601.018532
2601.036308
2601.437962
2601.716613
2601.814753
2601.842975
2602.478387
2602.485514
2602.756260
2602.904453
2603.125678
2604.416983
2604.544942
2604.616909
2604.630303
2604.780872
2605.105070
2605.152420
2605.207962
2605.643366
2605.665853
2605.689979
2606.403379
2606.425498
2606.538465
2607.112970
2607.563981
2608.408781
2608.758211
2609.415291
2609.482875
2609.791427
2609.940111
2610.101412
2611.647529
2612.012360
2612.197990
2612.443587
2612.502856
2612.561633
2613.214167
2613.713551
2613.724365
2613.838971
2613.857116
2614.473810
2614.558147
2614.637036
2615.194501
2615.197655
2615.205765
2615.629619
2615.676109
2616.188846
2616.659968
2616.683069
2618.445414
2618.496942
2618.714153
2618.799677
2619.063992
2619.195269
2619.618222
2620.239012
2620.316221
2620.540273
2620.543672
2620.553339
2620.608348
2620.894618
2621.197517
2621.308928
2621.389742
2621.392445
2621.505823
2622.005821
2622.398710
2622.443028
2622.504919
2622.605435
2622.631854
2622.655160
2622.877901
2623.158886
2623.168061
2623.560376
2623.755223
2623.940116
2623.974973
2624.022610
2624.287990
2624.916193
2625.966203
2626.219131
2626.226872
2626.229453
2626.327921
2626.470216
2627.633111
2627.907584
2628.358799
2630.062694
2630.281380
2630.881935
2631.663903
2632.094310
2632.500675
2632.973230
2633.437143
2634.188595
2634.491740
2635.659182
2635.738481
2635.995382
2636.400067
2636.776899
2636.888351
2637.373645
2638.040146
2639.541617
2639.646392
2640.080650
2640.179282
2640.619848
2640.727736
2641.192018
2641.771930
2641.844511
2642.203812
2642.369536
2642.636841
2642.997535
2643.552707
2643.637617
2643.815137
2644.647895
2644.927365
2645.464187
2646.110863
2646.235013
2646.403645
2646.467789
2647.408435
2647.455703
2647.514767
2647.676887
2648.003789
2648.908677
2649.128059
2649.258844
2649.313321
2650.026844
2651.181916
2651.218084
2651.548672
2652.553994
2652.720415
2653.302211
2653.798400
2654.299259
2654.312243
2654.479319
2654.516797
2654.970757
2655.221432
2655.232451
2655.435858
2656.208527
2656.326902
2656.368845
2656.378552
2656.396247
2656.443146
2657.473536
2657.477878
2658.118205
2658.159370
2658.460508
2658.514412
2658.851185
2660.034437
2660.203397
2660.565033
2660.585513
2660.606484
2660.796416
2661.115699
2661.356790
2662.411756
2663.481426
2664.081121
2664.489370
2665.283994
2665.464504
2666.105897
2666.141286
2666.207601
2666.838221
2666.922189
2667.286282
2668.016845
2668.235407
2668.279726
2668.397199
2668.793242
2669.517414
2669.531546
2669.546865
2669.571973
2669.578035
2669.705134
2670.007910
2670.015201
2670.040228
2670.250148
2670.472028
2670.934057
2670.983496
2671.310602
2671.492219
2672.387400
2672.612229
2673.015357
2673.489347
2674.534195
2674.833408
2675.126600
2676.418929
2676.914995
2677.161206
2677.306573
2677.311078
2677.344625
2677.478646
2678.173041
2678.565724
2679.157842
2679.389921
2679.726285
2679.746642
2680.115896
2680.832041
2680.836997
2681.443820
2681.684255
2682.281738
2682.458317
2682.476585
2683.009638
2683.023647
2684.040684
2684.489236
2684.852920
2684.873810
2684.877537
2685.116703
2685.994598
2686.000620
2687.175885
2687.339233
2687.898092
2688.374456
2688.787948
2689.583227
2691.039232
2691.446989
2691.885998
2692.383867
2692.628521
2692.755661
2692.936008
2693.330248
2693.567078
2693.872067
2694.180618
2694.727639
2695.085916
2695.273390
2695.781499
2696.305009
2696.678072
2697.289728
2697.321595
2697.995346
2698.522132
2698.585170
2698.682941
2698.687775
2698.744914
2699.232952
2699.254374
2699.376189
2699.836334
2699.870740
2699.914404
2700.618220
2700.636733
2700.862341
2701.299261
2701.369917
2701.888881
2701.910999
2702.354350
2702.830428
2702.831124
2703.043297
2703.091794
2703.799460
2704.387482
2704.563200
2704.749609
2705.178993
2706.082980
2706.616115
2706.964357
2707.190620
2707.197092
2707.223347
2707.586744
2708.328325
2708.393452
2708.474184
2709.657723
2710.517637
2710.777815
2711.474340
2711.567360
2711.650181
2711.701914
2711.935836
2713.104220
2713.488876
2714.497679
2714.510418
2714.836337
2714.899415
2715.251794
2715.460280
2715.477361
2715.505295
2717.364306
2717.632676
2718.081311
2718.359798
2719.258993
2719.735194
2719.757353
2719.970509
2720.649871
2720.693166
2720.957358
2721.564836
2721.576550
2722.268447
2722.804654
2723.108905
2723.815465
2724.936786
2725.603000
2725.983478
2726.584361
2727.597015
2727.781908
2728.070472
2728.802468
2729.153085
2729.473024
2730.049454
2730.060268
2730.098565
2730.438943
2730.471219
2730.569728
2731.160945
2732.670976
2732.714557
2732.896461
2733.039616
2733.143245
2733.256417
2733.331784
2733.833626
2734.152540
2734.468956
2734.843986
2736.431391
2736.505569
2736.690872
2737.133855
2737.230848
2737.269473
2737.316004
2737.326899
2738.113085
2739.180831
2739.591660
2739.670221
2739.798426
2740.387635
2740.435476
2742.957261
2743.040819
2744.389632
2744.550072
2744.841871
2745.075466
2745.235087
2745.346253
2745.386598
2746.728817
2747.985551
2748.573041
2749.841777
2750.507213
2750.844518
2750.947451
2751.049646
2752.364503
2752.973619
2755.428311
2756.777042
2756.961731
2757.136712
2757.204992
2757.208392
2758.010429
2758.570598
2758.765117
2758.946243
2759.807959
2759.858749
2759.913226
2760.727798
2761.109135
2761.118515
2761.552445
2761.589637
2761.783910
2762.249830
2762.420347
2762.424443
2763.273626
2763.602698
2763.900436
2764.921283
2765.148488
2765.268992
2765.587333
2766.376673
2766.934303
2767.375483
2767.465882
2767.577498
2767.970017
2768.350659
2769.056604
2769.171005
2769.294664
2769.434051
2770.396324
2770.871869
2770.901852
2770.967470
2771.198239
2772.539720
2772.912988
2772.992369
2773.083136
2773.900739
2774.462833
2774.768599
2775.940055
2776.393400
2776.509194
2777.530778
2778.049823
2778.360709
2778.472243
2778.880778
2778.974290
2779.010785
2779.031020
2779.749335
2780.567634
2781.463511
2782.089462
2782.117151
2782.509343
2783.110144
2783.191532
2784.623985
2784.755057
2786.398740
2787.200901
2788.350730
2788.852818
2791.068385
2791.088210
2791.162839
2791.282688
2791.449559
2791.469957
2791.811154
2791.834624
2791.883080
2791.960453
2792.087101
2792.762737
2793.286738
2794.213990
2794.315899
2795.092255
2795.621335
2796.161761
2797.235159
2797.925704
2798.041989
2798.474772
2799.448187
2800.123167
2801.012244
2801.420206
2801.539277
2802.013512
2802.024776
2802.048737
2802.091745
2802.653020
2802.714255
2804.347535
2804.384604
2804.782490
2804.953825
2804.995154
2805.778514
2805.839176
2805.879316
2806.045164
2807.062487
2807.177216
2807.404954
2807.723008
2807.758356
2807.811031
2807.890248
2808.567194
2809.391104
2809.394708
2809.407119
2810.131169
2810.586399
2810.806518
2811.522621
2812.196045
2812.301640
2812.520735
2813.200589
2813.818880
2814.180925
2815.341036
2816.355860
2816.756982
2817.054269
2817.834394
2819.045745
2819.054141
2819.072164
2819.133850
2819.631227
2821.999084
2822.002156
2822.095380
2822.426583
2825.014886
2825.044132
2825.233531
2825.307382
2826.176512
2826.208256
2826.910843
2827.562885
2827.662950
2828.056781
2828.603638
2828.699320
2829.326582
2829.826949
2832.312443
2832.323584
2832.330629
2832.435610
2832.836608
2832.927580
2833.581507
2833.651343
2833.748132
2835.076055
2835.187139
2835.207700
2835.349586
2835.671859
2836.037837
2836.042138
2836.057743
2836.160061
2836.247060
2836.328980
2836.397015
2836.561101
2837.901066
2838.973440
2839.204332
2839.507640
2840.130601
2840.238817
2840.314552
2840.520827
2840.643011
2840.808243
2840.921006
2841.583985
2841.676677
2841.702195
2841.898148
2842.128957
2842.266173
2842.500792
2843.876147
2844.254945
2848.233554
2848.366551
2848.390676
2849.543455
2849.677844
2850.421064
2850.627625
2851.150684
2851.344876
2852.297933
2852.529234
2852.587028
2852.986184
2853.057864
2853.150351
2853.960991
2854.365635
2854.628393
2854.841385
2854.930678
2855.327990
2855.564861
2855.789199
2856.102216
2856.105615
2856.892867
2857.667666
2857.710182
2857.977528
2857.986212
2858.021929
2858.026271
2858.221404
2858.310984
2859.035689
2859.038065
2859.064279
2859.237253
2859.262771
2859.350057
2859.397489
2859.531428
2859.801354
2860.275876
2861.563863
2861.587292
2861.639639
2861.662495
2862.147215
2862.213693
2862.290534
2862.311465
2862.468424
2862.479360
2862.750556
2864.685056
2864.927908
2865.518100
2865.662689
2865.674158
2865.770332
2866.775163
2866.854216
2866.884239
2867.302236
2867.388703
2867.547013
2868.203274
2868.225925
2868.848148
2868.863222
2869.019361
2869.030011
2869.455176
2869.652070
2869.656371
2870.898893
2871.281992
2871.311565
2871.334175
2871.975567
2871.982653
2873.957171
2874.288128
2874.933617
2875.687526
2876.184207
2876.265144
2878.135214
2878.494433
2878.606909
2879.079424
2879.109079
2879.248998
2879.648154
2880.301711
2880.689439
2881.339597
2882.152735
2882.621686
2883.146875
2883.428106
2884.218716
2885.397914
2886.534267
2886.580183
2887.131709
2887.357194
2887.651041
2887.743242
2888.065966
2888.568013
2890.292142
2890.397532
2890.754499
2891.062968
2891.384914
2892.115640
2892.364636
2892.742533
2892.965192
2892.986409
2893.068657
2893.201531
2893.535109
2893.601997
2894.329651
2895.392727
2895.463342
2895.497585
2897.292083
2898.034483
2898.152038
2898.271560
2898.412954
2898.905743
2899.637002
2899.693445
2900.002324
2900.203520
2900.615332
2901.268029
2901.780111
2902.006006
2902.185042
2902.372024
2902.704046
2902.740009
2903.036477
2903.206175
2903.226819
2903.846052
2903.860634
2903.920763
2904.027382
2904.288420
2904.608563
2904.719811
2905.955164
2905.976013
2906.010747
2906.199040
2906.352845
2906.531389
2906.543268
2906.557604
2907.810693
2907.843666
2907.866358
2908.201779
2909.309952
2910.341120
2910.457078
2911.693660
2911.717622
2911.730033
2912.155443
2912.848896
2912.901939
2912.988774
2913.492951
2913.538990
2913.542144
2913.845658
2914.202378
2914.400092
2914.628690
2914.717860
2914.905170
2915.742720
2916.847534
2917.761966
2918.175007
2918.427935
2918.496584
2918.840730
2919.149609
2919.461642
2920.239391
2921.303900
2921.991455
2922.003620
2922.423378
2922.563174
2922.659471
2923.250606
2923.335557
2923.338301
2923.752817
2923.856118
2924.822364
2925.327114
2925.902111
2926.010491
2926.436393
2926.446633
2926.452204
2926.897275
2927.109366
2927.424594
2928.210862
2928.350085
2928.684073
2928.805315
2929.212867
2929.297326
2929.528996
2929.600266
2929.787372
2930.233221
2931.311002
2931.315999
2931.336110
2931.357041
2931.359744
2931.545129
2931.602432
2931.690660
2932.293386
2932.446167
2932.460216
2932.468531
2932.480451
2933.337457
2934.156657
2934.809641
2934.984786
2935.033160
2935.080346
2935.258522
2935.269540
2935.551304
2935.982899
2936.007107
2936.240128
2936.448287
2937.784115
2937.981706
2938.599793
2938.796933
2938.809180
2938.814833
2939.316716
2939.955773
2941.121004
2941.244621
2943.476326
2943.913124
2944.120340
2944.467517
2944.873677
2945.210286
2945.279427
2945.339638
2945.502700
2945.516790
2945.606246
2945.744732
2945.931510
2946.319073
2947.501015
2947.765535
2948.102963
2948.627251
2948.955709
2949.384520
2949.821235
2949.867889
2950.206300
2950.216253
2950.231327
2950.355354
2950.542582
2950.550815
2950.556959
2950.660710
2950.688154
2950.732063
2950.836675
2951.167877
2951.172506
2951.561216
2951.954350
2953.124782
2953.291940
