127.675884
128.069796
128.153969
128.541450
128.704430
129.363436
130.087526
130.221425
130.455224
130.537308
130.696520
130.745221
130.819400
130.889564
130.962227
131.179151
131.322675
131.621151
131.734733
131.783516
131.982090
132.297196
132.372111
132.382556
132.864246
133.050409
133.233705
133.401272
133.460214
133.491548
133.850890
133.973852
133.980733
134.124380
134.249800
134.755000
135.423795
135.548436
135.578542
135.659971
135.802880
135.967539
136.152064
136.469381
136.643297
136.655503
137.204900
137.522176
137.848218
138.122854
138.342523
138.404086
138.417684
138.621952
138.750730
138.788086
138.823557
138.990879
139.170406
139.319747
139.413217
139.757117
139.781734
140.154429
140.205343
140.284109
140.415140
140.836045
140.881920
140.996854
141.085532
141.118054
141.887078
142.505124
142.554358
142.939464
143.903867
144.174244
144.265994
144.372326
145.383219
145.545667
145.681203
146.034074
146.068603
146.275246
146.339512
146.362982
146.398700
146.520596
147.028951
147.257549
147.607839
147.713638
148.148183
148.252262
148.649206
148.758774
148.928266
149.138432
149.190246
149.670175
150.367560
150.554747
150.713508
150.871122
152.488059
152.540365
152.626135
152.687411
152.700764
152.807137
153.079316
153.935258
153.940500
154.373734
154.469335
154.507960
155.645911
155.786117
155.910103
156.015493
156.262482
156.788122
156.881879
157.022290
157.183263
157.194117
157.313843
157.425132
158.227579
158.428037
159.397151
159.635988
159.868518
159.914762
160.278241
160.508682
161.081262
161.819034
162.784788
163.014697
163.119145
163.437896
163.566756
164.000031
164.038369
164.268401
164.410245
164.753449
164.911022
165.018665
165.060608
165.071913
165.249802
165.483561
165.634826
166.300754
166.637527
166.648381
166.720717
166.779003
167.157473
167.654400
168.167383
168.187249
168.840151
169.042698
169.178481
169.558712
169.577677
170.135511
170.356572
170.629530
170.773053
170.920468
170.929111
171.222589
171.551089
171.781693
172.656476
172.777144
172.830843
173.038633
173.150290
174.181048
174.327767
174.396375
175.014093
175.067136
175.365857
176.382853
177.921638
178.010112
178.526822
179.493888
179.765658
179.960013
180.396646
180.736000
180.960993
181.121147
181.273108
181.756068
181.967462
182.123233
182.587146
182.804562
182.948577
182.969999
183.537132
183.584686
183.964385
184.101274
184.646287
184.978514
185.004237
185.174753
185.369887
185.593692
186.190070
187.177492
187.193508
187.522130
187.557642
187.584020
187.916411
188.883395
188.986737
189.103596
189.255844
189.386015
189.481370
189.599293
189.661880
189.838582
190.146478
190.256865
190.351852
191.555174
191.596298
191.684813
191.732408
191.787581
191.811625
191.821578
192.080077
192.177480
192.412017
192.516137
193.880228
193.946173
194.184888
194.237686
194.647409
194.699305
194.714829
195.065569
195.289211
195.431834
195.852575
196.104561
196.284703
196.294287
196.593664
196.621558
197.032673
197.096284
197.352407
197.423022
197.492777
197.615616
198.747709
198.791291
199.026360
199.368950
199.630930
199.767777
199.951974
200.076042
200.361697
200.371896
200.698798
200.856658
200.878776
201.632440
201.650258
201.975603
202.188800
202.405888
202.508861
202.660454
202.690724
203.498742
204.067881
204.430418
204.475023
204.794675
204.937708
205.293855
206.616289
206.761288
206.990541
207.324979
207.631606
207.754854
209.380639
209.422582
209.631928
209.732854
209.986109
210.043699
210.217165
210.509865
210.781061
210.815386
210.909184
211.205366
211.410944
212.213268
212.276347
212.521206
212.548280
212.855603
212.868014
213.291581
213.377761
214.046310
214.556754
214.965289
215.551222
215.558636
215.716905
216.546304
216.722473
216.835564
217.135022
218.372055
218.565263
218.660372
218.777764
218.801439
218.963026
219.216159
219.842396
221.267395
221.341614
221.399327
221.472031
221.614244
221.748388
221.863895
222.047560
222.076518
223.254938
223.417016
223.583314
223.704596
224.204882
224.690463
224.735478
224.851190
224.935690
225.172972
225.414636
225.644831
226.338161
226.365809
226.694144
227.480535
228.314030
228.698481
228.810383
228.846305
229.159526
229.354496
229.503386
229.624873
229.705892
229.822464
229.888205
229.947392
230.496993
230.724526
231.170212
233.376850
233.748685
234.067436
234.245489
234.387374
234.724147
234.988667
235.184087
235.526185
235.879260
236.243845
236.687524
237.056573
237.206241
237.328384
237.698744
237.814047
237.949420
238.075208
238.686659
238.691492
239.111700
239.579709
240.246661
240.338575
241.169736
242.816000
242.871296
243.201475
243.257221
243.636142
243.712860
243.835986
244.523868
246.046269
246.160384
246.258278
246.282486
246.556713
246.704210
246.761964
246.801162
246.988513
247.064576
247.531971
247.592346
247.746314
247.958036
248.120566
248.120975
249.185853
249.570017
249.691709
250.020536
250.129490
250.613719
250.737869
251.144438
252.388639
252.517007
252.939100
253.291684
253.404529
253.798113
253.879828
254.022124
254.264730
254.478991
254.796431
254.873231
255.041085
255.459123
255.579259
255.625380
255.737487
256.255304
256.492175
256.676618
257.233961
257.286267
257.386086
257.515233
257.674854
258.436137
258.591662
258.706063
258.813256
259.262669
259.376947
259.630940
259.912827
260.108534
260.221379
260.682301
261.094277
261.112422
261.193441
261.408604
262.835814
264.017224
264.164352
264.850186
265.245901
265.541018
265.682534
265.718456
265.725215
267.156521
267.627643
267.735818
267.822039
267.956388
268.166554
268.771820
268.944056
269.041828
269.088358
269.463265
269.639680
269.788242
270.527324
270.734213
270.996316
271.686779
271.759729
271.831122
272.092324
272.496353
272.759849
273.085194
273.232855
274.871009
275.012280
276.740792
278.674760
278.846095
279.732552
280.430674
280.885371
281.373000
281.405235
281.763881
282.113393
282.456596
282.844488
282.940539
283.441725
284.804342
285.281608
285.529743
286.634762
286.752891
287.461827
287.558615
287.654502
288.382362
289.297613
289.776394
289.878016
290.409062
291.328328
292.121436
293.180867
293.624750
294.705644
295.968727
295.988142
296.357888
296.496497
296.803492
296.962499
297.347645
298.401178
298.568335
299.300823
300.468142
302.448148
304.863560
307.936870
313.539953
315.801559
317.992919
320.307405
320.355574
325.828362
327.774044
328.300831
329.783132
334.945157
341.473567
342.147850
344.689418
347.847885
351.860244
353.062789
356.419789
357.122744
357.352284
370.704507
374.709617
376.059331
376.828723
377.511240
378.257121
383.122227
387.255296
388.924989
392.274739
392.587059
400.605389
406.544261
410.714235
415.912059
417.270866
419.721216
419.849953
419.949486
427.871437
428.517130
429.910344
435.940844
436.441580
437.871247
438.151537
441.891799
444.408832
445.460480
449.309082
450.147860
451.031245
452.327547
452.382597
453.926625
454.197207
454.207283
454.477783
455.376937
455.569121
455.900324
456.479744
456.964096
457.101640
457.599427
457.856532
458.611876
458.675651
462.165893
463.095808
463.122596
465.105756
465.449411
466.328412
466.467226
466.471526
468.504207
469.116682
469.124792
469.407334
469.435433
469.740012
470.145679
470.294897
470.435553
470.447104
470.624256
471.284982
471.343432
471.561708
472.176435
472.210514
472.968643
472.988918
472.998584
473.985761
477.070705
477.145661
478.577213
478.652662
479.518065
480.157286
480.429138
481.779589
481.785774
482.514207
482.558689
482.622833
483.303711
484.183818
485.813617
485.883863
486.036603
486.169477
486.793667
487.156900
488.283832
488.488714
489.500099
489.592300
489.915597
490.753597
491.985961
492.296520
492.367176
492.449260
492.529664
492.664750
492.707389
492.834652
495.395963
495.684854
496.221102
496.422502
496.542269
498.015478
498.521661
499.268239
499.952763
500.869530
500.892672
500.986716
501.390254
501.403566
501.416673
502.085345
504.578376
504.593695
504.801526
505.022341
505.476260
505.506857
505.524552
506.224804
507.289641
508.020040
508.986081
509.733274
510.216970
511.195587
512.699310
513.064059
513.204838
513.427907
515.675668
518.935388
521.364029
524.403016
524.449096
525.310034
534.781542
534.793257
543.642870
544.259850
546.822513
548.083671
548.381737
552.243487
566.069125
568.771871
568.908227
572.529254
576.244859
576.386580
578.276024
579.009495
580.945469
581.785477
590.061486
590.493983
593.645609
596.666286
599.623598
600.542208
604.178186
605.452411
613.177180
619.854356
622.964204
628.936376
629.386568
630.243287
631.240868
643.885179
654.587372
656.840786
661.824676
664.382956
667.910226
672.840008
673.958093
676.750541
678.644982
679.614628
682.728694
682.950492
685.668106
686.067712
686.769111
687.029699
687.149793
687.920579
688.016261
688.787456
689.281761
690.785444
690.977874
691.661087
692.805100
693.221704
693.228339
693.648015
693.757174
694.006006
694.680658
695.481999
696.271667
696.660460
697.037496
697.832530
697.908879
699.236925
700.228895
701.159055
702.529004
702.698455
703.608054
703.690056
703.813263
704.265011
704.586629
706.490941
707.184927
707.198239
707.209912
707.848602
708.900577
709.137326
709.210276
709.258895
709.548155
709.684101
711.063593
760.062648
760.981053
761.084150
761.169592
761.273098
761.347359
761.426493
761.463071
761.902899
761.928827
762.359071
762.921861
763.150828
763.543224
763.860255
764.113306
764.269937
764.395315
764.549120
764.736020
764.846285
765.606871
766.199644
767.219548
767.432417
767.970959
769.146225
769.288684
769.394770
769.455227
769.635205
770.264064
770.425569
770.499707
770.808750
770.896855
771.073679
771.350569
771.573924
772.699218
773.005066
773.530870
773.579244
773.602877
773.624627
775.417692
775.588004
775.901635
776.312709
776.577188
777.104753
777.149235
777.250816
777.609093
777.779937
777.804308
778.591601
779.277148
779.561861
779.613471
780.162990
781.061120
781.445775
781.824369
782.197432
782.293361
782.672650
783.061524
783.838331
784.537559
786.051072
786.898002
786.913567
787.304243
788.022395
788.157235
788.279665
788.550902
789.107712
789.603410
789.815992
789.913149
790.939525
791.641620
791.799276
792.117207
792.663777
792.857641
793.033605
793.347604
793.624084
793.728164
794.866811
795.552358
796.096635
796.136284
796.287836
796.610109
796.618916
796.777349
797.111910
797.535724
797.735854
798.088192
798.363443
798.439178
798.604780
799.028675
799.082947
799.849349
800.019292
800.114156
800.328827
800.724173
800.734167
800.900588
801.160888
801.447813
801.767383
802.206925
802.225725
802.289009
802.365276
802.503188
802.703892
803.636183
803.718881
803.832422
804.032389
804.082442
804.914012
806.544876
806.905201
807.007724
807.249756
807.536026
807.662510
807.881482
807.979704
808.482611
808.811807
809.349898
809.663816
809.941811
810.648699
810.825155
811.564974
811.598766
811.858903
812.398920
812.508979
812.864307
814.358856
814.491238
814.559150
814.629356
814.707958
814.713692
814.881300
815.117394
815.135252
815.145124
815.411937
815.535514
815.625093
815.832146
816.213238
816.908001
817.065656
817.914716
818.017526
819.061719
819.313869
819.476029
819.653632
820.303176
820.423434
821.691761
821.939159
822.079980
824.676803
824.894054
825.620070
826.144645
828.748472
830.990868
831.009137
831.135621
831.194931
831.295693
832.077496
832.785367
832.959160
833.087365
833.446093
833.787453
834.826895
835.281797
835.839508
835.971973
836.045906
836.135649
838.486508
838.509404
838.627656
839.009485
839.105290
839.443456
839.815782
840.298168
840.440381
840.754381
841.180283
842.436772
842.598113
842.722714
844.230861
844.274647
844.539863
844.897608
845.214802
845.306962
845.471867
845.546045
845.926195
846.159503
846.307983
846.537482
846.738104
846.985912
847.007539
847.097610
848.704307
848.795812
849.398047
849.734902
849.874944
849.977098
850.352742
851.000033
851.289129
851.848438
851.874693
852.763320
852.901601
853.106360
853.646746
853.753856
853.812879
854.181970
855.099064
855.710843
856.102871
856.231731
856.237588
856.325448
856.371282
856.411832
856.449311
856.464015
856.511324
856.558060
856.576246
856.587141
856.590868
856.962335
857.148785
857.163366
857.399009
857.573540
857.646694
857.716818
857.851576
857.948160
858.113638
858.352968
858.549453
858.850550
859.000218
859.101225
859.317617
859.519386
860.768625
861.171958
861.321830
862.221025
862.346568
862.599782
862.854840
863.233638
863.660073
864.005038
865.365647
865.381130
865.423319
865.601454
865.715077
865.761116
865.820713
866.116731
866.618122
866.736374
867.160269
867.389317
867.651256
867.881329
867.992207
868.101734
869.165179
869.245788
869.353431
869.377884
869.535457
869.587026
869.724283
869.760860
869.910815
870.015754
870.106644
870.383165
870.451159
870.707855
870.903931
871.002071
871.079977
871.247790
871.293174
871.384801
871.797678
872.381645
872.458527
872.546140
872.768881
872.889795
873.719439
873.819300
873.918874
874.516849
877.532570
878.022533
879.595807
881.466737
882.401198
882.484920
882.930278
883.129385
884.597187
884.663992
884.704379
884.875018
885.079900
885.199831
885.365965
885.455094
885.457265
885.890867
886.038118
886.509814
887.410893
888.064164
888.298906
888.373740
888.457052
888.757903
888.868413
889.432637
889.444639
890.506772
890.571899
890.738360
890.913997
891.004068
891.329741
891.814052
892.551905
892.994355
893.420626
893.675643
893.861437
894.208246
894.345503
894.981898
895.617597
896.331899
896.408781
896.924344
897.268081
897.540751
897.854751
897.996104
898.112717
898.276352
898.423849
899.278930
899.928719
900.777370
901.091492
901.178450
901.191967
901.197005
901.209375
901.244641
901.370307
901.469676
901.716132
901.897257
902.141010
902.601441
902.711501
902.961725
903.293297
903.372554
903.431700
903.519969
903.554048
903.740457
903.758889
904.383283
904.675901
906.819502
906.824909
907.122729
907.203912
908.276531
908.973711
909.194609
909.845053
910.273126
910.596956
910.639104
910.707302
910.857052
910.945198
911.008932
911.495537
911.628329
911.763988
911.796552
911.860449
912.199926
912.323461
912.729866
912.775660
912.958833
913.046364
913.386045
914.748621
916.532797
916.833239
916.884849
916.945306
917.010063
917.224612
917.230674
917.655183
917.791621
917.849866
918.363587
918.937027
919.022715
919.117496
919.181599
919.259587
919.727596
919.908475
920.099881
920.675123
921.027871
922.138501
922.999603
923.053875
923.087544
923.255972
923.324006
923.706409
926.600847
927.161876
927.867658
931.542180
931.590676
931.727770
931.886244
932.019200
932.151624
932.370760
933.322588
933.482373
933.707612
934.198026
935.491092
935.502111
935.710147
935.791985
935.887258
936.024392
937.067889
938.216325
939.191992
939.525366
939.718943
940.115558
940.151235
940.846776
941.079429
941.720248
942.757315
942.925783
943.100436
943.116370
943.192228
943.261327
943.297536
943.329239
943.339602
943.351849
943.548457
943.863562
944.022897
944.100352
944.120259
944.390799
944.418243
944.644997
944.914063
945.053901
945.396572
946.520678
947.794534
947.951780
948.509696
949.926339
950.194995
951.925596
952.209203
952.282890
952.306729
952.433951
952.617902
952.855306
952.987771
953.129861
953.590006
953.780224
954.436813
954.790093
954.811269
954.881679
956.580004
957.813883
958.354227
958.941389
959.069061
959.572951
959.653396
961.863885
961.990779
962.121564
962.211840
962.335007
962.578350
962.667110
962.963784
963.095511
963.340616
963.850568
964.073718
965.528003
966.407004
967.000678
967.076209
968.203387
968.440709
968.536719
968.898642
969.450209
969.474949
971.557315
971.852923
972.133376
973.143450
973.298483
973.585326
975.014707
975.262433
975.348040
975.377859
975.426806
975.722865
975.982264
976.115958
976.325427
976.535183
976.691978
976.823009
976.836526
977.900995
978.071060
978.461164
978.693898
983.575634
983.870505
984.957706
985.474130
985.486172
985.788867
986.113475
986.216489
986.222920
986.485105
986.858168
987.276288
987.362468
987.450204
987.541545
987.774935
987.851694
987.953316
987.994931
988.395479
988.406989
988.411208
988.687933
988.806062
989.205832
989.414810
989.856850
990.043996
990.230405
990.703206
991.110226
991.520727
991.716065
991.889449
992.120340
994.037432
995.082486
995.321569
995.698360
995.713352
995.833692
996.144906
996.256236
996.342784
996.804567
997.016371
997.095711
997.382021
997.593498
997.765284
998.314066
998.956360
999.060029
1000.535327
1000.958648
1001.662177
1002.220749
1002.380861
1002.727506
1002.856858
1002.925998
1002.932388
1003.430257
1003.508122
1004.272394
1004.684534
1005.333914
1005.451756
1006.352957
1006.444708
1009.012941
1009.157407
1009.559839
1009.992090
1010.132214
1010.293596
1010.802360
1010.855936
1011.305841
1011.478118
1011.963085
1012.921876
1013.066506
1014.782648
1014.956769
1015.489700
1016.026481
1016.290386
1017.914245
1017.967452
1018.491044
1018.636206
1018.861158
1019.805532
1019.867341
1020.082790
1020.648489
1021.213327
1021.630259
1021.672243
1022.301880
1022.970307
1023.289958
1023.663555
1024.559636
1024.721224
1025.733100
1029.050737
1031.409377
1031.948943
1033.135022
1033.899213
1034.223657
1036.369510
1036.446515
1036.494275
1036.622807
1036.757238
1036.818555
1037.002465
1037.177364
1037.490586
1037.616210
1037.763174
1037.927916
1037.999022
1038.258790
1039.069020
1040.884040
1041.242071
1043.169280
1043.709379
1043.736904
1044.991222
1045.335613
1045.408276
1045.869404
1046.044344
1046.230139
1046.476964
1046.629048
1047.853711
1047.893115
1047.959020
1048.179917
1052.194324
1052.701409
1052.829573
1053.027983
1053.037199
1053.052928
1053.355377
1054.132101
1054.544486
1055.418040
1057.024287
1057.769349
1060.325868
1060.642611
1061.142077
1061.935759
1063.030088
1064.590664
1064.732221
1064.919327
1064.936694
1064.979907
1065.093489
1065.337692
1065.647022
1065.714360
1065.824584
1066.435420
1066.525327
1066.629816
1067.000218
1067.019674
1070.602527
1070.666998
1070.733681
1070.875075
1071.143240
1073.184891
1073.189683
1073.436385
1073.918075
1074.084946
1074.233836
1075.630121
1077.098250
1077.601034
1077.620982
1078.316278
1079.772365
1080.046797
1080.167588
1080.175821
1080.542167
1081.958973
1082.247086
1082.888929
1083.558994
1084.560179
1084.793651
1086.227784
1086.689116
1090.043781
1090.619392
1093.345894
1093.502648
1093.600543
1093.690122
1094.255616
1094.797107
1095.407084
1095.937188
1096.491418
1097.350676
1097.978429
1098.584187
1098.972447
1098.991944
1099.167171
1099.335066
1100.090081
1101.911163
1102.024663
1103.161713
1103.224586
1103.602647
1103.709921
1103.778693
1103.821496
1104.148029
1105.749279
1105.927086
1105.963254
1106.217943
1106.238341
1106.347418
1106.697380
1108.528087
1108.690698
1109.687869
1112.494080
1113.043026
1113.583821
1114.293371
1116.506522
1116.628787
1116.697764
1116.737290
1117.108879
1117.264323
1117.673595
1118.103839
1118.524211
1118.719631
1119.138939
1121.927496
1123.775488
1123.975496
1124.038042
1124.650148
1124.819968
1125.349294
1125.491794
1125.551964
1125.943747
1126.240911
1126.333891
1126.605128
1126.670664
1127.266877
1127.453245
1127.563264
1129.309389
1130.104218
1130.853048
1131.327652
1131.396751
1131.418583
1131.438449
1131.585536
1131.848253
1132.580413
1132.779192
1133.774029
1133.879747
1134.371635
1137.078600
1137.573478
1137.857864
1138.101084
1138.517934
1138.712289
1139.324641
1140.714414
1141.082358
1141.327462
1141.402173
1141.511987
1143.703880
1144.064451
1144.085791
1144.583127
1148.562350
1150.236262
1150.938644
1151.006392
1151.039283
1151.085937
1151.301263
1151.611945
1152.064389
1152.154173
1152.314573
1152.738509
1154.483487
1154.730557
1155.606938
1156.581335
1158.880133
1159.335158
1159.592714
1160.481219
1161.560146
1161.589473
1161.707889
1162.022707
1162.393764
1162.406584
1162.412278
1162.417644
1163.021394
1163.045929
1163.168481
1163.218452
1163.235820
1163.433943
1163.655782
1163.795784
1163.928084
1164.358328
1165.675479
1166.001644
1166.434632
1167.167898
1167.362826
1168.069427
1168.570081
1168.814039
1168.876012
1168.980296
1169.056195
1169.542554
1169.997251
1170.155520
1170.273649
1170.769019
1171.087196
1172.263404
1175.154156
1175.222149
1175.552737
1175.840481
1176.061706
1176.634614
1176.820040
1176.969134
1177.101640
1177.181962
1177.261711
1177.981174
1178.394952
1178.691707
1179.863613
1181.206200
1181.464781
1181.666877
1181.912228
1181.984563
1182.187479
1182.314496
1182.374830
1182.561485
1183.048376
1183.195546
1183.324652
1183.425372
1183.476941
1183.975956
1184.234701
1184.292127
1184.329810
1184.930570
1185.274634
1185.341645
1186.110751
1186.686525
1187.127091
1188.252140
1188.605829
1189.080556
1189.091000
1189.356831
1192.883855
1194.819953
1194.892493
1195.694080
1197.592003
1200.357171
1200.600637
1202.684355
1203.562373
1204.304200
1206.303908
1206.679921
1206.747546
1206.982738
1207.026893
1207.858749
1208.258355
1208.879473
1210.214523
1210.234061
1210.586726
1210.733486
1210.739794
1211.766333
1211.797627
1211.850752
1211.897283
1212.067021
1212.094915
1212.111995
1212.206776
1212.309627
1212.388680
1212.759122
1212.904038
1212.918743
1213.133701
1213.431480
1213.511393
1214.231921
1214.703288
1215.435489
1217.635041
1218.028093
1218.534318
1218.941460
1219.426140
1220.060119
1220.500152
1220.689756
1220.706140
1222.545695
1225.626132
1226.713498
1226.726810
1226.733527
1227.542405
1228.525650
1228.642714
1229.440778
1229.556859
1230.522941
1232.754606
1233.393459
1234.113618
1234.236989
1234.300396
1234.354831
1234.463703
1234.573558
1234.676490
1234.870313
1235.111567
1235.210199
1235.694264
1236.386980
1237.293097
1237.419254
1237.502362
1238.015549
1238.471967
1238.765486
1241.669345
1243.238892
1243.475354
1243.586355
1243.667251
1243.701985
1244.182487
1244.734341
1244.739502
1245.891994
1246.302659
1247.132713
1247.303393
1247.902515
1249.510482
1249.923236
1251.217736
1254.003220
1255.291535
1255.947141
1259.098972
1259.249746
1259.325440
1259.694080
1260.655944
1262.142546
1262.377574
1262.426317
1262.604943
1262.851850
1263.045960
1263.594209
1263.768535
1263.856189
1264.580321
1265.089741
1265.369334
1265.710244
1266.132132
1266.268979
1266.325955
1266.559263
1267.659244
1268.869734
1269.244764
1269.290680
1269.446410
1270.619546
1271.091978
1271.387709
1271.442186
1271.473070
1271.833477
1275.633500
1277.896827
1278.021427
1278.117274
1278.139638
1278.145167
1278.349148
1278.620058
1279.008809
1281.459896
1282.765414
1283.508716
1283.713188
1284.588872
1284.849869
1291.368284
1297.441915
1297.605140
1297.694310
1297.710449
1297.798881
1297.926185
1298.159575
1298.475704
1300.199465
1300.487578
1300.522516
1302.830817
1303.881236
1304.554496
1304.763392
1304.807670
1304.961679
1305.961185
1310.247731
1310.895227
1310.911816
1311.324529
1312.054108
1312.132137
1312.214098
1312.547144
1313.103462
1313.499873
1313.914388
1313.989059
1314.180792
1318.080020
1318.641254
1318.893650
1319.946486
1322.328105
1322.424525
1322.589225
1323.294188
1323.425014
1324.393677
1324.476252
1324.656763
1325.303685
1325.429596
1326.198292
1327.126569
1328.798474
1329.669489
1329.989714
1330.158797
1331.028009
1331.036529
1331.144335
1331.424338
1331.537592
1332.117504
1332.361830
1332.766515
1332.958700
1333.449933
1333.456732
1335.889961
1336.547901
1337.297060
1337.353503
1337.556910
1337.721283
1338.601431
1339.026022
1339.388191
1341.234340
1341.785580
1341.884621
1343.097119
1343.477924
1343.620465
1343.687721
1343.691203
1344.069878
1344.317440
1344.451133
1344.852255
1345.392026
1345.827144
1346.208768
1347.033088
1347.200532
1349.864817
1350.339912
1350.591898
1350.919619
1351.463977
1351.498383
1351.961436
1352.572068
1356.273172
1358.743511
1359.703777
1359.934054
1361.314161
1361.903002
1362.358149
1362.478408
1362.655232
1362.972631
1363.097313
1363.366216
1363.396280
1364.318700
1364.461732
1364.572856
1365.325988
1365.680415
1366.783386
1367.183565
1367.315579
1367.911424
1368.489370
1369.702646
1370.644070
1370.682655
1371.197440
1371.351818
1371.530732
1371.628093
1371.874509
1372.284150
1372.428288
1372.544696
1372.909076
1373.287547
1373.574513
1373.741916
1373.962895
1374.580613
1374.737367
1374.923244
1375.274271
1375.323668
1375.452160
1377.217577
1377.229210
1377.431511
1377.552425
1377.674158
1378.452685
1379.254477
1379.923845
1381.606318
1382.099231
1382.601482
1382.732063
1382.951240
1383.206953
1385.976013
1386.063094
1386.084270
1386.110198
1386.216571
1386.298245
1386.370826
1386.384794
1386.392044
1386.581770
1386.645463
1386.703380
1387.012628
1387.174175
1387.178394
1388.635628
1390.408008
1390.421320
1390.637179
1390.740439
1391.654748
1394.424668
1396.310876
1396.629914
1396.806451
1397.458985
1399.164232
1400.006738
1400.702075
1402.739016
1402.885366
1402.945208
1404.181627
1404.949873
1406.307205
1406.559928
1406.627553
1407.644467
1407.882854
1408.539894
1408.719380
1410.726011
1411.430482
1411.481354
1411.611361
1411.768689
1412.156867
1413.746115
1415.520707
1415.573094
1415.592878
1415.714038
1415.779123
1415.838351
1415.928627
1416.277443
1416.301158
1416.477778
1416.621588
1416.687411
1416.868127
1417.811681
1418.193715
1418.346824
1418.521108
1419.247821
1420.380160
1420.473139
1420.590735
1420.798689
1421.248717
1422.854062
1423.662490
1425.715569
1426.101330
1426.391368
1426.396324
1426.586132
1426.686771
1427.064791
1428.313416
1428.792975
1429.032018
1429.951775
1430.323036
1430.331515
1430.890086
1433.107333
1433.341460
1433.427722
1433.813688
1433.862758
1433.949757
1434.139648
1434.406953
1434.422026
1434.603274
1434.837361
1435.441029
1436.093809
1436.130263
1436.483543
1436.859433
1436.957696
1437.004227
1437.115597
1437.438116
1437.563699
1437.571400
1437.685842
1438.337393
1438.526792
1438.844191
1439.027446
1439.409480
1439.728476
1439.853527
1441.015972
1441.717043
1441.895465
1441.989059
1442.304451
1442.566554
1442.778931
1443.117056
1443.687137
1443.804652
1443.903283
1443.913155
1444.431954
1444.529480
1445.716500
1446.368870
1446.919209
1447.410483
1447.633101
1447.831552
1448.188682
1448.407081
1449.132196
1450.407363
1450.475028
1451.144765
1451.520246
1451.950244
1452.138209
1453.303357
1453.924516
1455.623905
1455.626076
1456.231670
1456.888136
1457.875886
1461.016699
1461.062246
1461.398036
1463.825121
1465.536471
1465.714811
1465.762570
1465.936118
1466.220708
1466.296320
1466.923950
1467.596636
1468.548178
1469.699195
1469.709599
1469.827686
1470.105846
1470.160364
1470.507581
1470.919434
1471.185347
1471.503892
1471.929303
1473.102070
1473.623818
1474.530918
1475.112550
1477.317550
1478.569656
1478.816113
1479.370998
1479.495598
1479.962051
1480.270889
1480.730378
1483.191255
1483.197972
1484.427223
1485.622436
1485.945610
1486.039040
1487.132631
1487.839437
1488.533791
1488.545464
1488.579502
1488.674324
1488.825999
1489.222083
1489.416151
1492.397261
1493.202985
1493.244109
1493.459804
1493.852529
1494.197166
1494.364938
1494.692127
1495.229604
1495.726572
1496.060600
1496.136950
1496.817500
1497.067561
1498.051133
1498.672374
1498.838262
1498.999890
1499.572552
1499.869020
1500.977193
1503.333745
1504.243139
1504.253993
1504.326492
1504.393789
1504.503644
1504.557670
1504.649052
1505.033953
1505.300931
1505.428562
1505.535672
1506.047918
1506.153964
1506.391941
1507.876372
1508.254843
1509.991793
1510.330737
1510.930309
1511.687987
1513.240289
1515.394908
1515.422188
1516.615148
1516.873073
1516.967158
1517.471908
1517.483909
1517.586842
1518.084669
1518.424392
1518.442086
1518.449951
1518.853489
1519.133164
1519.548908
1520.062546
1520.140001
1520.303473
1520.608174
1520.864502
1521.312031
1521.323090
1521.595761
1521.913364
1522.080399
1522.730230
1522.815058
1522.830418
1522.904269
1523.093750
1523.485778
1523.553116
1523.694551
1523.708600
1523.988439
1523.996017
1524.183081
1524.201718
1524.608737
1525.017887
1525.024195
1525.295022
1525.585797
1525.779456
1525.891113
1526.151782
1526.186803
1526.363587
1526.464758
1526.802186
1526.812959
1526.821888
1527.037379
1527.080673
1527.342531
1527.762084
1528.542454
1528.826552
1529.053880
1529.100288
1529.106924
1529.230950
1529.253888
1529.259704
1529.410519
1529.973965
1530.308157
1530.431570
1530.626294
1530.835722
1530.873938
1530.990060
1531.077714
1531.349361
1531.432837
1531.507343
1531.678884
1531.751752
1531.783086
1531.992719
1532.020613
1532.393308
1532.517581
1532.577178
1532.994724
1533.065462
1533.225370
1533.417308
1533.522002
1533.673472
1533.794877
1534.154465
1534.313554
1534.580777
1534.612193
1534.712709
1535.191532
1535.221637
1535.247360
1535.636439
1535.715820
1535.759647
1536.548127
1537.287332
1537.328620
1537.429750
1537.569464
1537.751122
1537.969439
1538.197217
1538.778153
1538.863841
1538.915656
1539.168379
1539.267830
1539.584287
1539.696804
1539.827016
1540.147446
1540.152812
1540.449198
1540.543037
1540.658708
1540.738335
1540.857201
1541.121147
1541.200978
1541.515223
1541.884887
1542.071501
1542.231572
1542.242345
1542.258360
1542.847611
1542.893855
1545.936527
1546.848215
1546.966139
1547.041423
1547.812127
1549.096837
1549.355377
1550.089667
1550.099702
1550.459945
1551.090115
1551.136113
1551.239700
1551.328829
1551.885926
1552.535142
1552.738017
1553.111409
1553.128694
1553.420329
1553.589658
1553.674732
1554.448384
1554.644009
1555.014369
1555.062170
1555.178168
1555.339018
1555.619881
1556.506747
1558.052332
1559.466148
1559.640105
1559.855063
1560.923996
1561.279816
1561.287270
1561.634898
1561.904005
1562.357268
1562.381681
1563.406172
1563.548058
1563.637842
1563.817001
1564.155576
1564.273009
1564.684820
1564.905595
1565.114860
1565.247283
1565.505905
1565.526835
1565.583565
1565.757481
1565.924721
1565.960888
1566.086595
1566.227292
1566.306099
1566.426235
1566.454497
1566.536090
1566.887240
1566.916977
1566.967357
1567.065252
1567.216435
1567.461253
1567.500288
1567.647171
1568.127918
1568.581222
1569.001677
1569.104445
1569.325752
1569.367081
1569.413448
1569.838735
1570.201068
1570.488320
1570.652119
1570.783068
1571.048489
1571.107676
1571.616522
1571.628278
1572.157153
1572.636017
1572.980204
1573.084692
1573.542912
1574.284943
1574.555525
1575.100580
1575.220142
1575.239229
1575.327826
1575.341834
1575.888978
1576.040776
1576.042209
1576.085504
1576.377713
1576.842977
1576.864850
1577.660744
1578.106634
1578.167296
1578.390159
1578.541998
1578.699284
1579.609825
1579.980431
1579.996570
1580.320276
1580.474327
1580.728033
1580.826460
1581.104988
1581.179904
1581.317816
1581.666509
1581.888389
1582.058455
1582.268457
1583.479398
1583.699558
1585.140204
1585.252884
1585.321492
1586.081546
1586.429010
1586.481725
1586.538127
1586.703892
1586.773606
1586.972426
1587.157279
1587.314237
1587.633275
1587.940844
1588.153876
1588.280525
1588.355031
1588.827709
1588.906721
1588.938138
1588.991959
1589.306900
1589.921055
1590.054830
1590.816440
1590.920929
1591.027548
1591.086490
1591.196959
1591.289815
1591.684137
1591.933665
1592.240374
1592.261755
1592.522793
1593.091277
1593.260605
1593.344287
1593.411625
1593.546506
1593.569567
1593.879060
1593.974129
1594.109829
1594.183270
1594.840719
1595.316797
1595.626291
1596.217917
1596.667658
1597.109125
1597.268050
1597.445898
1597.602816
1598.161388
1598.758666
1599.721718
1599.730115
1600.075776
1600.121774
1600.844841
1600.900710
1600.988037
1601.241375
1601.326449
1601.568768
1601.724293
1601.766605
1602.077286
1602.399560
1602.731540
1602.917704
1603.004498
1603.242107
1603.289580
1603.327345
1603.690537
1605.641298
1606.212485
1606.263931
1606.277530
1606.358180
1607.359570
1608.796733
1610.371031
1611.336581
1612.227011
1613.458637
1613.980099
1614.013727
1615.075246
1615.303516
1615.354552
1615.425126
1615.660155
1615.663677
1616.415334
1616.422298
1617.073152
1617.380475
1617.485537
1618.132623
1618.600468
1618.614804
1618.622259
1618.869780
1619.142820
1619.294781
1620.817060
1620.994130
1621.366047
1621.433385
1622.013092
1622.125773
1622.161408
1622.392996
1622.747259
1622.762537
1623.011369
1623.043686
1623.058268
1623.065928
1623.472415
1623.591281
1623.938253
1623.946813
1623.949722
1624.225260
1624.700068
1624.988918
1625.026560
1625.277317
1625.968927
1626.075464
1626.651689
1627.035935
1627.442135
1627.546051
1628.097331
1628.178391
1628.980593
1629.815644
1630.130176
1630.240809
1630.831739
1631.392522
1632.076800
1632.247685
1632.570204
1632.651223
1632.779796
1633.366262
1634.394317
1634.586788
1635.233137
1635.736945
1636.811244
1636.934287
1638.863913
1639.117169
1641.361777
1641.764700
1642.312131
1642.407322
1642.584760
1642.934272
1643.140874
1643.471053
1643.577754
1644.697027
1645.058458
1645.204029
1645.416161
1645.642179
1645.722583
1645.861151
1645.898711
1646.026097
1646.542725
1647.011185
1647.125340
1647.243141
1647.345500
1647.821005
1648.145695
1648.240640
1648.314941
1651.228713
1651.793101
1652.562084
1653.078385
1653.700936
1653.862646
1653.970985
1654.097715
1654.224732
1654.397092
1654.615122
1654.636790
1655.754916
1656.574484
1656.628224
1656.717967
1656.741028
1656.961802
1657.228083
1658.242580
1658.297999
1659.187323
1659.210179
1659.471299
1660.367544
1660.440371
1660.597248
1661.733028
1662.983127
1663.307899
1663.511757
1664.166420
1664.254116
1664.337879
1664.344842
1664.651715
1664.661750
1664.754278
1665.131233
1665.279345
1665.358029
1666.170716
1666.552136
1667.033702
1667.060122
1667.329475
1667.413033
1667.419996
1667.519734
1667.777331
1668.358103
1668.610171
1668.976558
1669.157929
1669.172634
1669.176484
1669.337170
1669.408932
1669.417042
1669.772288
1669.910569
1670.105170
1670.987203
1671.422034
1671.589151
1671.679713
1672.005427
1672.673731
1672.981176
1673.128673
1673.505669
1673.637192
1674.051052
1674.400891
1674.718413
1675.271004
1675.621745
1675.883479
1676.198625
1676.228526
1676.293407
1676.462858
1677.111173
1677.119201
1677.945897
1678.423695
1678.602240
1678.894326
1679.255593
1679.316132
1679.321743
1679.328297
1679.516754
1679.733146
1679.880684
1679.892357
1680.010936
1680.877036
1681.380024
1682.223350
1683.045581
1683.563725
1684.810793
1685.788672
1688.325734
1688.856125
1688.931246
1688.941445
1689.119130
1689.208300
1689.255485
1689.372426
1689.743483
1690.147881
1690.615726
1690.936893
1691.078369
1691.115069
1691.488215
1691.514716
1691.521024
1691.866849
1691.869676
1691.953930
1692.893798
1692.959703
1693.019955
1693.041418
1693.200916
1693.631611
1694.126940
1695.457157
1695.811338
1696.073359
1696.232817
1696.815227
1696.900055
1696.944415
1697.200579
1697.752556
1698.583921
1698.803139
1699.209708
1699.707863
1700.576338
1700.644250
1700.769505
1700.851302
1701.011907
1701.077443
1701.268357
1701.391196
1702.094070
1703.561667
1704.433459
1704.583782
1704.736195
1706.217226
1706.578575
1706.605650
1706.950451
1706.958356
1707.101512
1707.229839
1707.499561
1707.895562
1707.905679
1708.179702
1708.242207
1710.883430
1711.536210
1711.593103
1713.269187
1713.279386
1713.879204
1714.275779
1715.031777
1715.222241
1715.437691
1715.690660
1715.783066
1715.844628
1716.256113
1716.421263
1716.640645
1717.007483
1717.113242
1717.138514
1718.563799
1718.688276
1718.960497
1719.023944
1719.093330
1719.436452
1719.804682
1720.177336
1720.858911
1721.532662
1721.978102
1722.064691
1722.215383
1722.618675
1722.814464
1723.122442
1723.739587
1724.138045
1724.857508
1724.989768
1725.136896
1725.318717
1726.128865
1726.278205
1727.112765
1727.229133
1727.546737
1728.023757
1728.695992
1729.115218
1730.654454
1730.708316
1731.039478
1731.056804
1734.363013
1734.852936
1736.664269
1737.369846
1738.675241
1741.461381
1741.466747
1754.696294
1754.714194
1755.253187
1755.376599
1755.631411
1798.843843
1800.413266
1801.758843
1802.480312
1803.315405
1804.062597
1805.968138
1806.837842
1807.781274
1808.964485
1809.700372
1814.383862
1815.093862
1816.022671
1817.075343
1817.543885
1818.920223
1823.599575
1823.828910
1824.286065
1824.526295
1826.433966
1827.073802
1828.759429
1828.830700
1828.857897
1829.310874
1831.827497
1832.524349
1832.668078
1833.064202
1833.800991
1833.936527
1834.061906
1834.935747
1836.914565
1837.763502
1837.887447
1837.893468
1838.158070
1838.246298
1839.041823
1839.639224
1839.728599
1841.191567
1841.596129
1841.814487
1842.134303
1842.246001
1842.405990
1843.097600
1844.724204
1844.838318
1844.895171
1846.060851
1846.702080
1847.093944
1847.334339
1847.409828
1847.516652
1847.525663
1847.587144
1847.606026
1847.801037
1848.154276
1848.186470
1848.333517
1848.363950
1848.469340
1848.505631
1848.614052
1848.734392
1848.856003
1849.454961
1849.579151
1849.640673
1849.694986
1849.709650
1849.742623
1849.863905
1850.055025
1850.417316
1850.469622
1850.634281
1851.000463
1851.063706
1851.140055
1851.213783
1851.219722
1851.319337
1851.329782
1852.054897
1852.144067
1852.175360
1852.229181
1852.239380
1852.283494
1852.308111
1852.446802
1852.457206
1852.489359
1852.506440
1852.528886
1852.594094
1852.809994
1852.956058
1854.638899
1854.688010
1854.716109
1854.817280
1854.906737
1854.948352
1855.176991
1856.165233
1856.206684
1856.241705
1856.316129
1856.430244
1856.636027
1856.662364
1856.821330
1857.236500
1857.312891
1857.580360
1857.878057
1857.919918
1858.779709
1859.344548
1860.265492
1860.270449
1860.873994
1861.019034
1861.076091
1861.092188
1861.146583
1861.197046
1861.607383
1861.768970
1862.396682
1863.258276
1863.295468
1863.596851
1863.916298
1864.479744
1864.970445
1866.320445
1869.505331
1869.762642
1870.097654
1870.792704
1873.666990
1875.121439
1877.833974
1884.017091
1884.350136
1890.182062
1891.666575
1893.461402
1894.244188
1894.595953
1900.481290
1900.754698
1900.779520
1901.530358
1903.728927
1904.447816
1909.042053
1913.645507
1914.382336
1914.561536
1914.834248
1921.246863
1925.881528
1926.413517
1926.857236
1927.047045
1927.192003
1927.397581
1928.078500
1928.211210
1928.408228
1931.975025
1932.492431
1933.159834
1936.712786
1938.561761
1943.890862
1945.654395
1945.675530
1946.270556
1947.352924
1949.422182
1949.892116
1950.066278
1950.232494
1950.485340
1951.432745
1951.444746
1951.477105
1953.236296
1954.987131
1956.052419
1959.116063
1960.289075
1963.315036
1965.682606
1965.749289
1965.863404
1967.294054
1970.642452
1970.765005
1971.547546
1971.592765
1974.019727
1974.294036
1974.299238
1974.381445
1975.695155
1975.974707
1976.582472
1976.702198
1977.325240
1978.221814
1978.234880
1978.989240
1979.467940
1980.436931
1980.694733
1982.232371
1982.523556
1984.902554
1986.228470
1986.515108
1986.523750
1987.053036
1987.832177
1987.956490
1988.391649
1988.549509
1989.013955
1989.134500
1989.260329
1989.328568
1989.336556
1989.483643
1989.600666
1990.521569
1990.703555
1991.825162
1993.504768
1994.036429
1994.801766
1996.276900
1996.824044
1996.955116
1997.184778
1998.661345
1998.894039
1999.816458
2000.298598
2001.155441
2001.854505
2002.486436
2002.558280
2003.049349
2003.183739
2003.314074
2003.522273
2003.855278
2004.049633
2005.004329
2005.382431
2005.468488
2005.883453
2006.970573
2006.988554
2007.870382
2008.389222
2009.013903
2009.197609
2009.351700
2009.458278
2010.045932
2010.579436
2010.752655
2010.964009
2011.033354
2011.157955
2012.203090
2012.531958
2012.758221
2012.776243
2013.049979
2013.291110
2013.317161
2013.335429
2013.340303
2013.351936
2013.458842
2013.489644
2013.724058
2013.805773
2013.927342
2013.965476
2014.143119
2014.854513
2015.155323
2015.159378
2015.265014
2015.664169
2015.715533
2015.830589
2015.848202
2015.863276
2016.276398
2016.362578
2016.613540
2016.652657
2016.731341
2016.827269
2017.372242
2017.612636
2017.741251
2017.942036
2017.947935
2018.011177
2018.432451
2018.601615
2019.206267
2019.493765
2020.394680
2020.855194
2022.621880
2023.773716
2024.224645
2025.392005
2025.791857
2026.063340
2026.109583
2026.370130
2026.371768
2026.800620
2026.908303
2027.237786
2027.281080
2027.585004
2027.724636
2028.372091
2028.457247
2028.659917
2029.313475
2029.768335
2029.929800
2031.576187
2032.280166
2035.300024
2037.329101
2037.681275
2038.287606
2039.248568
2040.496374
2041.960899
2042.465853
2042.481541
2042.883768
2043.539784
2043.919237
2043.963802
2045.372170
2045.569147
2046.422426
2047.174533
2047.424840
2048.376300
2048.486400
2048.641147
2053.522227
2054.457713
2054.463775
2054.814188
2054.873743
2055.628063
2056.207319
2056.402248
2056.414495
2056.549212
2056.760771
2056.844739
2056.876319
2057.418138
2057.580544
2057.805660
2058.160701
2058.907976
2059.006198
2059.331502
2059.481006
2060.283208
2060.699607
2060.853371
2061.048545
2061.339648
2061.933199
2062.035763
2063.152620
2063.221023
2064.419799
2065.150730
2067.854950
2067.927286
2068.031980
2068.528087
2069.187215
2069.372805
2071.136256
2071.882834
2072.281539
2072.662221
2073.222636
2073.721078
2075.762688
2076.141036
2078.915543
2079.403049
2079.919104
2079.951462
2080.144220
2080.355574
2080.428810
2081.021993
2081.352008
2082.284872
2082.576876
2083.977912
2084.444774
2085.644984
2085.806039
2086.524641
2086.673285
2088.007352
2088.567808
2089.856696
2090.623631
2092.825723
2093.766902
2095.661097
2096.046203
2096.496968
2097.499095
2097.524204
2097.638113
2097.965875
2098.435727
2100.986225
2101.003428
2101.026816
2101.074821
2101.111767
2101.129503
2101.561713
2101.906719
2102.029640
2102.074245
2102.441083
2102.870835
2103.231857
2104.042127
2104.094679
2104.330609
2104.584110
2104.591811
2105.005302
2105.055887
2105.536594
2105.550725
2106.339615
2106.352026
2106.355712
2106.417562
2106.486374
2106.645053
2106.988913
2107.294147
2107.505459
2107.514593
2108.191826
2108.348539
2108.652175
2108.827853
2109.255885
2109.985628
2110.093476
2110.154465
2110.400963
2110.893138
2111.442166
2112.162734
2112.351068
2113.233428
2113.369948
2114.302730
2115.369738
2115.594854
2116.138394
2116.422779
2117.009367
2118.051021
2119.061586
2119.797432
2120.596890
2122.178232
2122.482606
2122.561577
2122.909614
2123.599585
2123.724349
2123.907686
2125.460849
2125.971579
2126.859592
2127.923692
2129.954652
2130.503434
2130.887967
2131.327795
2133.655552
2133.986222
2134.430392
2135.127368
2135.150920
2135.382303
2135.864566
2136.099226
2136.902042
2137.090703
2137.351004
2137.830482
2139.631493
2139.827487
2139.879793
2139.963679
2140.029297
2140.880241
2141.350011
2142.100767
2142.148690
2143.341322
2144.315965
2144.859628
2144.874373
2145.461330
2145.582817
2145.637417
2146.267873
2146.740142
2146.869780
2147.570237
2147.821036
2148.159652
2150.067569
2151.181271
2151.543112
2153.001042
2153.997394
2154.121339
2154.166764
2154.343834
2155.686339
2155.770020
2157.092495
2160.451297
2160.898867
2160.923894
2160.995820
2161.127137
2161.213563
2161.749893
2164.526121
2164.593091
2164.831027
2165.676114
2165.995192
2168.788500
2169.095168
2169.772974
2170.351165
2170.469499
2170.503496
2173.805937
2174.324285
2174.402765
2174.529004
2174.985175
2175.521423
2177.516339
2178.214216
2179.181978
2181.610783
2184.733696
2184.743281
2186.088899
2186.194452
2187.055309
2187.111301
2188.220989
2188.687933
2189.634560
2189.852672
2193.649336
2197.372232
2198.521160
2198.876160
2199.333765
2199.673078
2199.733617
2199.778755
2199.781294
2200.348017
2203.914158
2206.184284
2206.242980
2207.394161
2207.489516
2208.117965
2211.029320
2214.983967
2220.275343
2222.685635
2223.016919
2223.744246
2223.862252
2224.624230
2225.552671
2227.516170
2227.963412
2228.266557
2228.349993
2228.647035
2236.374630
2236.381061
2236.385321
2236.497469
2236.632719
2237.822075
2238.746747
2240.468009
2242.095022
2245.495153
2245.556756
2245.603000
2246.045327
2246.765896
2248.619581
2249.114092
2250.192978
2251.166433
2254.112768
2254.415913
2256.692716
2257.179320
2259.507364
2261.032673
2261.069496
2263.461151
2263.475282
2263.479296
2263.961354
2264.140390
2264.519434
2265.312543
2265.419244
2265.597051
2266.869801
2267.663770
2271.220818
2275.823534
2275.871662
2276.629750
2276.756562
2278.229279
2278.858260
2279.039672
2279.881155
2280.655913
2281.158861
2281.390039
2282.838794
2283.920384
2284.715254
2284.876800
2285.332193
2285.718938
2285.987512
2288.197591
2293.458575
2293.617050
2293.793055
2294.549955
2295.850926
2295.975076
2295.984701
2295.992443
2296.362516
2299.713741
2303.257027
2303.654666
2304.242893
2304.523469
2304.696402
2305.279181
2305.401692
2307.224535
2307.506749
2308.252713
2308.645151
2309.595464
2310.360474
2310.829097
2311.468974
2311.740703
2312.517837
2313.379308
2316.072223
2319.792292
2321.781596
2322.381619
2322.510356
2322.833531
2323.949855
2325.009777
2325.908972
2327.398851
2328.142438
2329.524347
2330.892411
2332.485059
2332.522537
2334.921933
2335.378596
2336.839107
2337.563525
2343.772406
2344.788828
2344.795341
2345.586729
2347.605934
2348.531302
2348.707922
2349.103882
2349.116826
2353.077535
2353.347584
2353.839923
2354.064015
2354.079212
2354.088509
2354.826445
2354.866135
2355.312394
2355.378135
2355.810591
2356.064297
2356.313252
2356.528701
2356.653711
2356.699996
2356.726825
2356.775363
2356.967588
2357.269135
2357.276877
2357.488148
2357.550981
2357.587436
2357.641912
2358.079693
2358.117704
2358.973112
2359.066337
2359.073833
2359.092306
2359.226614
2359.245005
2359.780106
2359.903396
2360.071496
2360.481956
2361.152307
2361.250120
2361.553060
2361.685524
2361.693143
2362.036511
2362.051379
2362.248602
2362.264781
2362.396918
2362.628424
2362.771825
2363.104911
2363.141939
2363.274895
2363.342930
2363.790336
2364.068782
2364.187771
2364.743803
2365.146235
2365.221396
2365.238600
2366.016389
2366.091551
2367.013765
2367.553249
2367.853199
2368.091955
2368.173793
2368.264192
2368.512287
2368.981320
2369.016381
2369.027072
2369.904681
2370.006385
2370.468209
2370.760745
2370.820506
2371.148431
2371.358474
2371.727278
2371.749724
2371.837051
2371.860357
2371.882271
2372.123894
2373.107139
2373.971804
2374.271263
2375.172137
2375.202529
2375.763763
2376.135107
2376.559002
2376.674427
2376.707277
2378.053673
2483.020923
2483.357368
2483.463168
2483.482583
2483.504374
2483.846308
2483.935560
2484.134134
2484.143473
2484.409139
2484.879360
2485.644780
2485.729362
2485.917737
2486.068470
2486.079283
2486.358712
2486.378250
2486.636585
2486.893937
2487.142932
2487.150141
2487.597957
2488.654561
2488.980972
2489.302508
2490.498417
2490.616627
2491.711201
2491.966956
2492.186214
2492.223078
2492.793938
2492.924887
2493.354926
2493.493289
2493.548216
2493.554156
2493.578977
2494.427832
2494.556447
2494.703452
2495.120097
2495.220654
2495.228396
2495.628370
2496.034611
2496.155525
2496.186573
2496.296960
2496.456745
2496.518881
2496.974848
2497.231708
2497.266524
2497.380352
2497.425203
2497.503846
2497.584169
2498.138481
2498.370601
2498.871296
2499.061514
2499.106693
2499.269837
2499.278643
2499.545661
2499.823903
2499.871089
2499.885588
2500.063191
2500.191928
2500.574085
2500.619428
2500.962918
2501.049180
2501.359329
2501.596652
2502.084157
2502.266348
2502.496952
2502.561956
2502.803538
2502.984008
2503.445586
2503.714611
2503.766467
2503.786988
2504.327291
2504.356741
2505.383772
2505.762611
2506.682696
2506.765394
2506.968105
2507.008983
2507.102413
2507.220910
2507.314504
2507.807457
2507.919483
2508.185846
2508.515492
2508.748964
2508.871803
2508.937052
2508.987924
2509.146972
2509.306061
2510.585037
2510.684201
2510.927217
2511.005327
2511.022858
2511.216394
2511.444623
2511.469650
2511.482880
2512.018063
2512.141394
2512.312484
2512.472515
2512.851681
2512.964854
2513.237402
2513.853850
2513.986028
2514.099732
2514.235843
2514.263081
2514.296709
2514.568397
2514.579579
2514.711962
2514.792530
2514.870190
2515.397018
2515.530670
2515.553976
2515.953705
2516.011459
2516.060774
2516.793426
2516.953661
2518.239314
2518.264013
2518.307185
2518.338191
2518.463037
2518.548808
2518.615040
2518.660137
2518.666568
2518.962012
2519.042621
2519.208960
2519.561339
2519.603732
2519.737958
2519.988756
2520.001167
2520.056586
2520.564818
2520.630559
2520.714117
2520.726692
2520.779366
2521.071084
2522.191913
2522.256753
2522.261299
2522.299638
2522.526269
2522.535690
2522.735124
2522.753393
2522.872463
2522.910966
2523.328553
2523.389624
2523.599135
2523.719066
2523.824947
2524.161925
2524.174541
2524.567347
2524.912640
2525.007954
2525.021676
2525.106708
2525.534249
2525.761536
2525.799752
2525.846036
2526.025441
2526.173430
2526.225777
2526.591386
2526.654628
2526.686945
2526.779761
2527.115715
2527.210824
2527.355658
2527.401288
2527.547802
2527.762104
2527.829074
2527.972925
2528.090440
2528.186450
2529.222246
2529.993933
2530.306867
2530.692588
2531.039150
2531.159327
2531.597066
2533.169111
2533.479506
2533.561631
2533.710356
2533.964841
2533.973729
2534.108611
2534.720348
2534.815621
2534.892380
2535.544709
2535.563551
2535.582188
2535.705641
2535.745372
2536.148541
2536.473559
2536.555274
2536.794276
2537.247949
2537.438618
2537.688637
2537.708298
2537.712517
2537.834742
2538.218332
2538.262364
2538.418913
2538.876887
2538.957783
2539.071898
2540.052890
2540.484854
2540.793938
2540.937708
2541.675356
2542.286602
2542.429348
2542.668718
2542.690632
2542.956462
2543.028306
2543.245804
2543.284101
2543.894774
2544.124477
2544.301588
2544.412549
2544.490086
2544.677315
2544.723886
2544.885309
2545.290895
2545.327473
2545.533215
2545.642127
2546.236662
2546.272625
2546.452849
2546.631393
2547.303178
2547.777577
2547.882680
2547.991429
2548.549427
2550.415196
2550.539674
2550.651699
2550.677135
2551.239639
2552.169841
2552.452588
2552.779407
2552.955003
2553.065267
2553.854239
2554.522788
2555.532083
2555.655291
2556.021965
2556.304097
2556.536259
2556.570092
2556.617318
2557.300859
2557.459128
2557.905019
2558.315848
2558.444544
2558.712340
2559.310930
2559.494062
2559.499960
2559.901327
2560.465715
2561.072210
2561.171210
2561.320509
2561.764065
2561.767178
2561.804698
2562.144543
2562.431508
2562.641428
2563.221217
2565.135155
2565.365146
2565.660180
2565.708186
2565.816156
2565.834179
2566.082970
2566.291579
2566.397870
2566.402171
2566.945710
2567.341507
2567.632978
2567.776420
2567.923466
2568.029143
2569.003418
2569.193308
2569.300910
2569.488056
2569.673933
2569.690317
2569.698550
2570.205389
2570.356777
2570.449428
2570.534093
2570.634732
2570.646200
2570.876232
2571.030364
2571.120271
2571.287470
2571.366687
2571.529093
2571.736760
2572.397691
2573.185311
2573.277266
2573.460808
2573.714350
2573.925376
2574.143201
2574.231552
2574.346772
2574.567506
2574.812078
2575.039160
2575.051203
2576.237036
2576.371999
2576.841810
2578.626273
2578.974843
2579.011297
2579.018752
2579.031409
2579.320914
2579.455263
2579.544924
2579.636224
2579.825541
2579.978076
2580.127621
2580.194468
2580.329595
2580.992123
2581.122703
2583.128678
2583.221617
2583.228211
2583.390781
2583.581614
2584.138547
2584.275395
2584.320492
2584.535982
2585.591767
2586.049536
2586.173194
2586.240819
2586.487194
2586.737910
2587.087749
2587.264860
2587.553997
2587.721892
2587.892081
2587.893187
2587.926159
2587.943526
2587.953111
2588.165366
2588.502508
2588.582298
2588.678103
2588.746342
2588.894659
2590.068613
2590.411325
2590.748140
2591.241667
2591.642870
2591.740682
2591.881789
2592.456868
2592.846520
2593.366467
2594.383299
2594.594161
2595.014164
2595.197624
2595.737641
2595.764961
2595.801047
2596.715807
2597.363180
2598.275973
2598.351872
2598.443622
2598.587146
2598.608323
2598.693110
2598.961562
2599.085015
2599.137731
2600.005878
2600.171602
2600.848466
2601.010708
2601.108685
2601.207972
2601.379676
2601.670124
2601.941893
2602.349527
2602.437673
2603.204895
2603.223941
2603.302339
2603.438776
2603.512586
2605.234258
2605.694362
2605.734257
2605.890273
2605.964616
2606.050877
2606.360412
2606.378353
2606.513603
2606.529249
2607.013151
2607.980503
2608.789258
2608.830669
2608.910582
2608.994468
2609.308959
2609.331323
2609.539850
2609.614643
2609.641964
2609.686118
2609.734083
2610.161869
2610.359583
2610.473820
2610.580972
2610.643845
2611.183698
2611.295560
2611.408568
2611.499786
2611.519611
2611.636920
2611.736494
2611.907871
2612.002243
2612.225270
2612.263567
2612.578796
2612.588216
2612.648919
2612.825211
2612.871741
2613.290189
2613.414175
2614.223012
2614.250455
2614.266511
2614.907167
2615.038935
2615.242342
2615.547904
2615.701914
2615.854449
2616.035615
2616.112374
2616.136499
2616.336015
2616.668078
2617.715139
2617.763676
2617.776415
2617.897329
2617.984573
2617.989693
2618.134241
2618.217062
2618.316145
2618.347069
2618.409574
2618.522706
2618.529833
2618.773299
2618.904617
2618.970276
2619.327529
2619.380736
2619.420508
2619.478999
2619.505951
2619.889172
2619.967570
2620.049203
2620.818186
2621.128458
2621.690675
2621.859881
2621.916078
2622.121656
2622.195425
2622.358200
2622.663967
2622.789919
2622.866964
2622.896456
2623.715860
2623.981404
2624.339927
2624.406733
2624.482918
2624.659825
2624.917709
2625.458299
2625.536942
2625.820344
2625.864950
2626.010030
2626.153185
2626.198405
2626.546074
2626.575729
2626.581094
2627.791503
2628.130406
2628.568351
2628.610335
2628.670628
2628.685537
2628.738540
2628.809114
2629.185249
2629.274132
2630.157640
2630.537544
2630.654976
2630.695199
2630.809272
2630.928179
2631.124296
2631.138099
2631.158661
2631.394099
2631.569080
2632.257618
2632.499159
2632.769372
2633.458115
2633.478881
2633.512509
2633.573048
2633.781780
2634.152591
2634.325484
2634.457784
2634.482975
2634.572841
2634.650993
2635.072020
2635.386307
2635.931402
2636.033638
2636.072018
2636.077793
2636.280300
2636.550103
2636.705546
2637.272883
2637.282591
2637.476454
2637.486367
2637.575741
2637.634068
2637.655204
2637.766246
2637.912392
2637.992305
2638.082785
2638.213407
2638.260019
2638.427177
2638.482514
2638.770463
2638.872699
2639.053824
2639.296307
2639.383634
2639.706071
2640.057876
2640.220119
2640.638812
2641.026376
2641.649746
2641.711555
2641.872200
2642.092319
2642.274959
2642.499871
2642.656092
2642.778235
2642.964275
2643.587441
2643.769958
2644.293345
2645.001748
2645.453537
2645.482496
2645.684388
2645.715681
2645.777654
2645.881651
2645.896602
2646.321439
2646.408233
2647.068754
2647.243858
2647.449354
2647.820288
2648.109220
2648.275476
2648.389468
2648.535081
2648.637645
2649.127322
2650.164552
2650.626826
2650.740736
2650.885161
2651.495711
2651.571241
2651.916001
2652.208169
2652.382044
2652.876022
2653.049119
2653.178348
2653.246833
2653.666058
2654.027244
2654.172815
2655.469363
2655.569592
2656.322109
2656.871547
2659.364741
2659.899884
2660.035953
2660.196475
2660.359619
2661.111521
2661.223096
2661.441905
2661.987983
2662.301245
2663.886889
2664.177377
2664.386273
2665.120399
2665.717719
2666.150912
2668.350259
2669.411082
2670.712381
2670.878925
2670.900552
2671.070126
2671.242977
2672.405422
2672.697549
2672.871629
2673.148396
2673.404232
2673.620091
2674.367775
2674.428887
2674.488361
2674.876621
2675.139052
2675.636511
2675.949773
2676.314522
2677.334467
2677.672018
2677.795676
2678.145147
2678.548029
2679.614505
2679.796326
2680.140800
2680.850637
2681.474253
2681.753272
2681.851372
2682.149888
2682.336584
2682.456433
2682.614743
2682.939269
2683.097293
2683.376353
2683.796029
2684.242616
2685.011763
2685.385318
2686.919967
2687.794586
2689.145897
2689.598341
2689.876869
2690.075648
2690.271232
2690.445804
2690.876948
2693.865513
2694.894674
2695.315374
2699.776655
2699.851817
2700.172493
2701.153608
2702.703043
2704.704348
2705.072579
2705.637048
2707.516457
2707.700941
2708.415037
2708.622950
2708.901274
2708.984013
2709.294572
2709.829263
2710.336225
2711.390781
2713.394340
2714.011402
2714.272768
2716.975268
2718.367785
2720.146678
2720.192594
2720.409682
2722.525389
2723.125289
2723.656663
2726.676152
2728.828887
2730.048348
2731.382702
2732.532367
2733.951508
2735.961334
2736.773038
2737.142415
2737.481359
2737.926431
2738.362245
2738.764759
2738.844344
2738.989179
2740.116726
2743.433503
2744.478065
2746.180076
2746.909860
2747.340800
2748.443894
2749.235814
2754.540913
2756.783882
2757.164155
2761.819546
2763.804426
2769.223475
2769.948180
2771.798876
2772.189716
2773.644534
2775.860552
2776.694374
2777.315697
2777.798205
2777.992110
2778.578657
2778.655293
2778.970522
2779.378156
2779.825725
2779.960361
2780.382822
2781.747036
2782.959043
2783.462605
2784.078889
2785.258086
2785.790403
2785.926144
2787.789455
2788.039229
2789.888328
2790.230753
2790.700114
2791.074120
2791.479296
2793.996820
2794.817618
2795.049779
2796.495667
2797.836042
2798.436024
2798.752932
2805.257052
2805.644861
2806.477947
2807.311524
2809.157386
2811.518444
2811.582956
2814.548173
2814.650204
2816.055788
2818.750259
2823.136748
2825.745285
2830.890926
2831.058944
2834.958418
2835.195208
2835.229245
2835.242926
2835.519283
2836.037345
2836.255949
2837.304033
2837.476762
2838.860677
2839.616225
2841.561129
2841.656730
2842.113679
2842.158039
2842.294149
2842.348585
2843.493786
2843.639931
2844.059034
2844.546499
2845.011149
2845.060751
2845.065748
2845.172040
2845.839155
2846.117151
2846.841528
2847.467274
2847.922995
2848.014049
2848.035471
2848.158024
2848.306217
2848.336036
2848.863232
2848.960184
2849.010811
2849.143439
2849.286431
2849.825669
2850.276844
2850.661868
2851.108332
2851.113984
2851.485082
2851.503350
2851.506831
2851.806126
2852.736983
2853.780398
2854.091080
2854.119793
2854.174188
2854.201754
2854.514606
2855.592509
2855.671439
2855.685448
2855.787438
2855.927521
2855.955456
2856.025498
2856.390410
2856.499077
2856.543150
2856.916091
2856.927068
2857.378284
2857.517916
2858.590331
2858.944471
2859.028316
2859.235533
2859.777475
2860.059894
2860.114248
2860.314706
2860.542444
2860.849111
2861.115474
2861.205463
2861.380076
2861.395476
2861.504881
2861.640458
2861.754573
2862.042399
2862.191288
2862.747853
2862.925005
2862.971945
2863.111619
2864.077005
2864.873595
2864.996680
2865.130578
2865.338900
2865.842340
2866.015191
2866.097889
2866.157773
2867.122627
2867.324150
2867.918193
2868.784701
2868.920689
2869.906227
2869.911880
2870.864773
2871.161938
2871.437681
2871.556833
2872.574525
2872.853094
2873.241190
2873.321636
2873.455411
2874.668933
2874.806723
2875.303363
2875.566121
2876.044083
2876.179784
2876.287549
2876.615598
2876.721562
2877.246833
2878.938071
2878.946714
2879.020769
2879.610511
2880.429998
2881.213932
2881.400463
2881.514127
2882.024202
2882.123571
2882.374820
2882.422825
2882.709709
2882.815468
2882.931343
2883.164488
2883.174236
2883.177923
2883.873505
2883.980452
2884.698931
2884.913684
2885.227848
2885.659648
2886.290391
2886.568632
2887.546593
2888.346747
2890.008371
2892.082749
2892.444549
2892.620964
2893.248635
2895.003689
2895.420621
2895.536701
2896.402842
2896.474685
2898.824847
2899.011789
2899.955630
2900.862935
2902.510223
2902.815867
2904.605655
2904.913551
2905.032663
2905.419203
2905.805414
2907.646771
2907.848417
2911.343575
2911.481610
2911.717827
2911.884984
2911.899197
2912.037028
2912.140820
2912.156467
2912.487834
2912.661135
2912.960225
2913.227612
2914.863022
2915.400663
2915.901604
2915.909427
2915.946332
2916.231537
2916.323779
2916.975452
2917.011620
2917.445919
2917.734973
2919.389061
2919.400940
2919.411261
2919.646126
2919.793992
2920.294564
2920.653906
2920.964506
2920.971715
2921.113559
2921.364357
2922.631905
2922.662216
2922.789929
2923.636285
2925.101957
2925.160366
2925.689160
2925.881549
2926.135419
2926.139105
2926.476370
2926.504550
2926.681252
2927.344148
2927.527936
2928.164536
2928.258826
2928.437699
2930.141061
2930.328003
2930.433720
2930.771886
2930.891776
2930.979922
2931.195453
2931.496182
2931.743908
2931.860111
2933.787648
2934.211297
2935.394099
2935.479951
2935.604183
2936.102093
2936.256389
2936.977080
2937.205146
2937.592504
2937.756590
2937.911501
2938.128876
2938.139689
2938.667336
2938.794680
2938.890895
2939.966505
2940.503941
2940.884050
2940.952535
2941.294346
2941.401498
2941.851156
2941.914890
2942.159176
2942.214431
2942.593638
2943.129805
2943.740641
2943.744492
2943.879004
2944.141476
2944.178831
2944.414269
2944.602440
2944.757228
2944.920371
2945.183990
2945.776927
2945.963950
2947.642737
2947.756605
2948.078715
2948.285276
2948.327956
2948.366909
2948.485120
2948.918231
2949.869814
2949.889516
2950.014034
2950.437315
2950.983270
2951.214285
2951.239762
2951.302554
2951.521280
2951.644488
2953.274860
2953.601925
2953.836298
2954.295378
2954.522132
2955.191378
2956.095160
2956.583199
2957.364797
2957.752525
2957.941514
2958.540063
2959.797166
2960.634962
2960.974316
2961.126973
2961.349263
2961.438188
2961.474847
2961.927864
2962.034319
2962.056561
2962.446991
2962.558607
2963.346760
2963.413279
2963.898040
2963.906970
2964.183204
2964.221706
2965.090591
2965.291377
2965.739192
2965.900329
2966.451978
2967.020012
2967.498097
2967.699333
2968.333476
2968.625521
2968.758968
2968.918876
2969.090212
2969.316393
2969.906668
2970.716365
2971.364884
2971.782308
2972.552684
2973.003284
2973.135299
2973.658153
2973.699072
2974.502707
2974.993203
2975.280292
2976.362373
2977.410458
2977.503437
2978.022892
2978.923479
2979.493274
2982.367355
2982.411305
2982.437806
2985.401795
2985.410191
2985.673728
2987.229757
2988.268093
2989.448356
2990.451835
2991.718728
2991.808635
2992.168264
2992.254607
2992.463831
2992.602522
2992.635126
2992.973414
2993.387807
2993.437245
2994.579907
2994.750710
2995.854909
2996.518420
2997.647196
2998.378127
2998.440264
3001.415066
3001.861530
3001.905848
3001.961226
3002.473472
3002.719560
3002.731151
3003.390321
3003.459584
3004.576358
3005.685801
3005.785293
3006.588764
3008.528589
3008.685916
3009.231217
3009.332879
3009.714094
3010.164449
3010.940969
3011.150111
3012.195000
3013.464474
3014.005309
3016.124047
3016.510628
3016.752087
3016.928133
3018.414817
3019.555185
3027.687997
3027.735183
3028.989420
3029.611684
3033.201951
3034.317128
3036.040602
3037.464904
3038.418780
3039.300567
3042.586829
3043.765453
3045.676401
3050.721280
3051.169219
3055.355453
3057.293599
3057.470341
3062.403686
3063.742341
3065.596068
3066.244915
3067.627233
3071.487713
3076.726620
3079.896228
3080.444969
3083.676713
