49.373389
49.484268
49.622835
49.626604
49.752187
50.109235
50.534072
50.615951
50.783969
50.787779
50.886083
50.951004
51.045540
51.130081
51.157606
51.160269
51.208765
51.250627
51.260293
51.263980
51.338486
51.351224
51.389153
51.531940
51.586867
51.629343
51.657441
51.705856
51.709010
51.738010
51.966607
52.064297
52.244316
52.435763
52.541850
52.619510
53.056635
53.230961
53.407990
53.509202
53.615616
53.714207
54.203351
54.308782
54.482452
54.720102
54.873047
55.161405
55.404421
55.428260
55.431086
55.433994
55.496008
56.354406
56.575549
56.631788
56.812462
56.892088
56.998339
57.035940
57.145917
57.185034
57.327165
57.453486
57.493955
57.694536
58.572800
59.694899
59.881964
60.180070
60.645417
60.885115
60.931932
61.068575
61.202883
61.656351
61.737288
61.880607
61.966336
64.194847
64.658637
65.262264
65.532355
65.787494
66.836685
68.544225
69.675950
71.201956
74.920387
75.041915
78.308229
81.058898
81.332756
82.213437
83.232154
85.090836
85.305549
85.373747
86.008177
100.398653
100.527514
108.921856
117.955011
119.234150
119.466598
119.469507
121.298248
124.247368
124.416737
132.649697
133.164933
136.889917
136.960082
148.663951
148.777984
151.947387
152.227471
152.316477
154.273014
155.085046
156.425667
157.116211
157.260800
163.530547
167.176315
179.200328
184.167956
185.586688
191.870771
207.772795
217.857638
218.869350
219.133010
219.542036
235.426202
241.381417
246.564495
252.741059
262.982164
268.463923
268.660490
288.562545
291.195822
291.319562
291.588424
296.945869
318.473216
328.687411
329.649152
334.420378
334.494147
334.498980
334.715372
335.435817
335.471903
335.698084
336.756285
337.729085
339.630121
339.976438
339.979960
340.285194
340.791992
341.034025
341.065155
341.303214
341.504000
341.721907
342.084280
342.399345
342.458778
342.489743
342.585262
342.652682
342.756762
342.910034
343.042253
343.090422
343.348675
343.401021
343.490314
344.174797
344.305418
344.414904
344.463237
344.470364
344.619663
344.667587
344.717148
344.769290
344.804557
344.868372
344.916541
344.981996
345.071247
345.331220
345.402737
345.742336
345.947791
346.002432
346.130678
347.310285
347.664548
347.887944
348.397650
348.549202
348.660572
348.727091
348.846899
349.004227
349.154877
349.209805
349.652009
349.712671
349.791560
349.851566
350.399816
350.645002
350.919352
350.998077
351.160771
351.259361
351.289876
351.292580
351.297495
351.303107
351.619973
352.464241
352.633733
352.675144
352.860037
352.967885
352.998195
353.100063
353.127137
353.148396
353.153679
353.448960
353.830994
354.016748
354.027479
354.190991
355.658711
355.821732
355.905987
355.953254
356.460298
357.578301
358.073262
358.283305
358.356705
358.423716
358.519071
358.616515
358.701670
358.796370
358.854492
358.915482
358.972539
359.032136
359.137485
359.184302
359.250493
359.345275
359.429448
359.482941
359.640965
360.829747
361.051095
361.162220
361.269289
361.322947
361.397740
361.475768
361.597993
361.642844
361.721364
361.739551
361.767281
361.787843
361.801155
361.859932
361.888195
361.926042
361.972531
362.377380
362.453115
362.569359
363.845181
363.964170
364.030034
364.084511
364.219310
364.431647
365.182812
365.309624
365.461135
365.638943
365.789266
365.957939
366.015365
366.079140
366.683996
367.270666
367.493079
367.954657
368.060580
368.172933
368.280125
368.385802
368.462602
368.488366
368.522199
368.585892
368.665559
368.709386
368.787579
368.886211
369.040998
369.777746
369.892065
370.111037
370.254234
370.574008
371.026412
371.076874
371.160433
372.057129
374.988268
375.059210
375.224320
375.357768
375.414743
375.466353
375.527711
375.560233
375.582147
375.584563
375.628882
375.678198
375.713014
375.750083
375.811154
376.335892
376.500716
376.538808
376.664433
376.876687
377.109668
377.742172
378.112000
378.238116
378.893967
379.079025
379.187200
380.165243
380.257075
380.293939
380.296765
381.925827
382.149427
382.233559
382.290207
382.533550
382.555628
382.577746
382.721352
382.755963
382.798152
382.857748
382.888468
382.934221
383.144100
383.185388
383.213117
383.261204
383.541248
383.631811
383.874212
383.904440
383.947694
383.997665
384.053535
384.109937
384.143155
384.205865
384.244081
384.253542
384.322478
384.432251
384.606372
384.644628
384.733020
384.788439
384.822149
385.332879
385.437819
385.537475
385.599939
385.711800
385.718313
385.806418
385.863598
385.920205
385.946214
386.012283
386.094776
386.189476
386.334761
386.405827
386.479309
386.515190
386.674278
386.704794
387.077857
387.210527
387.248128
387.365601
388.019978
388.203479
388.260495
388.825702
388.945306
389.074043
389.095588
389.222318
389.259796
389.281382
389.376492
389.432033
389.546516
389.604065
389.663785
389.673370
389.726413
389.759058
389.838356
389.863997
390.188687
390.419620
390.587965
390.637978
390.721946
390.773105
390.855025
391.072604
391.156859
391.193231
391.382262
391.400284
391.726244
391.749714
391.877345
391.954760
391.960371
391.986422
392.070513
392.107254
392.277770
392.312996
392.383283
392.387953
392.611553
392.929894
392.967086
393.312051
393.343181
393.415434
393.543721
394.249748
394.379264
394.534339
394.675814
394.753147
394.865582
395.259699
395.462410
395.907645
395.954217
396.050227
396.102615
396.173312
396.198707
396.201206
396.250481
396.285010
396.307333
396.320481
396.326953
396.441108
396.449915
396.644721
396.656763
396.720824
396.810895
396.883026
396.923822
396.950487
397.016924
397.122929
397.179003
397.258752
397.380608
397.424722
397.673882
398.146683
398.182728
398.253302
398.386135
398.447698
398.557676
399.267021
399.372739
399.464817
399.546163
399.632507
399.718932
399.877775
399.918899
400.003645
400.225894
400.395182
400.642376
401.316782
401.391084
401.562993
401.833697
401.858109
402.140733
402.190008
402.218476
402.288312
402.332058
402.364129
402.596782
402.870559
402.953626
403.125002
403.262915
403.345695
403.489300
403.557417
403.630858
403.709911
403.751567
403.802972
403.853926
403.922780
404.015759
404.050248
404.111606
404.195451
404.251689
404.394230
404.654776
404.959437
405.003059
405.064417
405.101773
405.127250
405.207327
405.291745
405.321810
405.840364
405.902254
405.922734
406.026936
406.345646
406.377390
406.568182
406.663168
406.816154
406.841672
406.916997
406.973972
407.034225
407.073178
407.125279
407.170662
407.187907
407.310705
407.346708
407.454024
407.515218
407.556096
407.581082
407.620035
408.134984
408.218010
408.304681
408.479908
408.558141
408.633713
408.702648
408.803738
408.859648
409.589105
409.694454
409.854075
410.058834
410.358989
411.028480
411.286651
411.389665
411.444306
411.501404
411.515167
411.564114
411.596923
411.630797
411.707597
411.728814
411.750851
411.828920
411.866399
412.057190
412.102902
412.197478
412.305572
412.357468
412.415549
412.554076
412.670525
412.775383
412.788204
412.884705
412.940124
413.113958
413.260513
413.298729
413.311263
413.332603
413.351813
413.458801
413.484278
413.530358
413.698744
413.821338
414.007788
414.075290
414.079058
414.142054
414.193213
414.504059
414.634762
414.900756
415.001272
415.062385
415.103263
415.150694
415.245599
415.308349
415.347589
415.413084
415.632589
415.891907
416.039608
416.236298
416.338657
416.404111
416.592241
416.673260
416.723845
416.865157
417.016668
417.178010
417.426924
417.430487
417.532477
417.677476
417.896776
418.020475
418.121523
418.247352
418.339021
418.412749
418.494259
418.953298
419.175383
419.226829
419.302154
419.337953
419.369902
420.021740
420.434207
420.671201
420.989174
422.304317
422.375997
422.548849
422.694871
422.826271
423.094436
423.158784
423.351091
423.682744
423.867720
423.970243
425.394340
425.522995
425.668362
425.710346
425.932349
426.317292
426.606264
426.674627
426.895073
427.062272
427.278909
428.087951
428.283576
430.307451
430.561935
430.875648
430.986486
431.656960
433.002332
434.641469
434.839265
434.940641
435.643187
435.734651
436.902134
437.135524
437.550244
437.745828
438.634742
439.244308
441.007227
443.495465
443.711652
446.217052
446.786396
451.034481
451.209011
451.323699
451.499500
452.643471
452.986593
454.419784
456.308122
470.491300
470.759834
471.265403
471.970898
472.028078
473.326346
473.772319
474.207396
476.006400
477.861478
477.992141
479.574221
480.429179
480.739942
484.848558
487.346708
491.043963
491.755438
493.089137
497.273528
497.393050
497.541120
497.837629
500.321649
501.888778
510.544486
512.194519
515.668255
516.056064
517.832212
528.317768
530.698445
533.945999
534.755533
538.277724
541.930496
541.997548
543.179858
543.711969
543.814615
543.924634
544.136438
560.852214
561.194639
563.301540
578.696970
596.621599
611.889725
617.209160
617.713132
618.088571
637.275587
637.485793
639.512371
640.191816
640.467354
642.093507
648.798167
708.099686
708.314808
708.467425
708.501545
708.580106
708.618240
708.642488
708.728545
708.762296
708.781015
708.784292
708.865065
708.898324
708.968899
709.000479
709.021000
709.086413
709.103165
709.177549
709.200937
709.235016
709.270487
709.392794
709.496996
709.522391
709.550326
709.675540
709.715149
709.719245
709.780275
709.823980
709.851505
709.855519
710.121144
710.185984
710.274949
710.378086
710.441656
710.478275
710.524805
710.636790
710.653010
710.744433
710.889144
710.892298
711.182459
711.238902
711.318405
711.401882
711.568466
711.663944
712.025866
712.074813
712.100946
712.165786
712.701583
713.128837
713.318113
713.408717
713.876111
713.969050
714.441974
714.597212
714.709115
715.290870
715.348214
715.477402
715.738685
716.452659
716.596183
716.778865
716.908216
717.212385
718.139392
718.328832
718.413169
718.955602
719.100314
719.663882
719.874621
720.731505
722.758492
723.479388
725.659034
725.812060
726.000026
726.418432
728.002765
728.596562
728.679219
729.481298
729.692570
730.014884
732.658360
733.630177
733.829734
734.145085
734.239416
734.373437
734.734909
734.972928
735.577088
735.679447
735.827517
736.513597
738.471649
741.452513
741.830984
745.090417
746.795213
746.961797
747.070013
747.262730
747.371069
747.819336
747.864064
748.270264
748.394373
748.612854
748.653240
749.091512
749.227663
749.311427
749.405512
749.532078
749.568614
749.598638
749.612442
749.614694
749.721027
749.772227
749.866435
749.940408
749.998612
750.026752
750.066852
750.127718
750.251459
750.309540
750.342840
750.349476
750.465229
750.508892
750.728765
750.836982
750.983045
751.818383
752.125010
752.496968
752.649667
752.734945
753.289216
753.458627
754.513551
754.963251
755.383624
755.816448
756.083016
756.215603
756.223590
756.227113
756.390748
756.496835
756.561592
756.672594
756.756644
756.810834
756.863877
756.919337
757.028618
757.057167
757.068268
757.071380
757.293875
757.395292
757.417083
757.854700
757.997568
758.235259
758.615941
759.233372
759.300792
759.717724
760.462868
760.840643
760.942346
761.156239
761.277686
761.382543
761.441649
761.528402
761.663570
761.761341
761.785672
762.028155
762.215916
762.274570
762.335846
762.502390
762.556498
762.643538
762.797998
762.900849
763.023073
764.799590
765.159547
765.192724
765.329695
765.373768
765.417349
765.456589
765.527163
765.619118
765.820232
766.447452
766.682317
766.801183
766.891500
766.972477
767.027159
767.053046
767.090606
767.119442
767.191532
767.335055
767.345500
767.392932
767.418573
767.493775
767.763087
768.517202
768.716718
768.777830
768.974479
769.025065
769.194926
769.371873
769.512776
769.772831
769.834107
769.881457
769.954857
770.020680
770.067251
770.153144
770.246656
770.314445
770.566267
770.611323
770.660311
770.729656
771.121807
771.238175
771.317350
771.440845
771.507036
771.581542
771.634217
771.666452
771.695084
771.800105
771.804406
771.808952
771.975987
772.015391
772.056228
772.105093
772.162560
772.261888
772.333937
772.405043
772.472996
772.494582
772.563968
772.602061
772.667310
772.708966
772.731412
772.767949
772.787487
772.808253
772.815012
773.196513
773.231821
773.882716
773.971804
774.096364
774.122168
774.198108
774.280192
774.301164
774.562857
775.000228
775.074161
775.175455
775.279985
775.573135
775.679099
775.736975
775.781253
775.857562
776.347771
776.478433
776.552530
776.575140
776.822333
776.869560
776.963031
777.330729
777.564201
777.632317
777.698591
777.791898
777.812705
777.816064
777.883812
777.930342
777.987523
778.027377
778.047898
778.070630
778.145710
778.331955
778.393108
778.450166
778.649395
778.716774
778.851205
778.892001
778.918912
778.978222
779.041669
779.148042
779.163607
779.179786
779.185562
779.266621
779.302666
779.427553
779.459748
779.559076
779.650417
779.679334
779.745812
779.799183
779.851325
779.968471
780.033720
780.143821
780.199895
780.218081
780.304384
780.513526
780.579758
780.674662
780.700959
780.704399
780.816589
781.044736
781.073818
781.375447
781.455483
781.593190
781.736796
781.833093
782.076805
782.674862
782.820065
782.913413
782.972559
783.060992
783.090852
783.179039
783.258501
783.410217
783.530148
783.585567
783.738880
783.770829
783.793111
783.795814
783.964283
784.038052
784.109076
784.132751
784.215491
784.390554
784.428155
784.485990
784.563077
784.690176
784.820388
784.943677
785.187144
785.255424
785.435238
785.600061
785.682391
785.744568
785.955062
786.579415
786.745958
786.880553
786.982543
787.044311
787.075564
787.088343
787.096330
787.138437
787.190784
787.240305
787.282412
787.366830
787.407913
788.171694
788.248371
788.473037
788.563149
788.655350
789.297766
789.403320
789.491261
789.558026
789.663949
789.915771
790.005391
790.075351
791.088783
791.277240
791.330652
791.395656
791.510385
791.594312
791.616840
791.654892
791.718994
791.773512
791.913759
792.058102
792.086036
792.118845
792.147476
792.193884
792.200806
792.213709
792.707154
792.818033
792.872878
792.999404
793.065841
793.143173
793.217843
793.288090
793.439396
793.515131
793.608765
793.695887
793.742746
793.787802
793.845350
793.902490
793.953034
794.025943
794.072187
794.136412
794.199491
794.360463
794.442711
794.514186
794.582835
794.733404
794.787103
794.887373
795.077018
795.284152
795.528847
796.019958
796.121784
796.208128
796.556820
796.621373
797.065789
797.137510
797.506560
797.567959
797.787709
797.921198
797.964534
798.021878
798.044447
798.121288
798.189486
798.285046
798.367867
798.483538
798.558863
798.611579
798.702060
798.901862
798.963712
799.042929
799.148974
799.231099
799.250555
799.577948
799.713280
800.195297
800.315392
800.529449
800.767877
800.827720
801.373307
801.762918
801.883546
801.919017
801.965097
802.014372
802.065203
802.098954
802.151096
802.180547
802.248868
802.302116
802.448835
802.540954
802.612756
802.728919
802.811453
802.946294
803.153101
803.184804
803.292897
803.568886
804.114760
804.957061
805.080310
805.140316
805.418025
805.705646
805.771305
806.132818
806.362440
807.466721
807.722353
807.902454
807.965082
808.159969
808.679956
808.750735
808.852398
808.879186
808.885699
808.950743
809.092383
809.204326
809.266094
809.325445
809.384346
809.495757
809.570632
809.640632
809.818604
810.269942
810.779853
811.190968
811.322900
811.490591
811.717018
811.812250
812.054569
812.114412
812.180070
812.240159
812.315771
812.407726
812.438159
812.940820
813.416571
813.477601
813.954048
814.102938
814.205379
814.227907
814.306796
814.465475
814.559928
814.671708
814.763950
815.152087
816.047350
816.332472
816.655565
816.705372
816.892518
817.639711
818.509906
818.913321
819.148513
819.269755
819.352084
819.436626
819.479429
819.510641
819.529236
819.531817
819.730596
819.756810
819.900662
819.984671
820.021166
820.067533
820.127498
820.201349
820.229612
820.334346
820.469309
820.513423
820.574618
820.600996
820.831683
821.711995
821.738824
821.778555
821.795881
821.837660
821.913436
821.988966
822.019645
822.061834
822.283305
822.316196
822.457426
822.766346
823.174226
823.283548
823.441449
823.521567
823.617044
823.788954
823.924244
824.011366
824.089723
824.181965
824.296489
824.382054
824.588902
825.006244
825.702851
825.719316
825.947873
826.580173
826.844979
826.953728
827.091640
827.668398
828.594217
829.008364
829.038551
829.047890
829.129646
829.326787
829.419561
829.550879
829.672243
829.723402
830.010081
830.091305
830.164869
830.542561
830.555996
830.564188
830.580244
830.668554
830.994637
831.044567
831.072010
831.129149
831.145574
831.150858
831.213281
831.229460
831.238226
831.304786
831.326003
831.346278
831.387894
831.403663
831.492997
831.531704
831.841649
831.918735
831.962563
832.013107
832.102810
832.154296
832.188989
832.314696
832.378880
832.482918
832.521339
832.595026
832.626852
832.678257
832.739860
832.794501
832.816005
832.841400
832.892682
832.918241
832.959447
832.995205
833.084293
833.114030
833.212047
833.294991
833.365156
833.409516
833.459282
833.497866
833.571267
833.789583
833.887805
833.937203
833.971077
834.035343
834.146714
834.479104
834.578391
834.631270
834.703237
834.852332
835.097272
835.431629
835.624468
835.976479
836.191068
836.657971
836.746363
836.789780
836.860477
837.942477
838.052905
838.111601
838.163661
838.247424
838.327501
838.638879
838.868419
839.073137
839.181763
839.226696
839.321641
839.480566
840.037990
840.092180
840.237466
840.328192
840.409211
840.475361
840.609464
840.637112
840.666112
840.786002
840.811930
840.858419
841.001329
841.098732
841.130721
841.177088
841.286984
841.428746
841.481421
841.501655
841.565307
841.615114
841.810739
841.882255
842.057482
842.183475
842.208256
842.362798
842.599424
842.959176
843.079434
843.237253
843.491164
843.943322
844.060426
844.118917
844.329492
844.511396
844.820439
845.147341
845.439058
845.667820
845.688422
845.733315
845.786440
845.818716
846.178263
846.261862
846.356193
846.452695
846.503526
846.605107
846.665728
846.736425
846.794424
846.870077
846.958346
847.107195
847.163515
847.315026
847.397478
847.403336
847.546819
847.816008
847.851643
847.861883
847.867208
847.945687
848.055624
848.124477
848.172892
848.357130
848.695214
848.731259
849.286676
849.744568
849.860362
849.951990
850.379858
850.454528
850.557297
851.162767
851.582607
852.176609
852.463452
852.526080
852.785193
853.195530
853.349376
853.448663
853.890703
854.066258
854.148547
854.228500
854.301614
854.328402
854.333891
854.479217
854.578790
854.611886
854.750085
854.813491
854.884721
854.934938
855.012516
855.079895
855.154442
855.225180
855.245783
855.393485
855.452017
855.494902
855.690568
855.729316
856.908390
857.763635
858.111959
858.205553
858.395894
858.562765
858.722222
858.974904
859.024630
859.320074
859.464786
859.560223
859.901501
860.089508
860.649431
860.692275
860.846940
860.990259
861.121044
861.199237
861.424312
861.522821
861.565010
861.592781
861.643039
861.717586
861.802824
862.335222
862.558740
862.632305
863.026749
863.130051
863.196037
863.326003
863.603630
863.840502
864.472556
865.934705
867.490202
867.676283
867.963494
868.096532
868.139868
868.163174
868.276797
868.385014
868.466237
868.657889
868.707410
868.862525
869.007892
869.104026
869.473280
869.494292
869.690982
869.813412
870.296617
870.418924
870.550241
870.655836
870.689137
870.847078
870.902292
870.979830
871.115530
871.425352
871.492198
871.568957
871.852892
872.113029
872.209900
872.725791
872.829010
873.015378
873.021686
873.205678
873.298002
873.417441
873.535611
873.664471
873.861325
873.949839
873.989120
874.057114
874.087424
874.151444
874.194412
874.248520
874.324582
874.470892
874.625475
874.647798
874.733896
875.949998
876.220170
876.696125
876.771082
876.973752
877.120430
877.182362
877.258056
877.353083
877.434470
877.486940
877.648691
877.666386
877.695222
877.709312
877.711401
877.756908
877.940982
877.956178
878.015857
878.099948
878.224097
878.264115
878.300774
878.390108
878.525809
878.575862
878.619075
878.670356
878.772224
879.054971
879.444091
879.552348
879.906857
880.270377
880.511427
881.353359
881.561272
881.693573
881.810924
881.866834
882.281882
882.648596
882.961449
883.046932
883.096371
883.703726
884.191642
884.854497
885.211341
885.271839
885.291827
885.389517
885.591654
885.646541
885.752873
885.850767
885.899592
886.107791
886.223421
886.280233
886.471475
887.342121
887.624049
887.680123
887.777526
887.915479
888.009564
888.075223
888.182047
888.244347
888.296489
888.339292
888.402043
888.477655
888.573747
888.620155
888.635351
888.637850
888.652800
888.753889
888.852972
888.905646
889.168896
889.227305
889.273385
889.328148
889.383404
889.435259
889.568010
889.677128
889.705431
889.731482
889.738486
889.817866
889.872056
889.906627
889.972122
890.112532
890.156728
890.236355
890.332529
890.433905
890.599956
890.699039
890.775839
890.837688
890.891960
891.300659
891.363738
891.936522
892.723118
893.330186
893.387080
893.466255
893.675233
893.692477
893.697311
893.884252
893.947412
894.002053
894.089994
894.216806
894.513193
895.327846
895.444541
895.519212
895.596012
895.687229
895.868518
896.127795
896.209306
896.247890
896.315515
896.446177
896.587366
896.686326
896.849060
897.108091
897.294623
897.675960
897.823212
897.870848
898.678620
898.815877
898.984141
899.065938
899.169731
899.921306
900.245668
900.437156
900.680663
900.837376
900.924047
901.014159
901.476188
901.677466
902.000026
902.230794
902.314148
902.402294
903.185531
903.322870
903.607624
903.759012
903.931453
904.542781
904.730788
904.979497
905.098240
905.136456
905.180160
905.222185
905.380741
905.516032
906.048143
906.174136
906.380616
906.605855
906.709565
906.859438
907.150377
907.343708
907.446886
907.691254
908.273132
908.507832
908.646728
908.712141
908.720742
908.797542
908.825231
908.890890
909.245317
909.463265
909.612237
909.730693
909.888963
909.956055
910.133207
910.317158
910.410056
910.532239
910.622269
910.673142
910.741381
911.120835
911.686861
911.783158
912.239616
912.490127
912.927990
913.073398
913.387151
913.491190
913.530593
913.582572
913.648312
914.014822
914.145649
914.250793
914.728264
915.929047
916.142285
916.799939
917.405942
917.538488
917.635973
917.722399
917.862031
918.029312
918.854861
918.969631
919.287890
919.463117
919.567770
919.703593
919.996252
921.157632
921.400566
921.507267
921.661317
921.768837
921.848013
921.899377
923.688182
923.857592
924.085371
924.180152
924.776694
925.314499
925.384786
925.453967
925.542113
925.604168
925.956014
926.426276
926.448640
926.451917
926.577459
926.639923
926.678589
926.749901
926.879293
926.984274
927.054684
927.128658
927.194563
927.206154
927.380849
927.449866
927.540347
927.565619
927.577580
927.659049
927.726264
927.793480
927.825838
927.929754
927.971041
928.025887
928.155156
928.361554
928.375194
928.637501
928.700006
928.774881
928.842711
929.123615
929.161339
929.191567
929.514578
929.583923
929.653801
929.660559
930.074911
930.164122
930.366546
930.845614
931.038249
931.133604
931.187098
931.522437
931.576709
931.691520
931.797074
931.881452
932.042465
932.212490
932.551066
933.173330
933.275894
933.386772
933.932605
934.053765
934.175498
934.531727
934.575432
934.734807
935.020790
935.195197
935.233290
935.462420
935.552942
935.682908
936.020787
936.269619
936.370627
936.966513
937.401917
937.544663
937.697239
937.884262
938.511565
938.894418
939.762524
939.930501
940.064276
940.629115
941.637100
941.702021
941.829775
941.887570
941.978092
942.086758
942.621532
942.727045
942.865449
942.964449
943.024906
943.389327
943.482880
943.647744
943.776563
943.895224
944.526541
944.707297
945.166909
945.767260
945.896776
946.102927
946.150482
946.180833
946.275901
946.335334
946.399764
946.709996
947.243172
947.453297
947.750789
949.070070
949.479916
949.779702
949.855232
950.004081
950.089851
950.271631
950.333768
950.407823
950.502564
950.590669
950.639043
950.726083
950.826271
951.059251
951.181312
951.316480
953.020252
953.743237
953.830687
954.298778
954.329457
956.082586
956.326461
958.860820
961.477837
962.728550
963.209789
964.762952
966.178079
966.331965
966.529556
966.919291
967.327252
967.396188
967.953449
968.169349
968.276378
968.708465
968.809882
968.909537
968.983265
969.027215
969.174876
969.250980
969.375990
969.585951
969.874924
969.958236
970.380575
971.310612
971.390525
971.546460
971.736433
972.109332
972.150538
972.447457
972.646728
972.667904
972.725494
972.741059
972.894781
973.816586
974.039327
975.770624
976.721265
978.185544
978.354012
978.628854
979.827343
979.967918
980.296417
980.340040
980.555366
981.298627
982.735421
982.870426
983.099843
985.531064
985.810493
985.983099
986.550682
986.866483
997.556060
999.033119
999.296860
1007.433810
1009.325056
1009.665597
1009.716675
1009.800028
1009.852989
1009.890755
1009.944289
1010.031084
1012.192788
1012.567040
1012.977500
1013.331763
1013.434163
1013.889966
1015.972905
1016.870584
1017.076449
1019.342275
1020.643451
1020.762276
1021.356196
1022.493942
1023.022244
1023.823503
1024.076472
1024.487137
1024.763412
1024.826900
1025.293640
1025.417830
1027.700326
1028.729487
1029.051638
1029.640069
1029.975654
1030.396600
1033.820283
1034.318316
1039.957279
1040.621650
1040.651387
1040.785326
1040.876585
1041.021993
1041.161216
1041.289052
1041.489920
1041.550950
1041.643110
1041.721836
1041.808916
1041.862451
1041.949737
1042.018427
1042.054636
1042.119926
1042.624922
1042.661089
1046.549668
1046.713426
1047.445053
1047.526400
1054.270218
1055.274230
1062.603612
1062.727598
1066.521887
1071.807324
1078.285435
1078.409462
1079.000801
1079.242424
1079.613809
1080.271462
1084.763996
1086.090854
1086.246912
1089.176371
1089.273160
1094.036562
1094.785638
1095.687332
1095.770317
1099.543060
1100.272558
1107.079537
1111.219405
1111.738737
1111.744389
1112.435343
1112.688312
1113.234760
1113.659597
1119.221883
1119.685263
1125.626266
1126.148178
1127.464509
1128.519270
1129.523118
1129.765560
1129.873613
1130.926653
1130.997473
1131.061248
1131.094139
1131.103928
1131.164713
1131.201331
1131.561697
1131.891343
1131.965112
1132.056617
1132.086067
1132.137226
1132.622438
1133.148652
1133.408010
1133.738557
1133.791805
1133.988905
1134.087414
1134.293033
1134.428774
1134.468383
1134.476452
1134.511718
1134.522245
1134.584136
1134.682563
1134.714880
1134.831124
1135.023964
1135.042888
1135.103590
1135.202550
1135.333089
1135.684813
1135.806177
1136.223519
1136.562872
1136.983695
1138.140733
1139.852820
1140.910858
1142.349701
1142.405734
1150.186086
1152.923689
1153.424794
1153.551196
1156.120740
1156.414996
1156.669276
1157.920563
1158.037955
1160.598733
1161.309757
1162.037002
1162.537738
1168.201400
1174.486753
1178.959544
1179.293245
1184.145285
1193.617121
1193.771950
1194.635141
1194.884997
1195.133256
1195.900641
1195.941847
1195.989606
1196.292383
1196.718121
1197.009592
1197.084631
1197.158973
1197.311345
1197.417431
1197.580820
1197.705953
1197.786481
1197.816914
1197.843579
1197.846200
1197.922550
1198.063493
1198.110843
1198.144963
1198.162125
1198.169088
1198.338867
1198.375404
1198.442947
1198.451343
1198.505861
1198.529290
1198.540923
1198.546739
1198.606868
1198.618092
1198.631936
1198.713405
1198.716846
1198.773125
1198.812815
1198.836531
1198.876385
1199.075533
1199.159419
1199.268741
1199.286108
1199.376876
1199.426191
1199.518024
1199.548006
1199.590154
1199.614935
1199.627387
1199.640330
1199.727002
1199.761654
1199.782625
1199.802163
1199.845212
1199.877161
1200.165396
1200.229745
1200.268861
1200.325878
1200.404357
1200.476365
1200.547676
1200.701440
1200.725115
1200.748380
1200.759112
1200.798310
1200.966615
1201.046118
1201.073971
1201.077617
1201.208648
1201.343160
1201.411891
1201.479926
1201.594409
1201.646838
1202.671288
1203.091784
1203.217121
1203.304243
1203.542426
1203.680625
1203.825582
1203.930685
1204.937810
1205.032673
1205.163704
1205.249352
1205.317632
1205.420114
1205.491589
1205.581169
1205.690696
1205.954437
1206.089933
1206.232965
1206.965780
1207.044506
1207.880950
1208.036434
1208.140595
1208.899215
1210.719601
1210.940989
1211.624366
1211.690353
1212.145009
1212.206367
1212.303647
1212.372419
1212.695880
1213.046333
1213.160980
1213.253632
1213.464330
1213.599621
1213.704069
1213.900923
1215.302492
1215.772836
1215.875359
1216.757023
1218.020557
1218.088632
1218.315878
1220.662272
1220.756152
1220.846264
1221.001708
1221.079327
1221.134336
1223.468851
1224.327250
1225.191752
1225.719931
1225.804800
1225.949225
1228.107244
1228.941885
1229.658890
1229.696696
1229.729792
1229.812531
1230.262067
1230.307697
1230.526218
1231.489065
1236.762051
1236.818821
1238.682132
1243.813437
1246.234706
1246.334935
1247.810437
1247.945933
1248.182723
1248.264806
1248.303677
1248.480870
1248.702628
1251.259269
1251.336315
1252.162519
1252.193157
1252.427612
1252.518830
1259.456348
1263.442944
1263.489597
1263.597281
1264.104735
1264.153395
1264.353567
1264.406487
1264.793805
1265.132339
1266.331443
1270.751027
1273.660989
1274.018447
1274.143662
1274.153738
1274.524262
1274.808689
1276.292751
1283.122504
1283.404349
1283.579699
1284.271800
1284.451697
1284.542751
1285.064868
1289.123553
1289.425920
1289.607987
1289.650135
1289.744794
1289.991905
1290.036347
1290.134487
1290.273341
1290.710467
1291.214029
1291.795579
1294.469120
1295.412879
1295.512289
1298.405949
1300.081541
1301.365473
1302.458327
1302.915645
1303.288054
1304.160911
1305.104671
1306.478592
1307.655782
1307.820032
1307.951227
1308.082422
1308.240691
1308.328673
1308.849807
1311.763456
1311.825101
1312.262758
1313.595761
1313.738752
1313.810432
1313.859011
1314.221507
1314.485658
1314.501919
1314.664161
1314.822103
1314.983076
1315.084411
1315.154739
1315.183862
1315.234447
1315.250831
1315.291505
1315.296748
1315.445801
1315.553526
1315.622625
1315.771105
1315.827917
1316.034028
1316.236984
1316.291297
1316.347044
1316.408812
1316.428554
1316.535255
1316.848230
1317.559542
1318.256353
1318.575759
1318.868132
1319.180657
1319.435796
1319.442514
1319.446774
1319.931863
1320.813609
1321.860547
1324.649513
1326.313308
1326.595768
1327.290204
1327.343084
1327.702753
1330.256527
1331.232604
1333.621842
1337.982525
1338.082386
1338.182492
1338.228122
1338.428457
1339.636285
1339.720909
1339.770880
1339.803075
1339.861688
1339.938857
1339.998331
1340.061901
1340.107653
1340.176835
1340.301230
1340.369019
1340.422963
1340.529869
1340.549775
1340.674294
1340.702720
1340.904489
1340.963471
1341.108797
1341.193298
1341.628088
1341.739663
1341.835182
1342.547558
1342.613258
1343.397806
1343.429386
1343.483126
1343.545180
1343.740273
1345.432822
1345.833615
1346.831442
1346.905129
1346.983076
1347.240960
1347.639747
1347.996467
1348.091372
1348.228178
1348.397343
1348.508713
1348.584530
1348.648509
1348.717527
1348.818330
1348.895949
1348.977951
1349.048689
1349.110538
1349.157110
1349.194465
1349.230141
1349.249925
1349.297603
1349.407785
1349.570806
1350.428426
1350.625812
1351.261348
1351.952794
1352.047739
1352.066826
1352.073953
1352.119296
1352.179712
1352.215634
1352.232673
1352.259830
1352.335278
1352.387953
1352.479785
1352.631542
1354.447135
1356.538020
1356.564562
1357.366477
1357.428204
1357.456466
1358.124155
1358.219305
1358.351073
1358.397768
1359.405916
1359.412388
1359.483453
1359.498076
1359.502787
1359.732367
1359.961661
1360.598139
1360.873226
1361.102193
1361.223598
1361.353769
1361.419796
1361.482179
1361.591255
1361.654948
1361.734533
1361.826365
1361.852703
1361.867080
1361.891697
1361.953178
1362.177761
1362.236293
1362.353070
1362.669568
1362.731459
1362.793226
1362.928026
1363.132047
1363.251323
1363.377807
1363.919053
1364.482662
1364.755825
1364.883988
1365.005681
1365.089894
1365.233050
1365.851709
1365.874975
1365.957673
1366.031811
1366.208676
1366.266184
1366.408970
1366.605824
1366.643999
1366.683607
1366.739763
1366.810788
1366.852444
1366.908232
1366.918636
1367.021036
1367.048847
1367.064371
1367.087309
1367.102464
1367.185777
1367.238124
1367.257129
1367.302636
1367.321272
1367.361864
1367.396557
1367.421420
1367.476060
1367.520297
1367.553311
1367.651615
1367.733944
1367.871488
1367.939195
1367.970529
1367.983473
1367.985562
1368.385495
1368.579768
1368.639201
1368.720835
1368.766136
1368.897044
1368.941896
1369.208300
1369.330156
1369.377710
1369.406341
1369.445294
1369.480397
1369.538724
1369.601925
1369.618760
1369.674793
1369.748439
1369.757655
1369.764086
1369.887990
1370.091520
1370.137764
1370.184417
1370.209485
1370.249953
1370.308321
1370.360381
1370.386104
1370.467123
1370.507878
1370.586849
1370.641203
1370.705920
1370.737787
1370.840801
1372.042813
1372.048671
1372.903997
1372.983460
1373.041377
1373.064151
1373.220332
1373.528105
1373.921444
1373.940367
1373.944586
1373.950075
1373.955564
1374.012416
1374.017331
1374.034944
1374.041211
1374.071194
1374.113219
1374.902190
1375.016018
1375.213937
1375.379251
1375.413248
1375.588434
1375.708160
1375.789834
1375.864259
1375.940444
1376.050913
1376.103137
1376.237158
1376.259482
1376.293929
1376.304374
1376.397025
1376.557548
1376.656384
1376.704184
1376.807281
1376.856556
1376.917996
1376.996311
1377.146348
1378.017444
1378.095636
1378.223759
1379.275284
1379.908076
1380.492739
1381.084774
1381.617459
1382.748897
1382.804070
1382.903398
1382.972416
1387.104010
1387.361485
1388.448195
1388.529254
1388.896051
1389.817651
1390.051205
1390.626488
1391.553331
1392.029737
1392.257352
1392.375398
1392.538829
1392.861594
1393.010237
1393.191567
1394.978120
1395.172065
1395.262382
1395.333816
1395.405373
1395.488276
1395.609723
1395.713925
1395.984507
1396.005110
1396.010066
1396.107059
1396.187259
1396.236411
1396.337418
1396.410655
1396.440556
1396.587028
1396.664361
1396.843725
1397.280399
1398.448742
1398.553190
1398.704865
1399.000023
1399.273390
1399.816356
1401.158943
1401.237668
1401.593856
1402.542776
1402.808812
1403.946721
1404.025528
1404.095324
1404.457574
1404.512829
1404.661801
1404.696822
1404.704154
1405.362708
1405.396623
1405.464003
1405.522125
1405.560914
1405.581271
1405.696205
1405.741834
1405.884088
1405.948764
1406.023066
1406.078157
1406.098596
1406.102569
1406.145085
1406.298481
1406.438523
1406.461133
1406.517576
1406.544814
1406.861681
1406.951096
1407.075287
1407.206400
1407.280005
1407.341076
1407.742116
1408.198246
1408.429097
1408.567992
1408.661463
1408.933560
1409.129882
1409.138442
1410.161705
1410.274877
1410.347008
1410.446336
1411.132908
1411.750420
1411.832136
1411.905495
1412.528415
1413.018870
1413.204664
1413.301617
1413.342085
1413.408031
1413.751767
1413.801083
1413.917286
1415.728497
1415.791247
1415.905321
1415.986708
1416.017510
1416.133059
1416.219566
1416.258970
1416.398479
1416.475976
1416.551137
1416.605737
1416.747090
1417.292554
1418.011689
1419.197317
1419.407073
1420.040438
1420.399903
1420.442460
1420.576481
1420.637102
1420.676669
1420.760719
1420.779520
1420.847882
1420.907520
1420.961423
1421.026591
1421.124321
1421.311959
1421.427507
1422.685348
1422.691246
1422.746501
1422.877737
1423.000699
1423.066972
1423.097569
1423.178670
1423.990620
1424.070287
1424.156426
1424.379331
1424.437002
1424.524861
1424.638853
1424.771031
1424.980378
1424.985498
1425.009336
1425.031700
1425.036083
1425.798390
1425.882153
1425.939333
1430.445998
1430.503096
1430.584771
1430.673654
1430.796247
1431.145759
1432.488755
1432.710513
1432.811356
1432.901591
1436.307046
1436.431114
1436.511109
1436.603351
1436.899901
1436.984525
1439.324406
1439.871427
1440.135660
1440.753295
1440.910500
1444.851958
1445.418885
1445.519974
1448.626012
1448.755855
1453.196288
1455.800238
1469.049364
1479.718298
1483.249091
1484.401254
1498.214482
1499.262239
1499.862548
1502.904525
1514.576486
1515.486003
1525.531812
1525.674516
1525.874033
1526.825247
1529.128305
1532.230943
1532.338299
1532.479611
1535.993119
1550.870733
1563.070341
1563.075994
1563.101307
1564.052234
1568.264643
1568.672031
1569.257513
1571.791667
1571.822223
1572.349460
1574.771589
1574.979543
1576.854200
1576.943370
1576.953405
1576.955822
1576.960819
1577.032294
1577.205842
1578.008781
1578.666230
1579.454956
1579.865907
1580.412273
1580.841943
1580.849029
1581.064684
1581.118874
1581.744701
1581.901087
1583.993979
1586.326036
1588.193976
1588.424499
1588.648960
1588.764099
1591.267328
1591.310049
1591.382876
1591.429448
1591.456809
1591.460741
1591.464509
1591.557407
1591.573053
1591.654769
1591.667180
1591.736852
1593.168773
1593.710879
1593.955697
1594.062807
1594.262733
1594.326999
1595.025080
1595.311432
1595.617731
1596.780339
1597.013115
1597.162906
1597.301965
1597.402481
1598.073446
1598.086103
1598.092902
1600.348815
1602.952315
1602.977178
1602.986762
1602.990244
1603.001098
1603.093217
1603.604808
1603.654205
1603.728466
1603.759964
1603.841679
1603.904922
1604.088914
1604.606771
1604.691354
1605.279048
1606.167101
1606.272246
1606.551552
1606.744392
1607.072276
1607.699169
1607.775355
1607.859159
1607.947059
1608.121344
1608.134124
1608.138752
1608.290099
1608.313405
1608.335319
1608.346296
1608.361943
1608.465900
1608.612659
1608.628306
1608.727060
1608.757084
1608.861860
1608.953446
1609.013699
1609.051423
1609.088205
1609.124209
1609.189335
1609.210020
1609.332367
1609.343549
1609.347400
1609.455165
1609.525043
1609.571942
1609.610895
1610.683474
1610.977690
1611.222508
1611.231273
1611.268055
1611.367219
1611.406664
1611.498578
1611.553997
1611.734426
1612.038840
1612.121252
1612.350546
1612.407030
1612.478423
1612.631204
1612.729180
1612.779397
1612.935660
1613.118833
1613.260227
1613.288325
1613.393469
1614.605435
1614.781686
1615.148278
1615.198044
1615.933071
1616.116163
1616.151634
1616.206316
1616.244900
1616.379904
1616.433807
1616.496271
1617.208771
1617.367695
1617.942938
1619.966034
1620.020019
1620.176896
1620.265247
1620.754637
1620.810916
1621.301166
1621.590057
1621.663580
1621.843886
1621.883986
1622.573998
1623.012311
1623.513211
1623.571497
1623.748690
1623.889428
1624.031273
1624.057815
1624.100127
1624.107459
1624.207811
1624.232387
1624.266588
1624.352604
1624.397046
1624.447386
1624.484004
1624.577761
1624.588657
1624.603894
1624.619827
1624.635146
1624.732672
1624.838144
1624.879718
1624.957256
1624.985559
1625.133097
1625.233736
1625.266012
1625.524634
1625.546793
1625.587507
1625.675981
1625.907814
1625.977979
1626.283090
1626.368123
1626.575503
1626.713170
1626.805494
1627.275592
1627.394703
1628.653281
1629.007995
1629.330596
1629.522084
1629.601997
1629.653484
1629.738803
1629.988495
1632.348815
1632.385393
1632.776561
1633.735516
1633.795072
1633.923113
1633.978122
1633.998356
1634.015273
1634.098094
1634.106696
1634.125783
1634.129142
1634.132091
1634.142331
1634.329846
1634.364989
1634.400707
1634.517361
1634.581217
1634.650522
1634.705613
1634.735841
1634.929213
1635.132539
1635.142861
1635.145236
1635.148145
1635.721134
1635.743007
1635.747348
1635.773317
1635.779338
1635.783148
1635.805962
1635.910369
1636.102144
1636.171121
1636.258857
1636.564910
1636.590797
1636.866130
1637.107016
1637.315994
1637.503345
1637.548769
1637.575393
1637.607956
1637.712445
1637.918556
1638.020915
1638.278308
1639.423058
1639.946486
1640.052941
1640.720916
1640.829420
1641.086525
1641.728655
1641.834455
1641.921167
1641.995387
1642.069361
1642.182083
1642.249175
1642.288497
1642.405601
1642.494853
1642.687529
1642.699407
1642.826342
1642.850632
1643.196334
1643.564237
1643.567800
1643.571282
1643.739791
1644.151562
1644.194284
1644.240364
1644.372869
1645.766124
1645.883310
1646.143283
1646.655201
1648.450806
1648.846193
1649.669980
1650.828534
1652.613939
1656.106680
1656.555889
1657.541468
1662.042358
1662.442127
1662.568284
1665.933967
1668.158095
1668.680499
1669.777039
1670.420152
1670.604718
1670.644900
1670.776914
1670.866248
1670.972948
1671.123476
1671.242424
1671.274250
1671.276749
1671.491297
1671.576945
1672.092262
1674.131169
1674.406789
1674.496205
1674.546258
1674.556703
1674.585457
1675.287880
1675.325440
1675.401052
1675.435909
1675.672371
1675.799552
1675.836867
1675.848868
1675.851325
1675.976294
1676.122685
1676.172616
1676.221563
1676.273500
1676.330598
1676.373770
1676.446884
1676.538511
1676.606628
1677.008282
1677.409239
1678.211236
1678.276895
1678.383391
1678.616289
1678.838661
1678.872330
1679.002993
1679.165686
1679.194808
1679.323505
1679.444009
1679.777792
1679.849431
1680.481280
1680.545874
1680.643154
1680.693043
1680.792166
1680.915988
1680.959939
1681.009172
1681.063117
1681.133732
1681.272504
1681.298678
1681.342587
1681.618821
1681.816822
1681.882931
1682.178007
1682.272420
1682.377564
1682.594693
1682.723389
1682.726789
1682.895380
1683.034522
1683.534807
1683.564421
1683.645563
1683.740303
1683.804201
1684.353884
1684.467425
1684.635771
1684.684677
1684.755538
1684.795924
1684.931584
1685.126308
1685.449400
1685.740298
1685.896806
1686.705684
1686.873784
1687.391314
1687.911137
1687.981752
1688.212357
1688.323318
1688.363745
1688.406508
1688.431247
1688.516444
1688.731116
1688.805130
1688.870789
1689.277399
1689.620070
1689.868984
1690.000998
1690.056376
1690.094387
1690.234184
1690.264453
1690.295460
1690.595820
1690.930258
1690.970972
1691.652178
1691.876311
1692.062228
1692.156805
1692.279357
1692.834406
1693.046333
1693.151805
1693.159342
1693.161964
1693.193298
1693.396582
1693.575127
1693.674537
1693.763707
1693.819822
1693.974979
1694.012867
1694.308475
1694.555341
1694.736548
1694.845460
1695.025807
1695.085527
1695.167939
1695.247237
1695.274598
1695.324078
1695.382979
1695.457075
1695.500083
1695.544361
1695.625503
1695.698780
1695.757967
1695.801508
1695.847301
1695.903416
1695.964283
1696.034816
1696.213934
1696.279511
1696.333947
1696.487178
1696.582124
1696.744038
1697.324564
1697.478164
1697.592893
1697.650852
1697.700741
1697.746657
1697.793147
1697.935114
1697.954365
1698.017239
1698.064179
1698.267382
1698.278687
1698.388132
1698.587320
1698.768486
1698.813420
1698.887680
1698.949898
1698.958090
1699.101901
1699.155968
1699.171860
1699.200000
1699.230106
1699.253289
1699.321364
1699.352617
1699.386573
1699.549553
1699.650970
1699.661332
1699.695165
1699.757957
1699.814482
1699.924828
1699.967304
1700.027761
1700.099645
1700.205158
1700.223386
1700.226048
1700.651090
1700.864614
1700.882063
1700.965990
1701.118280
1701.171569
1701.244641
1701.384724
1701.477007
1701.671936
1701.737923
1701.746278
1701.820948
1701.919908
1702.025585
1702.064169
1702.194094
1702.950584
1702.986834
1703.057408
1703.232717
1703.343186
1703.358628
1703.396516
1703.637197
1703.865180
1703.941038
1704.089600
1704.670904
1704.773059
1704.806851
1704.841052
1704.872714
1704.962335
1705.001124
1705.051914
1705.057812
1705.062482
1705.282970
1705.299599
1705.653535
1705.681756
1705.721364
1705.740083
1705.771500
1705.777316
1705.949430
1706.003128
1706.010870
1706.033889
1706.369147
1706.390405
1706.587505
1706.709606
1706.751877
1706.803937
1707.114127
1707.242578
1707.350139
1707.483587
1707.498168
1707.501158
1707.504968
1707.568087
1707.572101
1707.576402
1707.637596
1707.647222
1707.718902
1707.817861
1707.891343
1707.920548
1707.948974
1707.957084
1708.041789
1708.047688
1708.051825
1708.257075
1708.516475
1708.725658
1709.029376
1709.106381
1709.284147
1709.356810
1709.427016
1709.477396
1709.519176
1709.598515
1709.772554
1709.886382
1709.902848
1709.945938
1709.988987
1710.004879
1710.008361
1710.010860
1710.174085
1710.246625
1710.408540
1710.423859
1710.476657
1710.563901
1710.574838
1710.617272
1710.623334
1710.684856
1710.701076
1710.704927
1710.902231
1711.050506
1711.113503
1711.251087
1711.496561
1711.515689
1711.550751
1711.592079
1711.668101
1711.730975
1711.763292
1711.837348
1711.959245
1711.998730
1712.105677
1712.231342
1712.323133
1712.374538
1712.508477
1712.690135
1712.853197
1712.901612
1713.126236
1713.276682
1713.321697
1713.358848
1713.518633
1713.639342
1713.805885
1714.315510
1714.458624
1714.679767
1715.051807
1715.160187
1715.377193
1716.023910
1749.625979
1750.142321
1750.390579
1750.461972
1750.520627
1750.582559
1750.733619
1750.744883
1750.798950
1750.828524
1750.888899
1750.939443
1751.180698
1751.314227
1751.510958
1751.781990
1751.995146
1752.110285
1752.355062
1752.544952
1752.662876
1752.998748
1753.315451
1753.435914
1753.667748
1753.676759
1753.875948
1754.008945
1754.042860
1754.098156
1754.190766
1754.375660
1754.571981
1754.910761
1755.636122
1755.706737
1755.823677
1755.893719
1756.239749
1756.510331
1756.694364
1756.739379
1756.782674
1756.910756
1757.014794
1757.154959
1757.270794
1757.343252
1757.369426
1757.457654
1757.534659
1757.603594
1757.637468
1757.879337
1757.936804
1758.022820
1758.122926
1758.373151
1758.620140
1759.030518
1759.205089
1759.361556
1759.461376
1759.539118
1759.851274
1759.994880
1760.045138
1760.113951
1760.234742
1760.587735
1760.911114
1761.331200
1761.494098
1761.717494
1761.887232
1762.088632
1762.192753
1762.889646
1763.091743
1763.153183
1763.215565
1763.289375
1763.586785
1763.686113
1764.104233
1764.229530
1764.358922
1764.634173
1765.485117
1765.927813
1766.019277
1766.106972
1766.331802
1766.534390
1766.713221
1766.816072
1766.824755
1767.026156
1768.599675
1768.766013
1768.870748
1769.061048
1769.949962
1769.984532
1770.060063
1770.227712
1770.327613
1770.496246
1770.554614
1770.687037
1770.825400
1770.868408
1770.901422
1770.935747
1771.023892
1771.094958
1771.137966
1771.157996
1771.213660
1771.240120
1771.348992
1771.609702
1772.127519
1773.809050
1774.038016
1774.825595
1775.082660
1775.200461
1775.256617
1775.326003
1775.361720
1775.487590
1775.542518
1775.586673
1775.621079
1775.640166
1775.710249
1775.751782
1775.791473
1775.943557
1776.771236
1777.087324
1777.119969
1777.301996
1777.668014
1778.589082
1778.680709
1779.519324
1779.716137
1779.898327
1780.175995
1781.253571
1781.337743
1781.426340
1781.479424
1781.576540
1781.622579
1781.691064
1781.720883
1781.782118
1781.811364
1781.824963
1781.941043
1782.023782
1782.166405
1782.227149
1782.286991
1782.477824
1782.583788
1783.034020
1783.106273
1783.309722
1783.319552
1783.424041
1783.915110
1785.555886
1785.602990
1785.679831
1785.889628
1786.122199
1786.257203
1786.331628
1786.435912
1786.563666
1787.435213
1787.734057
1789.368279
1789.407969
1789.530767
1789.603963
1789.681009
1790.783611
1791.042355
1791.279391
1791.367209
1791.525478
1791.679160
1792.007127
1792.343081
1792.840417
1793.129841
1793.262141
1793.346970
1793.416520
1793.475215
1793.568154
1794.407629
1794.493891
1794.963087
1795.148841
1795.372687
1795.458662
1796.501176
1797.494252
1798.321889
1798.402908
1798.500106
1798.541885
1798.638428
1798.782280
1798.920438
1799.005389
1799.126630
1799.613686
1800.635720
1800.677376
1801.034424
1802.848174
1802.960691
1803.096351
1803.101102
1803.103805
1803.436442
1803.592008
1803.729674
1804.067594
1804.156027
1804.312986
1804.678349
1804.835226
1805.194650
1805.265961
1805.441597
1805.668393
1805.689815
1806.731059
1806.922793
1807.041249
1807.177441
1807.295119
1807.502377
1807.907185
1808.163389
1808.381460
1808.421806
1808.569876
1808.613990
1808.682926
1808.762266
1808.926310
1808.985743
1809.089987
1809.480335
1809.566433
1810.380677
1810.444165
1810.799944
1811.003924
1811.561964
1811.646669
1811.733545
1811.982377
1812.028867
1812.249682
1812.278927
1812.385915
1812.411556
1812.437197
1812.468654
1812.525916
1812.613652
1812.638228
1812.769792
1813.032755
1813.830574
1814.394102
1814.472294
1814.734561
1814.859448
1814.915850
1815.105577
1815.179141
1815.229891
1815.835894
1815.919575
1816.101110
1816.781988
1816.854610
1816.889426
1816.931533
1817.061007
1817.131418
1817.179136
1817.259377
1817.397084
1817.534095
1817.757614
1817.888645
1818.109829
1819.073946
1820.820152
1821.559890
1822.917181
1823.106580
1823.308308
1823.481856
1824.262431
1824.350618
1824.545178
1824.549315
1824.552018
1824.729661
1825.024328
1826.130862
1826.378383
1826.518139
1826.648187
1826.746245
1826.911355
1826.988687
1827.285484
1828.309320
1828.441580
1828.635730
1828.833157
1828.960461
1829.033984
1829.581128
1829.726290
1830.443336
1831.148175
1831.268516
1831.899218
1831.935099
1832.038031
1832.079524
1832.117330
1832.121917
1832.164065
1832.178074
1832.803656
1832.952832
1833.047777
1833.205514
1833.491169
1833.986048
1834.394665
1835.332772
1835.949916
1835.964211
1835.968594
1836.375613
1836.640829
1836.911084
1836.957860
1837.226967
1837.631119
1837.655122
1837.659218
1838.252728
1838.274847
1838.463263
1838.506598
1838.548992
1838.615921
1838.830961
1839.075205
1839.117148
1839.191122
1839.250883
1839.303721
1839.353324
1839.502991
1839.509832
1839.539487
1839.553290
1839.559844
1839.646843
1839.781274
1839.818220
1839.873966
1839.899402
1840.090440
1840.100803
1840.105103
1840.262799
1840.685834
1840.713646
1840.931594
1840.985211
1841.064632
1841.099776
1841.127219
1841.156792
1841.284219
1841.546609
1841.663549
1841.735025
1841.842135
1841.894318
1842.067743
1842.187715
1842.272215
1842.383790
1842.431386
1842.542387
1842.616852
1842.719744
1842.833736
1842.884280
1842.933146
1843.012649
1843.089244
1843.193242
1843.250790
1843.320095
1843.374776
1843.408486
1843.450225
1843.467223
1843.490693
1843.555369
1843.593789
1843.615048
1843.671859
1843.802849
1844.430316
1844.495892
1844.776837
1844.933181
1845.043364
1845.269258
1845.386772
1845.443092
1845.592310
1845.760369
1846.053683
1846.328238
1846.584279
1846.681928
1846.858342
1847.143875
1847.150060
1847.264952
1847.413719
1847.457587
1847.754629
1847.846461
1847.901962
1848.108155
1848.848138
1848.897987
1848.978842
1849.065349
1849.170657
1849.261015
1849.358295
1849.454510
1849.740698
1849.800335
1849.884385
1849.943859
1850.091684
1850.234921
1850.425549
1850.727629
1851.043758
1851.158200
1851.864842
1852.122071
1852.282798
1852.472730
1852.553339
1852.633088
1852.730368
1852.801761
1852.864963
1852.916900
1852.959048
1852.995256
1853.067428
1853.110026
1853.125140
1853.548175
1854.275379
1854.391501
1854.824940
1855.121080
1855.267594
1855.318835
1855.458959
1855.565660
1855.633900
1855.939502
1856.214180
1856.577659
1856.673055
1856.918856
1857.384202
1857.391616
1857.812439
1858.394358
1859.542221
1859.603046
1860.781220
1861.095629
1861.155881
1861.436867
1861.659648
1861.762089
1861.874115
1861.987205
1862.348104
1863.005594
1863.085507
1864.100618
1865.490514
1866.005791
1867.105853
1867.962614
1868.362752
1868.549325
1868.653240
1868.661309
1868.881469
1868.992102
1869.038756
1869.130588
1869.166838
1869.263954
1869.314867
1869.360128
1869.461422
1869.566034
1871.170560
1871.477760
1873.228227
1873.298964
1873.694966
1873.799168
1874.035958
1874.542264
1874.660762
1874.822185
1874.881823
1875.017769
1875.217859
1875.816243
1876.425564
1876.823941
1876.890993
1877.078467
1878.149898
1878.262743
1878.575923
1878.639985
1878.783386
1878.936945
1878.958899
1878.991667
1879.307510
1879.569449
1879.713382
1879.795139
1880.269496
1880.572764
1880.688312
1881.687736
1882.464133
1883.000054
1883.044864
1883.052933
1883.057070
1883.120763
1883.149394
1883.324826
1883.385651
1883.595244
1883.607941
1883.612611
1883.615068
1884.000666
1884.037448
1884.442255
1884.604047
1885.033718
1885.352591
1885.671711
1885.825311
1886.067589
1886.154916
1886.654792
1886.755676
1887.272755
1887.388549
1889.289626
1889.642742
1890.141430
1890.304451
1890.488197
1891.668378
1891.742392
1892.016128
1892.206223
1892.307313
1892.450181
1892.975903
1893.141709
1893.181727
1894.089892
1894.574653
1895.064781
1895.124992
1895.214326
1895.355187
1895.621059
1896.557363
1896.672788
1896.783094
1896.886067
1896.900977
1897.193226
1897.430098
1898.390856
1898.807501
1898.974249
1899.302994
1899.394580
1899.554611
1899.686257
1899.763016
1900.141486
1901.555261
1902.048379
1902.103183
1902.189158
1902.816502
1903.008440
1903.119524
1904.957809
1905.228186
1906.387845
1906.530181
1906.606899
1906.939576
1907.048694
1907.166413
1907.258696
1907.397837
1907.568763
1907.813622
1908.127867
1908.519322
1909.331599
1909.803868
1910.432686
1911.042540
1911.281377
1911.700644
1911.809966
1912.070226
1912.218829
1912.269087
1912.909292
1913.084641
1913.590825
1913.682289
1913.810412
1914.737746
1914.797834
1914.879181
1916.540232
1916.578365
1916.660449
1916.739502
1916.797706
1916.945408
1917.059031
1917.080945
1917.109617
1917.131530
1917.133988
1917.139599
1917.448888
1917.479772
1917.617357
1918.038630
1918.106010
1918.211195
1918.285742
1918.337884
1918.383636
1918.545551
1918.661673
1918.844150
1918.903214
1918.941880
1919.092285
1919.194685
1919.328788
1919.383634
1919.702180
1919.978414
1920.048292
1920.145244
1920.309780
1920.723190
1920.874619
1920.949453
1921.088266
1921.346478
1921.481974
1921.565614
1921.642988
1921.716634
1921.782661
1921.974764
1922.063483
1922.720645
1922.904719
1923.126190
1923.342664
1923.897999
1924.044513
1924.289208
1924.547215
1924.717937
1924.857160
1924.980490
1925.158830
1925.218058
1925.477294
1925.989048
1926.036275
1926.446612
1926.512312
1926.614589
1926.686515
1926.796820
1926.843515
1926.949847
1927.209861
1927.358751
1927.727596
1929.186140
1929.341911
1929.558139
1929.739346
1929.816883
1929.978716
1930.195149
1930.426778
1930.536468
1930.570342
1930.583163
1930.725827
1930.894049
1930.970153
1931.997839
1932.101591
1932.248637
1932.318351
1932.377457
1932.747448
1932.777923
1932.933120
1933.067305
1933.213164
1933.256786
1933.325599
1933.514138
1933.821665
1934.256906
1934.435656
1934.769398
1935.012618
1935.331983
1935.347466
1935.350702
1935.629271
1935.793480
1935.850988
1935.919964
1936.090399
1936.188334
1936.257065
1937.083310
1937.511178
1937.991311
1938.142331
1938.220032
1938.276352
1938.395628
1938.450145
1938.508145
1938.629714
1938.665636
1938.725192
1938.776556
1938.796544
1938.800599
1938.901115
1938.934825
1938.991759
1939.030016
1939.104686
1939.298591
1939.465830
1939.710853
1940.469719
1940.497449
1940.598333
1940.676362
1940.797317
1940.810097
1940.814479
1940.899144
1940.953661
1941.002568
1941.344993
1941.405901
1941.563679
1941.614715
1941.645804
1941.649449
1941.718917
1942.088622
1942.279905
1942.653747
1942.673285
1942.897009
1943.000187
1943.300833
1943.358464
1943.438172
1943.519724
1943.612948
1943.651779
1943.690117
1943.811973
1943.868334
1943.921500
1944.034714
1944.576655
1945.054208
1946.518200
1946.653409
1947.445535
1949.108347
1949.190758
1949.406085
1949.668721
1949.817078
1950.096589
1950.203740
1950.247854
1950.291313
1950.411981
1950.685184
1950.931763
1951.123907
1951.194685
1951.362130
1951.512248
1952.273449
1953.372119
1954.335867
1954.471567
1954.668012
1954.933432
1955.281265
1955.588874
1955.776307
1955.835494
1956.371005
1956.542792
1956.672307
1956.808868
1957.005107
1957.165179
1957.271839
1957.349130
1957.535990
1958.005268
1958.185247
1958.466970
1960.361533
1960.728740
1960.777196
1961.593078
1961.628713
1961.661768
1961.817498
1962.542203
1962.682900
1962.912932
1963.164549
1963.282555
1963.362591
1963.729347
1963.773420
1963.843461
1964.369797
1964.767601
1964.878316
1965.142999
1965.373768
1965.532570
1965.755884
1965.843702
1965.922836
1965.969654
1966.243594
1967.362171
1967.536947
1967.882568
1968.011223
1968.113132
1968.162488
1968.228475
1968.280945
1968.374948
1968.550748
1970.036572
1970.206638
1970.396447
1970.494464
1970.768077
1970.882150
1971.001385
1971.325747
1971.374367
1971.658506
1971.892388
1973.297521
1973.868257
1974.017843
1974.684303
1975.009362
1975.306936
1975.560806
1975.579197
1976.319140
1976.411423
1976.550769
1976.611799
1977.098281
1977.408840
1977.659597
1977.726403
1977.873531
1977.971220
1978.247864
1978.534052
1979.346289
1979.620270
1980.023235
1980.238684
1980.544737
1980.791235
1980.901868
1980.967936
1982.490911
1982.772142
1984.405996
1985.503560
1988.354253
1989.755044
1990.491013
1991.343268
1991.428424
1991.566664
1991.699579
1991.729398
1991.804027
1991.886479
1991.997972
1992.035082
1992.102666
1992.165704
1992.237015
1992.328520
1993.625928
1993.841009
1993.914327
1994.265272
1994.389586
1994.515251
1994.632028
1994.699735
1994.778255
1994.831094
1995.009024
1995.443651
1995.780669
1996.214272
1996.348006
1997.717668
2000.187843
2001.302528
2004.102390
2004.174848
2004.279337
2005.875958
2005.994250
2006.492242
2006.500229
2006.730097
2007.009853
2007.508378
2007.628759
2007.731323
2007.826145
2007.983882
2008.019558
2008.546877
2008.661729
2008.886436
2009.181839
2009.330156
2009.596314
2009.671352
2009.756918
2009.936937
2009.990144
2010.042573
2010.083451
2010.111631
2010.150584
2010.221117
2010.288538
2010.343547
2010.381476
2010.399908
2010.404045
2010.414817
2010.558382
2010.606797
2010.652795
2010.757980
2010.807050
2010.862961
2010.867507
2011.488297
2011.869102
2011.988869
2012.027290
2012.260844
2012.458926
2012.503900
2012.623258
2012.655124
2012.816138
2012.943032
2013.164872
2013.581640
2013.769073
2013.918249
2014.145085
2014.425702
2014.865859
2014.983209
2015.264932
2015.821414
2015.952527
2016.489226
2016.670188
2016.751616
2017.307689
2017.757757
2017.958420
2018.094572
2018.151260
2018.276925
2018.365645
2018.585190
2019.729203
2019.827835
2020.525752
2020.669276
2020.781425
2020.830085
2020.834304
2020.870922
2020.874486
2020.998103
2021.040579
2021.157028
2021.185085
2021.190943
2023.059169
2023.598653
2023.632282
2023.974175
2024.150917
2024.369111
2024.535900
2024.708424
2025.202401
2025.581609
2025.647227
2025.718661
2029.449011
2029.996360
2030.120059
2030.232822
2030.283244
2030.347510
2030.444626
2030.482924
2030.516634
2030.603551
2030.629970
2030.655201
2030.773617
2030.805197
2030.827274
2030.934999
2031.032689
2031.087862
2031.431352
2032.477143
2032.569385
2032.689930
2032.799826
2032.824975
2032.971489
2033.045873
2033.415660
2033.451459
2033.654129
2034.931958
2035.187139
2035.228262
2035.344261
2035.435069
2035.523953
2035.567903
2035.655025
2035.899433
2036.212941
2037.502239
2037.784699
2038.136914
2038.228337
2038.327296
2038.501335
2038.660628
2039.487242
2039.657554
2040.217231
2040.441364
2040.694661
2041.327575
2042.470400
2043.192689
2043.484733
2043.571405
2044.644557
2044.924805
2045.506068
2045.771121
2046.867456
2048.478863
2048.973660
2049.195172
2049.218109
2049.332961
2049.354998
2049.798308
2049.896776
2052.645724
2053.169521
2053.250212
2053.326725
2053.474918
2053.594194
2053.789491
2053.812265
2054.002278
2054.243942
2054.590423
2055.299400
2055.364772
2055.456973
2055.558431
2055.632650
2055.787356
2055.792312
2055.795917
2056.080794
2056.329789
2056.890696
2057.046917
2057.673933
2058.050888
2058.102292
2058.430423
2058.518815
2058.693714
2058.990756
2059.079475
2059.114619
2059.154104
2059.398103
2059.503206
2059.561247
2059.704730
2059.745976
2059.833999
2060.006195
2060.054938
2060.082258
2060.148613
2060.177531
2060.202271
2060.245074
2060.447171
2060.538348
2060.567880
2060.623872
2060.694651
2060.992553
2061.074391
2061.243228
2061.628211
2061.744210
2062.109573
2062.240072
2062.296842
2062.489600
2062.579548
2062.763336
2062.878188
2062.935409
2062.995292
2063.498772
2063.549153
2063.588393
2063.638241
2063.693988
2063.751250
2063.829852
2063.895962
2064.079094
2064.234865
2064.332104
2064.494879
2064.550052
2064.671826
2064.743096
2064.803553
2064.834191
2064.936264
2064.947200
2065.041736
2065.111736
2065.325548
2065.389978
2065.432535
2065.691402
2065.695908
2065.764147
2065.820631
2065.910579
2066.131968
2066.191565
2066.266481
2066.335212
2066.378752
2066.427044
2066.485248
2066.491187
2066.513183
2066.524037
2066.527764
2066.597315
2068.686602
2068.739727
2068.775363
2068.990116
2069.325906
2069.413642
2071.378493
2071.669432
2071.728046
2071.753196
2071.759299
2071.808901
2071.859978
2071.943250
2072.061092
2072.749752
2073.135882
2073.244631
2073.513738
2074.576773
2074.911498
2074.958479
2075.036877
2075.119821
2075.698053
2075.882455
2075.938406
2076.428902
2076.457411
2076.517130
2076.548669
2076.552438
2076.588442
2076.612280
2076.638700
2076.674048
2076.705014
2076.720742
2076.731474
2076.734013
2076.744376
2076.760351
2076.783247
2076.902646
2076.937503
2076.954214
2076.997878
2077.029458
2077.067633
2077.079306
2077.146849
2077.765304
2078.781932
2078.913126
2079.139308
2079.510282
2080.420495
2081.021010
2081.100513
2082.205368
2082.231337
2082.444206
2082.473943
2082.494956
2082.498273
2082.508472
2082.566021
2082.596413
2082.750833
2083.423928
2083.627049
2084.695818
2084.708188
2084.859249
2085.106360
2085.402296
2085.619958
2085.685330
2085.725020
2085.766881
2085.782938
2085.798216
2085.870551
2085.879071
2085.882388
2085.888492
2085.902582
2085.970698
2085.986673
2085.993062
2086.011781
2086.047212
2086.054380
2086.104228
2086.111150
2086.124421
2086.162637
2086.181724
2086.196142
2086.263972
2086.349988
2087.218586
2087.296492
2087.316234
2087.319798
2087.323075
2087.448617
2087.518945
2087.531807
2087.540367
2087.577108
2087.592796
2087.598817
2087.633183
2087.645348
2087.707771
2087.780106
2087.834460
2087.892173
2087.923016
2087.935590
2087.968768
2088.060436
2088.397087
2088.541061
2088.553636
2088.566211
2088.623309
2088.632074
2088.703140
2088.739717
2088.857027
2089.007473
2089.201828
2089.252372
2089.409249
2089.473188
2089.508127
2089.533972
2089.591276
2089.674056
2089.726034
2089.805865
2089.847890
2089.880986
2089.967657
2090.039665
2090.076488
2090.233119
2090.282148
2090.354770
2090.384794
2090.403226
2090.430792
2090.564772
2090.624287
2090.684744
2090.784154
2090.809590
2090.820772
2090.852065
2090.907812
2090.968105
2091.008041
2091.013202
2091.060101
2091.092992
2091.264696
2091.359724
2091.434967
2091.462615
2091.472282
2091.488461
2091.646853
2091.686953
2091.730575
2091.894579
2091.962245
2091.999519
2092.012667
2092.032451
2092.112486
2092.191744
2092.434514
2092.517908
2092.793324
2092.992102
2093.035889
2093.053051
2093.100278
2093.113713
2093.164749
2093.190431
2093.201981
2093.300122
2093.314335
2093.338501
2093.377208
2093.402767
2093.443277
2093.465559
2093.495009
2093.519135
2093.587702
2093.602857
2093.677036
2094.347837
2094.492303
2096.746045
2096.916603
2097.447322
2097.821737
2098.326733
2098.477548
2098.542879
2098.619924
2098.662810
2098.709586
2098.769715
2098.796216
2098.865439
2098.882232
2098.907136
2098.953871
2098.960507
2098.966364
2099.008430
2099.013181
2099.018138
2099.026616
2099.031654
2099.153306
2099.228795
2099.268239
2100.043694
2100.129219
2100.408197
2100.896645
2101.222072
2101.485404
2101.518991
2101.742182
2101.769871
2101.893612
2101.955625
2102.025175
2102.107873
2102.244024
2102.304522
2102.381363
2102.463939
2102.539469
2102.732268
2102.832701
2102.919782
2103.043850
2103.281459
2103.365304
2103.452467
2103.523492
2103.544504
2103.573135
2103.591936
2103.654687
2103.831839
2103.865999
2103.909990
2103.968563
2104.369152
2104.487158
2104.588534
2105.134776
2105.274614
2105.391514
2105.465242
2106.403922
2106.407731
2106.410394
2106.927964
2108.275343
2108.516680
2108.740731
2108.950159
2109.055304
2109.191660
2109.610476
2110.206198
2110.422139
2110.496072
2111.870484
2111.985377
2112.559268
2112.691610
2112.948060
2113.255383
2113.412260
2114.856550
2115.753083
2116.012769
2116.193731
2116.323451
2116.899922
2116.961198
2117.157274
2117.791171
2120.572969
2122.882007
2123.166065
2123.302871
2123.657421
2123.830313
2123.946557
2125.169377
2125.409362
2125.514629
2127.127511
2127.948595
2131.938468
2137.880248
2138.178642
2138.542326
2141.779886
2149.285315
2152.545853
2153.623347
2153.741517
2154.060882
2155.270349
2162.010808
2163.105997
2169.217270
2170.362307
2171.817902
2174.975918
2176.998195
2177.072906
2179.766067
2183.675044
2187.326013
2191.759892
2191.985869
2192.098509
2192.203325
2192.284795
2192.468050
2192.706601
2192.952893
2193.174692
2193.378673
2193.519452
2194.627052
2197.106606
2208.238387
2213.671895
2213.852979
2214.245868
2217.899909
2217.950249
2218.003251
2218.837156
2218.860257
2218.915512
2219.043717
2219.456922
2219.920466
2224.520110
2224.944701
2226.555904
2226.663547
2228.073144
2229.825290
2238.327808
2248.082391
2251.924357
2252.693176
2254.142177
2260.798669
2263.062036
2263.984169
2265.065964
2267.374551
2267.941478
2276.205568
2276.328940
2276.337050
2280.782438
2288.493814
2288.926679
2289.422746
2289.470218
2298.247741
2298.560840
2301.375939
2301.633618
2306.025882
2307.608699
2309.011825
2309.150556
2309.194998
2309.308211
2309.401682
2309.510554
2309.551800
2309.575639
2309.724242
2309.727437
2309.801001
2310.252462
2310.646170
2311.678403
2312.254792
2316.795576
2318.586675
2318.893261
2319.079711
2319.257149
2319.373435
2319.716188
2320.252969
2320.631685
2325.361091
2329.178235
2330.915799
2332.169093
2334.352056
2379.208172
2381.670400
2384.069100
2394.498990
2415.318630
2429.622845
2434.700493
2463.990784
2570.825564
2610.516500
