65.910538
66.198774
66.219172
66.290975
66.294088
66.480005
66.788844
66.830295
67.655639
69.560402
69.599355
69.803500
70.192169
72.393318
72.418345
72.473272
72.591974
72.632771
72.723415
72.940257
73.094881
73.268961
73.361613
73.589146
73.595044
73.597993
73.859645
73.897042
74.223862
74.289807
74.929684
76.028436
76.231803
76.235284
76.669911
76.674949
76.868444
77.231432
77.417185
77.773701
77.881057
78.038180
78.058742
78.063247
78.424678
78.494679
78.557471
78.577746
78.586061
78.764810
78.796677
78.969446
79.000289
80.414147
80.541573
80.665354
81.507492
81.729536
81.771233
81.844142
81.859420
82.112348
82.178580
82.391081
82.553774
83.348152
83.704914
83.910574
84.077978
84.727276
84.771922
84.885709
85.441782
85.505638
85.832049
86.876283
87.318200
88.125686
88.271872
88.707072
89.158820
89.290383
89.315901
89.409536
89.475727
89.947914
89.963971
89.998909
90.217144
90.228040
90.383524
90.492232
90.683679
90.696376
90.709033
90.716037
90.770022
92.014346
92.565545
92.763996
92.966748
93.032120
93.440205
94.120632
94.706606
95.000822
95.612109
96.618537
96.727777
97.800479
98.196111
98.401853
99.123036
99.148677
99.193733
99.199099
99.204178
99.261972
99.389522
99.648553
99.657810
100.081336
100.766024
101.449441
102.416794
102.420931
102.956401
103.089193
104.250450
104.323154
105.019392
106.639770
107.218493
107.543757
107.780178
107.986616
108.064645
109.219226
109.350666
109.904077
110.130586
110.421074
110.475305
110.558331
110.561362
110.604001
110.608589
110.614405
111.023022
111.194481
111.235236
111.534817
112.319283
112.730849
113.311252
113.937367
114.154783
114.829967
114.994053
115.018015
115.280036
117.172716
119.487652
119.614915
119.625155
119.627940
119.634371
119.639859
119.649157
119.950828
120.227635
120.290017
120.470118
120.880005
121.277399
121.571983
122.158817
122.365215
122.517955
122.827612
123.084513
123.206902
123.230167
124.070052
124.714844
125.664256
125.778002
125.910385
126.085489
127.238226
127.453471
127.591752
127.698166
128.866263
129.067581
129.565286
129.578107
129.582326
130.209874
130.435277
130.729861
131.216794
131.476234
131.574743
131.738993
132.034683
132.141629
132.900946
133.607301
134.210150
135.151780
135.276872
135.603855
135.794278
136.164188
136.336794
136.989532
137.016771
137.029304
137.071493
137.313731
137.443328
137.898516
138.343301
138.425139
138.885939
139.965686
140.019180
140.509471
140.565832
141.840916
142.033592
143.046001
143.293399
143.314248
143.316992
143.984886
144.190915
144.332104
144.403743
144.443761
144.504463
144.575283
144.587694
144.617964
144.707953
144.847626
144.909722
145.006387
145.031905
145.575199
145.760666
146.247639
146.990694
147.421798
147.593912
147.803709
147.904020
148.357366
149.113692
149.441085
150.278144
151.459471
152.448573
152.450417
152.469135
152.873574
153.259663
153.747620
154.068378
154.193510
154.199777
154.458235
154.472243
154.870825
154.933699
155.379057
156.413911
156.490875
157.212672
157.357179
157.374382
157.719675
158.188093
158.462525
158.886298
159.024415
159.064556
159.389409
159.669412
159.944008
160.012370
160.169574
160.194683
160.598671
161.065820
161.362452
162.007859
162.115174
162.174239
163.397386
164.340204
164.530627
164.539965
164.543734
165.028127
165.454316
165.473444
165.901353
166.093210
166.520340
166.601851
167.200686
167.622738
167.915438
168.142930
168.639242
168.771625
169.439396
169.453158
169.455124
170.541875
171.252531
172.005990
172.086968
172.099830
172.103475
172.280504
172.421612
172.494520
172.793692
173.142221
173.463429
173.477356
173.481574
173.488660
173.619282
173.807575
174.304707
174.339154
174.376346
174.642790
174.810071
174.934508
175.311831
175.341445
175.424102
176.208282
176.363602
176.508600
176.617759
176.871997
176.885064
176.908001
177.122181
177.302200
177.529446
177.775288
177.870930
178.373755
178.870231
179.630367
180.041400
180.124918
180.339057
180.402627
182.477619
182.572933
182.583706
182.586900
183.335608
183.643628
183.736074
184.911708
185.367798
185.767485
186.400768
186.540605
186.714972
186.843136
186.852598
187.029012
187.094057
187.099218
187.112489
187.265516
188.425748
189.147914
189.149594
189.197353
189.254451
189.556081
189.616046
189.640622
189.830226
190.001439
190.208655
190.383923
190.848451
190.911857
191.242117
191.797944
192.079831
192.269926
192.532685
192.586629
192.616407
192.836854
192.890143
192.948511
193.366385
193.525514
193.587610
193.605018
193.615053
194.197217
194.206024
194.285732
194.362040
194.382316
195.220644
195.498516
196.115046
196.378214
196.407828
196.438548
196.471112
196.522476
196.562616
196.761846
196.791501
197.258117
197.305139
197.330944
197.808005
198.286664
198.392791
198.631342
198.643917
198.817219
199.114342
199.182541
199.391683
199.510180
199.529554
199.741071
199.790019
200.291901
200.849326
200.871240
201.186181
201.242501
202.009027
202.444513
202.631537
202.721935
202.765517
203.637391
204.621169
204.867133
205.105725
205.358940
205.454336
205.723689
205.926441
206.371144
206.696284
207.449620
207.571231
207.691448
207.989268
208.955761
209.092116
209.463419
209.666867
210.196685
210.443264
210.628936
210.682102
210.768937
210.978693
211.488031
211.552379
212.617994
212.915364
213.287772
213.724774
214.102180
214.145024
214.311895
214.417203
215.032627
215.647109
215.900529
216.352727
216.685691
216.729436
217.157755
217.398845
217.662177
218.716283
219.155661
219.838095
220.509266
221.535150
221.696041
221.795082
222.404772
222.759363
222.985748
223.640781
223.913615
224.363766
224.544358
224.565780
225.216922
225.964360
226.195046
226.346353
226.714583
226.978898
227.688694
227.735183
228.238787
228.358881
229.399060
230.187991
230.615409
230.765404
230.927360
231.182705
231.448494
233.038111
233.086034
233.434563
233.489203
233.498501
233.501532
233.775841
233.935667
233.978921
234.138419
234.371932
234.645053
234.660782
234.803364
236.380938
236.642836
236.674212
236.830884
236.894331
237.196861
237.317571
237.416530
238.564516
238.780498
239.596585
239.692513
239.864340
239.957729
239.967314
240.447201
241.197670
241.531740
241.637581
241.730068
242.059756
242.180014
242.207130
242.355937
242.842870
242.872115
243.028214
243.049595
243.057664
243.180421
243.319685
243.489628
243.715932
244.236370
244.513137
244.520550
244.711916
244.828201
244.842086
244.845199
244.848763
244.925891
245.166817
245.236941
245.433590
245.437850
245.545165
245.593334
245.688238
247.946977
248.403313
248.449147
248.717763
248.902738
249.029100
249.182945
249.382052
249.887498
250.091356
250.118554
250.125640
250.809631
251.612774
251.680645
251.706286
251.717919
251.721769
251.978834
252.169626
252.209766
252.266906
252.390728
252.549284
252.708741
252.724920
252.729876
253.005783
253.116088
253.334979
253.533880
253.735526
253.771244
253.803397
253.808271
254.341448
254.503731
254.524703
254.717829
255.108137
255.125914
255.293194
255.555830
255.789384
255.807201
255.872696
256.129065
256.134595
256.137380
256.339886
256.545055
256.564265
257.164452
257.480417
257.611366
257.673667
258.140078
258.380472
258.765906
258.790236
258.792571
258.794332
260.191805
260.837827
261.087683
261.268070
261.386691
263.096975
263.162511
263.409172
263.554458
263.900733
264.093860
264.490516
264.612250
264.619090
265.285755
265.480479
265.639936
265.641329
266.389422
266.410762
266.892370
267.055759
267.559977
267.687772
267.956511
268.091269
268.109128
268.323799
268.397650
268.750848
268.787630
269.184983
270.118625
270.249820
270.272348
270.396293
270.423818
270.504141
270.562509
270.983414
270.987551
271.695708
271.713321
271.716434
271.732204
271.748055
271.823421
271.935775
272.189030
272.308879
272.783237
272.925491
273.765868
274.606408
274.646794
274.832589
275.412091
275.484918
276.419011
276.447560
276.965089
277.815788
279.058637
279.391027
279.609876
280.758477
280.768799
281.241231
281.429770
281.509683
281.557729
281.692160
282.292019
282.297795
282.301604
282.411745
282.740572
283.016233
283.061658
283.108065
283.285709
283.708662
284.491244
284.815073
284.950159
285.071237
285.228360
285.867581
286.034698
286.058701
286.642749
286.800445
286.812692
286.815764
286.969856
286.999839
287.075942
287.080120
287.082619
287.124931
287.207383
287.551365
287.613092
288.290365
288.339886
288.543990
288.776397
289.255260
289.350083
289.419674
289.423401
289.855734
289.872568
290.137989
290.148598
290.437898
290.611200
290.717368
290.727690
290.730435
290.733875
291.987907
292.032594
292.055572
292.466401
292.782162
293.234442
293.452759
294.101238
294.873457
294.884106
296.765522
297.218621
297.681469
298.937139
299.375616
299.459830
299.825152
300.245156
300.712182
300.737004
301.307208
301.353492
301.355622
301.850583
301.857464
302.832886
303.540920
303.625994
303.690220
303.766815
303.776932
303.781192
303.787786
303.795814
303.803924
304.138527
304.531456
304.584786
304.630989
304.651592
305.336484
305.364828
305.625661
305.783726
306.346557
306.412667
306.511462
306.757632
306.828288
306.994668
307.247309
307.864658
308.209869
308.236534
308.418478
308.446740
308.583588
308.743332
308.777083
308.974797
309.099930
309.151171
309.486060
309.626634
309.633597
309.692047
309.716787
310.316974
310.428426
310.506004
310.650921
310.675251
310.713426
310.834627
312.242708
312.699208
313.119990
313.492767
313.838182
313.922355
313.956147
314.515661
314.690519
315.006771
315.262239
315.445617
315.513160
315.676344
315.871969
316.001526
316.402196
316.525773
316.531589
316.662620
316.784394
317.447332
317.562143
318.181868
318.189814
318.706524
319.204188
319.353938
319.555830
319.607726
319.899771
320.099451
320.107028
320.233144
320.257638
320.287457
320.370565
320.422789
320.731914
320.857498
321.445724
321.874084
322.413855
322.437612
322.515476
323.038986
323.291054
323.387187
324.120003
324.137943
324.332134
324.455875
324.779622
324.944855
325.077565
325.085635
325.660426
325.962834
326.097674
326.114959
326.220595
326.304440
326.399590
326.447022
326.963692
326.979011
327.095050
327.391560
327.974093
327.983923
327.986831
328.146698
328.485356
328.706662
328.740454
329.047368
329.253396
329.680609
329.938985
330.194125
330.211738
330.219602
330.231398
330.244710
330.487153
331.064074
331.394703
331.927101
331.945206
332.017132
332.034417
332.038554
332.054282
332.473549
333.061038
333.239132
333.546783
333.599416
333.694239
333.755515
333.789266
333.791928
334.434222
334.639514
334.717583
334.759895
334.839603
334.917509
335.079547
335.227494
335.667814
336.196731
336.342098
336.896614
337.435566
337.693204
338.109645
338.449408
338.543698
338.596864
338.608087
338.996142
339.184271
339.218842
339.341640
339.421921
339.432407
339.436175
339.651994
339.880919
339.949117
340.291748
340.413850
340.557824
340.644209
340.852613
340.941660
340.981432
341.113692
341.121311
341.134664
341.145354
341.466931
341.492572
341.664195
341.736407
341.795799
342.273024
342.502113
342.777528
342.856540
342.913720
343.492444
343.659930
344.289690
344.359854
345.205146
345.473597
345.816023
347.132600
347.135140
347.397489
348.335923
348.366643
348.402975
348.819005
349.096796
349.281198
349.331292
349.795451
349.899817
350.273290
351.977308
352.586138
352.754606
352.838042
353.481974
353.684562
353.811907
353.968660
354.048901
354.153390
354.160722
354.287657
354.756567
355.135201
355.308093
355.539476
355.693527
355.747676
355.863634
355.929702
355.984753
356.398858
356.525220
356.613898
356.713554
356.842947
356.910367
356.935967
357.058478
357.986918
358.094029
358.099763
358.110577
358.151291
358.798049
359.054254
359.096279
359.132365
359.137690
359.514890
359.590175
359.767368
359.822090
359.933747
360.027054
360.222310
360.296653
360.535286
360.769454
360.794604
361.116672
361.180529
361.253929
361.373204
362.246595
362.370130
363.299471
363.676221
363.791319
363.955732
364.012749
364.596879
364.600689
364.604867
364.608102
364.634767
364.869796
364.945695
364.994806
365.720986
365.831496
366.143078
366.324367
366.491648
367.014052
367.833743
368.196895
368.358932
368.835420
369.374126
369.680261
370.603418
370.617180
371.290194
371.305882
371.378176
371.505480
371.539067
372.040049
372.299448
372.375511
372.692296
374.456689
374.557901
374.648627
374.996705
375.185736
375.223214
375.532872
375.810130
375.814636
376.051671
376.102093
376.789074
376.812626
377.074483
377.587712
378.594714
378.726441
378.812621
379.284562
379.496817
379.500626
379.869348
380.142428
380.539617
380.976374
380.980797
381.388513
382.047846
382.763663
383.564595
385.408901
385.689027
386.409800
386.731172
386.777580
386.955919
386.960589
386.964234
386.969477
386.977055
387.571261
387.915899
388.007895
388.614308
388.628193
388.880957
388.946944
389.007933
389.178327
389.655675
390.101524
390.123274
390.243615
390.250742
390.382223
390.609347
391.052739
391.090422
391.101235
391.113564
391.195894
391.352566
391.772529
391.912489
392.082309
393.293701
393.318195
394.602619
394.854851
394.863452
394.866606
394.874102
394.879427
395.128873
395.137270
395.190395
395.320074
395.450982
395.505254
395.582710
395.726316
396.059935
396.143411
396.303360
396.328182
396.824945
397.038592
397.298606
397.313475
397.316301
397.506437
397.537485
397.682852
397.697147
398.211523
398.268334
398.673469
398.694564
398.919557
398.968832
398.989394
398.996808
399.021629
399.351235
399.353324
399.715205
399.823913
399.878226
399.951544
399.990170
399.992422
400.103014
400.109322
400.718152
400.736256
400.816742
401.009787
401.977344
402.035835
402.574459
402.794004
402.845901
402.859745
402.862203
402.865684
402.870927
403.464069
403.979551
404.110991
404.281795
404.878377
405.012357
405.033820
405.150597
405.274501
406.097715
406.436291
406.471148
406.791373
407.728456
408.009810
408.058716
408.250614
408.299397
408.486707
408.863703
409.069117
409.436611
409.672090
410.979942
411.321549
411.629445
411.795538
412.014961
412.075745
412.509798
412.598968
413.325640
413.547151
414.010900
414.023434
414.180106
414.364099
415.065743
415.074345
415.386460
415.574344
415.600886
415.738020
415.812198
415.910134
416.161751
416.266322
416.273531
416.837755
417.297736
417.346028
417.436058
417.652736
417.895916
417.955185
418.777907
418.897551
419.327672
419.424911
419.953377
420.571300
420.747018
420.832010
421.439365
422.398280
422.639698
423.161774
423.274742
424.147640
424.272486
424.346624
424.659804
424.955085
424.964547
425.982812
426.028933
426.300170
427.005665
427.603395
427.617321
427.647222
427.954708
428.611379
428.793364
429.056451
429.212918
429.497549
429.575864
431.535022
432.125092
432.608502
432.671416
433.003766
433.360732
433.452114
433.465467
433.611121
433.641062
434.883666
435.056845
435.337626
436.347044
436.435149
436.648141
436.786504
436.832625
436.954153
437.098086
437.138596
437.154857
437.217894
437.229568
437.232927
437.289165
437.873336
438.288056
438.964593
439.139000
439.172669
439.419126
439.651164
439.702569
439.842898
440.214405
440.370913
440.716616
441.663652
442.245325
442.428211
442.430751
443.052933
443.447460
444.916859
445.044163
445.260227
446.538834
447.272141
447.339315
447.913902
448.030925
448.051692
448.055337
448.073769
448.295363
448.662528
448.680796
448.763535
449.270129
449.298022
449.512489
449.598751
450.604810
451.436052
451.746120
451.831685
452.490445
453.116109
453.891523
453.977375
454.280602
454.398894
454.716334
454.910280
455.048561
455.303578
455.452303
455.976632
456.713626
457.098281
457.694413
457.786245
458.076324
458.171146
458.416701
458.537861
458.601513
458.646692
458.786652
459.135345
459.357962
459.381146
459.654062
459.682939
460.054979
460.609208
460.879872
460.969533
461.081928
461.151150
461.338010
461.638001
461.754696
461.900390
461.912392
461.915013
462.259077
462.513930
462.609490
462.820516
463.025930
463.106785
463.127880
463.304090
463.635374
463.673180
463.962931
464.137380
464.159130
464.197263
464.209797
464.340296
464.351109
464.671212
464.688824
464.709386
464.722739
464.817562
464.998277
465.002947
465.569874
465.577533
465.582612
466.050089
466.130493
466.149908
466.330747
466.338038
466.343649
466.720932
466.801172
466.822349
467.244605
467.267420
467.406889
467.718513
467.860234
467.876127
467.883131
468.790886
468.835041
468.848353
468.927611
468.957839
469.082522
469.308989
469.412946
469.764383
469.939692
469.988065
470.560031
471.171482
471.384064
471.816970
471.923794
472.035164
472.049664
472.081981
472.098243
472.380621
472.631706
472.771584
472.777482
473.063834
473.316925
473.349448
473.422725
473.455206
473.473147
474.314424
474.438287
474.850058
474.874307
474.908754
475.014676
475.017994
475.020575
475.334820
475.723284
475.724595
475.794350
475.937587
476.251996
476.980429
477.008364
477.231104
477.266371
478.118666
478.199398
478.308147
478.732370
478.782996
478.783447
478.875607
479.075287
479.130706
479.378842
479.471657
479.618253
479.641395
480.474972
480.496476
480.825221
480.980009
481.311416
481.396081
481.756774
482.039276
482.327552
482.623980
482.886943
482.957885
483.076792
483.461161
483.470459
483.476726
483.536609
483.579249
483.660841
484.370186
484.480123
484.590633
484.708024
484.872356
484.985446
485.030339
485.726945
486.233948
486.295429
486.838641
487.008256
487.473357
487.988920
488.000881
488.069325
488.305009
488.455741
488.644854
488.663040
488.882995
488.943411
489.151816
489.191588
489.521930
489.896755
490.133504
490.409247
490.452746
491.140178
491.141939
491.899494
491.944100
491.951841
492.280177
493.450199
493.482435
493.598188
493.794836
493.892239
493.990789
494.398751
494.605435
494.734664
495.019008
495.454863
496.102113
496.120545
496.940974
497.104732
497.886454
498.024653
498.123284
498.249646
498.255585
498.258207
498.299945
498.612511
498.940559
499.214377
499.982377
499.990446
500.311982
500.708188
500.753408
501.252178
501.330289
501.491425
501.496668
502.046228
502.100050
502.141911
502.208184
503.153132
503.214408
503.790223
504.284733
504.424530
504.966513
505.155666
505.660989
507.336704
507.348746
507.451515
507.726193
508.473590
509.363446
509.796393
510.274150
510.618378
510.826496
511.017411
511.975465
512.119316
512.330015
512.556196
512.901366
513.046528
513.540383
515.034071
515.838525
516.891238
518.631752
521.372672
522.277110
522.655703
522.740695
522.890322
525.167534
525.663437
528.565371
528.736543
528.969769
531.499459
531.522068
532.057825
534.228173
535.212360
536.547983
538.650296
539.507876
539.773215
542.486856
543.006024
543.067218
543.184118
543.504138
544.803471
545.147863
545.590518
546.324972
547.620823
549.363016
549.598331
549.665792
552.650056
555.104215
555.495834
556.781117
560.116654
560.729416
561.038868
562.748744
563.013550
563.033580
563.059343
563.117220
564.211139
565.882429
569.847357
569.859072
570.865623
570.877256
571.156644
572.215788
572.778824
573.013688
573.577339
573.703127
575.450440
578.017526
583.590912
584.006083
584.891146
585.305743
586.401997
586.695148
588.051825
588.329984
588.455035
588.867297
590.417142
590.910669
592.250757
592.345211
592.362537
592.364503
593.906196
594.360566
598.304113
598.348677
598.355640
598.357852
598.360801
598.366044
598.495437
598.505800
598.508544
598.509937
598.799442
599.025213
599.040737
599.191142
600.108851
600.356209
600.762655
600.892662
601.173688
602.140099
602.492764
603.510129
603.542487
603.551252
603.560182
603.565425
603.606098
603.781571
604.283126
604.854682
605.282918
605.406659
606.004265
606.587699
606.793482
606.915461
607.016468
607.178916
608.807076
608.971039
609.961943
610.974679
611.348521
611.565527
611.569910
611.584287
611.639788
611.671982
611.767665
612.289741
612.896195
613.439816
614.184182
614.629949
616.335770
616.340439
616.827494
616.977162
618.342236
619.338260
620.416696
620.611584
620.620022
620.622520
621.362995
622.371389
623.217295
623.234662
623.728148
623.991112
624.965591
625.691812
626.101330
626.173297
634.031964
635.903590
637.035397
637.494968
637.669663
637.763461
640.824197
641.266934
643.676938
645.500191
645.518172
692.758364
692.766761
692.769178
693.103043
694.051840
695.280968
696.019313
696.540733
697.052692
697.149481
697.859154
698.025042
698.076815
698.768998
698.783662
698.787062
699.025203
699.434967
699.881431
700.321956
702.080123
702.679941
703.137587
703.352504
703.392932
703.429263
703.585853
703.698903
703.867208
704.446013
705.115341
705.336812
705.874739
706.208686
706.874327
707.292652
708.024525
708.034068
710.081249
710.567649
711.431250
711.851540
712.011981
713.344819
713.404129
714.448323
715.143455
715.870044
716.443853
716.989932
717.396173
719.240110
721.956905
725.908234
725.932155
726.138429
726.591365
726.729974
726.883287
727.884104
728.104632
728.364483
729.292104
729.498952
729.721201
729.727836
729.858007
730.781819
731.493868
731.653120
731.661804
733.440696
733.556244
733.878886
733.883474
733.890437
733.900308
734.022164
734.043464
735.814451
737.728963
738.035794
738.265989
738.303058
738.354913
738.420490
738.575688
738.959319
739.258655
740.028457
740.277535
740.895007
741.050860
743.202038
743.678034
744.301896
745.507144
746.015580
746.928988
747.108434
747.598193
748.111217
748.346573
749.760102
749.802045
749.835387
749.910385
749.977068
752.042066
752.429056
753.165066
753.169367
753.784300
754.291016
754.439455
755.084083
755.204178
755.361137
755.483075
755.855401
755.930112
756.024975
756.029153
756.031652
756.037100
757.186109
757.603574
757.906964
757.921669
758.149530
758.475162
758.494822
758.498140
758.501581
759.406264
759.535493
760.130109
760.964874
761.184911
761.187738
761.352888
761.411092
761.427313
761.735455
761.754952
761.771172
761.854484
761.941565
761.955287
761.970237
761.972900
762.046341
762.073457
762.144072
762.159882
762.385531
763.557560
763.624776
763.645788
763.775713
763.913994
763.929395
763.992965
764.007424
764.353741
764.498002
764.553339
765.701366
766.045430
766.434017
767.025480
768.354877
768.721183
768.761160
769.078272
769.146266
769.154662
769.183498
769.220403
769.437450
769.514824
769.613988
769.775944
769.959608
770.069299
770.092442
770.184520
770.218926
770.263982
770.286141
770.501059
770.610708
770.617549
770.723471
770.737725
770.788557
770.789048
770.802033
770.808873
771.096986
771.360236
771.664650
771.706675
771.783188
772.041318
772.101120
772.156170
772.180337
772.188406
772.190249
772.697989
773.758444
774.179963
774.601318
774.730670
774.738780
775.069737
775.745413
775.756390
775.759258
775.870382
776.037868
777.737585
777.931121
778.107044
778.747986
779.247124
779.418542
779.761091
780.537897
782.810112
783.936799
785.519657
785.886290
785.897062
785.903862
786.213601
786.399683
787.554058
787.782820
787.945185
788.238172
788.582318
788.735304
789.063557
789.617582
789.907743
790.319473
790.390374
790.422323
790.437929
790.581617
790.600622
791.190282
792.782930
792.867512
793.300173
793.466798
794.021560
794.153861
794.237379
794.504356
794.520084
794.704609
794.759209
795.194982
795.208008
795.210670
795.323802
795.794842
795.881185
796.070134
796.183306
797.879992
798.892728
798.921605
798.987837
800.010404
800.495944
801.230725
801.367122
801.805230
802.731254
802.965094
803.863511
804.199383
804.977459
809.324913
812.053217
812.066529
812.174008
812.184699
812.234220
812.820111
812.833751
812.837560
813.314867
813.325517
814.413660
814.702551
817.328742
817.430446
817.526784
817.642906
818.006098
818.409431
819.856835
819.954852
820.464681
822.139617
822.433546
823.004611
823.341302
823.535944
823.709614
823.755940
824.008663
824.026235
824.159109
825.680937
825.689375
825.788211
825.815286
825.828188
825.842401
825.973883
826.087342
826.209321
826.447053
826.460979
826.464461
826.475766
827.508326
827.581645
827.586273
827.589222
828.255887
828.406456
828.447007
829.660201
829.879050
830.084178
830.151844
830.359020
830.664294
830.705746
830.752440
830.777344
830.814495
830.841283
831.193457
831.954289
832.081756
832.140943
832.190423
832.343245
832.824484
832.875807
834.449449
834.645565
835.749601
837.031035
837.049754
837.182341
837.313700
837.370634
837.706056
837.712773
837.718712
837.968691
838.107791
838.609797
839.179141
839.259709
839.310213
839.315866
839.350354
839.356088
839.408476
839.414292
839.489085
839.497277
839.552246
839.659561
841.868206
842.242621
842.277356
842.333307
842.343956
842.346414
842.349732
842.422641
842.442138
842.457211
842.617405
842.637271
842.787758
842.829701
842.843136
842.980188
844.413501
844.820275
846.142177
846.513889
847.141274
847.269970
847.456174
848.199680
849.027318
850.108293
853.075313
853.292196
853.322916
853.756355
855.010140
856.277729
856.621302
859.122196
859.147592
859.348787
859.474207
860.111340
860.283208
860.288205
860.968878
861.038428
862.367662
862.823424
862.892319
862.894899
862.897193
862.899732
862.904771
862.916035
863.121326
863.143731
863.150449
863.184855
863.285371
863.394079
863.666217
867.184026
869.645517
870.785720
872.075305
872.544748
873.944924
873.981542
874.000425
874.156769
874.182697
874.402775
874.448773
874.748232
874.905354
874.934477
875.018076
875.068211
875.123917
875.172864
875.201700
875.205796
875.225375
875.853292
876.552274
876.561613
876.623667
876.694159
876.725453
876.946678
877.088440
877.302620
877.308068
877.312082
877.510083
877.522207
879.029166
879.141192
879.263703
879.437619
879.480054
879.549891
879.651062
879.670764
879.687885
879.698002
879.700337
879.772221
879.910543
880.247071
880.306872
880.456294
880.858276
880.932495
881.014907
881.052754
881.056686
881.607270
881.640079
882.162893
882.873016
883.081380
883.492577
883.525100
883.762708
883.816612
883.847905
884.544676
885.735465
886.138921
887.180288
887.438131
888.433295
890.998088
891.198136
891.346125
891.356242
891.361853
892.102124
892.399452
892.476989
892.871680
893.492019
893.494272
893.771817
894.161060
894.633083
894.713569
894.756618
894.832230
895.225119
895.336161
895.345910
895.350211
895.642501
896.466493
896.612229
896.631726
896.727368
896.789750
897.075978
897.080197
897.413816
897.676042
898.227200
898.385224
898.506547
898.519204
899.805635
901.035868
901.061181
901.066465
901.072814
902.017147
902.943621
903.585874
903.909540
904.089149
904.714732
904.918958
905.038275
905.297674
906.053018
906.598932
907.084063
907.128218
907.181425
907.817615
908.314583
908.356116
908.489646
908.568166
908.678431
908.688671
908.695716
908.739912
908.892897
909.168558
909.220823
909.238272
909.251297
909.316628
909.412516
909.416243
909.429965
909.490504
909.574717
909.630177
910.543299
910.568120
910.617108
910.795244
910.859674
911.032033
911.043011
911.129723
911.282504
911.632998
911.768330
911.849841
911.865569
911.886541
911.993569
912.474767
912.703570
912.863764
913.476936
913.541202
913.953587
914.255217
914.797363
915.192586
916.416307
916.575846
917.637202
917.740093
917.830615
919.235830
919.259095
919.426130
919.774904
920.352850
920.687657
920.692244
920.956273
921.057894
921.086157
921.165783
921.554125
921.951601
922.004193
922.499727
923.002593
923.096433
923.349811
923.594506
923.662623
923.730821
924.159713
924.355953
924.747612
925.256212
925.267108
925.376348
926.016225
926.162575
926.438195
926.445322
926.447616
926.989271
927.180595
927.353979
927.775130
927.793971
927.797780
929.223680
929.490166
929.795932
931.556557
931.677962
932.288717
932.292895
932.506706
933.184143
933.294899
933.414216
933.421711
933.566915
933.831598
936.819589
941.262725
942.124974
942.492549
943.837716
944.078930
944.092324
944.337633
944.538051
944.707133
944.742523
944.775578
945.159332
945.206845
945.261199
945.341891
945.557750
945.977303
946.487624
946.491064
946.691482
946.921472
947.208929
947.717407
947.816243
950.394020
951.555318
951.736484
952.054292
952.730092
954.124657
954.191995
954.826260
954.865787
955.289313
955.311473
955.313889
955.316265
955.318927
955.826668
956.371927
958.047109
958.220657
958.243799
958.246707
959.668879
959.678013
959.683256
960.096911
960.101540
960.712294
960.868475
961.132216
961.738342
961.960182
962.455593
963.196191
963.223224
964.662272
965.669929
967.464673
967.475118
969.628180
969.841992
969.870172
970.348462
970.349486
971.147305
972.145254
973.110026
973.650944
973.793444
974.597366
976.159007
976.171131
976.555172
976.953549
977.292493
977.570243
978.134548
979.650068
979.898122
979.996221
980.617216
981.643633
982.697615
982.859817
983.039754
983.555850
983.645184
983.817912
984.493588
985.161073
985.195725
985.909494
986.175529
986.471055
986.669711
987.143660
987.324662
987.678884
988.065833
988.109292
988.225208
988.319457
989.253304
989.326705
989.435617
989.669581
990.026834
991.159255
991.577702
991.808676
991.992627
992.218767
992.416440
993.928151
994.504540
994.544517
994.567537
994.619187
994.624266
994.627625
994.711839
994.785403
994.872279
994.890875
995.166781
995.910779
995.934003
996.316856
996.516086
997.053522
997.428675
997.516657
997.690081
997.953495
998.036972
998.063514
998.190080
998.230835
998.475366
998.958981
999.020339
999.166280
999.292559
1000.671437
1001.609912
1001.719972
1001.920635
1002.422723
1002.750812
1002.999480
1003.377459
1003.628831
1003.843502
1004.817695
1004.881920
1005.258465
1005.833912
1006.554030
1006.880973
1007.940280
1008.561029
1008.676864
1008.796959
1009.410990
1009.593016
1011.030712
1011.470787
1011.490652
1011.542385
1011.572777
1011.675955
1011.798671
1012.221379
1012.604969
1012.744028
1014.318981
1014.354944
1014.744842
1016.014275
1016.297185
1016.573993
1017.174999
1017.381437
1017.582797
1017.691505
1017.804718
1018.011935
1018.165903
1018.308403
1018.732421
1019.271619
1019.496571
1019.806556
1020.403098
1021.288161
1022.018232
1022.618296
1022.639104
1023.237693
1023.486157
1024.066765
1025.283932
1025.838653
1026.095432
1026.100347
1026.103706
1026.106409
1026.960425
1027.603620
1027.616236
1027.859784
1027.988808
1027.998474
1028.003226
1028.008755
1028.787855
1029.381898
1029.871534
1030.068879
1030.603817
1030.688031
1030.965330
1031.098327
1031.384433
1031.969096
1031.988019
1032.206746
1034.104709
1034.219725
1034.868244
1035.289559
1036.283249
1036.434801
1036.833997
1036.901253
1036.912845
1037.096346
1037.287014
1038.200791
1039.032893
1039.033876
1039.661834
1040.470344
1040.727491
1041.406525
1042.210406
1042.435359
1042.516828
1043.179889
1043.698565
1044.227031
1045.024317
1045.256151
1045.865882
1046.277652
1046.518784
1047.080100
1047.791206
1047.797965
1048.953815
1049.370296
1049.606922
1049.859932
1049.864397
1050.057892
1050.182451
1050.823516
1052.442378
1053.109330
1053.342147
1054.014218
1054.160568
1055.330550
1055.942164
1056.705044
1056.895918
1057.015931
1057.031905
1057.037394
1057.042842
1057.390469
1058.207212
1058.336686
1058.497249
1058.504212
1058.739077
1059.446456
1060.343521
1061.001912
1064.241521
1065.076449
1065.081938
1065.200681
1065.611018
1066.632479
1066.674708
1066.736681
1066.922230
1067.095122
1067.222426
1068.562596
1068.883272
1069.708616
1072.904438
1073.344922
1073.407140
1073.476649
1073.640407
1073.716306
1075.652485
1076.452106
1076.459315
1077.222564
1077.398774
1078.122701
1078.307389
1078.510469
1079.198188
1079.390740
1079.549583
1079.559168
1080.119951
1081.624617
1082.203259
1082.342605
1082.430833
1082.489242
1082.704896
1083.122156
1083.155087
1083.850834
1083.892736
1084.460401
1084.561818
1084.836250
1086.538056
1086.683054
1087.167734
1087.609979
1088.919060
1089.595392
1089.624596
1089.664696
1089.718682
1090.046034
1090.087690
1090.118369
1090.160968
1090.176778
1090.439700
1090.602476
1090.743910
1090.778890
1091.642327
1091.710362
1091.796705
1092.035502
1094.678815
1096.120361
1096.374026
1096.403149
1096.488755
1096.857600
1097.604055
1100.060303
1100.266414
1100.825641
1100.977316
1100.985795
1100.986286
1100.988539
1101.008773
1101.863199
1101.895926
1102.068695
1102.133576
1102.565908
1102.674493
1102.797496
1102.858772
1103.007334
1103.100396
1103.171666
1103.234253
1103.565496
1104.062628
1104.654828
1104.689029
1104.808550
1105.533829
1106.158838
1106.281144
1106.740224
1107.183329
1107.606856
1109.708022
1109.721539
1109.772534
1111.595131
1112.060764
1112.324465
1113.437471
1113.488384
1113.618063
1113.922765
1114.001449
1114.265108
1114.268140
1114.980393
1115.183882
1115.414774
1115.449016
1115.928371
1116.370698
1116.877332
1116.986655
1117.023560
1117.184696
1118.191002
1118.571315
1118.584177
1118.883103
1119.577825
1120.772874
1121.115873
1121.351393
1122.816287
1122.881946
1123.220111
1123.518546
1123.741778
1123.780485
1124.160471
1124.502405
1124.653015
1124.662026
1125.422612
1125.490565
1125.826314
1125.916467
1126.373622
1126.968484
1127.240950
1127.429366
1127.488840
1128.834171
1128.940380
1129.369641
1129.376686
1129.379021
1129.911624
1130.429235
1130.620600
1130.792796
1131.060675
1131.092582
1131.151933
1131.191296
1131.288740
1131.355832
1131.362632
1131.365048
1131.671716
1132.574351
1132.825354
1132.858532
1132.863283
1133.105521
1133.346652
1133.550019
1133.849395
1133.941924
1133.951795
1134.009016
1134.064968
1134.206034
1134.521385
1134.628086
1134.946386
1135.371182
1135.818465
1135.823667
1135.829811
1135.833498
1137.061110
1137.162322
1137.733304
1138.353684
1138.659123
1138.798305
1138.891981
1139.214582
1139.473367
1139.482214
1139.616031
1139.640771
1139.717612
1139.722445
1141.257953
1141.263155
1141.681971
1141.687296
1141.733908
1141.913068
1142.050324
1142.493635
1142.497280
1142.750290
1142.893036
1143.120568
1143.365018
1143.581491
1143.806525
1144.039260
1144.051507
1144.404091
1144.513413
1144.603279
1144.778097
1144.993014
1144.998380
1145.069527
1145.097298
1145.164145
1145.279898
1145.282068
1145.474990
1145.561825
1145.958195
1146.044826
1147.552072
1148.604908
1148.795044
1149.073859
1149.412065
1149.458145
1149.807944
1150.199644
1150.348943
1150.558822
1150.799585
1150.832640
1151.181087
1151.508972
1151.830426
1152.146063
1152.219259
1152.766566
1152.863805
1152.963830
1153.028792
1153.240228
1153.547551
1153.856225
1154.186691
1154.442158
1154.581340
1154.619965
1154.861957
1155.800719
1157.347246
1157.674148
1157.846016
1157.855969
1158.221455
1158.284861
1158.670868
1158.814024
1159.013417
1159.187046
1159.297761
1159.301775
1159.311278
1159.382999
1160.246272
1160.352195
1160.380539
1160.476836
1160.953815
1162.963395
1163.063747
1163.758510
1164.035973
1164.620923
1164.961546
1165.421650
1165.444874
1165.769196
1165.773332
1165.857219
1166.119322
1166.182810
1166.401987
1166.445036
1166.829363
1167.080530
1167.887933
1168.189030
1168.680100
1168.934461
1168.938885
1168.999997
1169.759560
1169.932902
1169.953833
1169.970872
1170.156503
1170.217984
1170.318991
1170.334515
1170.523628
1171.865846
1172.158300
1172.167066
1172.312310
1172.589650
1174.140191
1174.480077
1174.564086
1175.013089
1175.072563
1175.179715
1176.655340
1178.026394
1178.903634
1179.334533
1179.396424
1179.931648
1179.975311
1180.131615
1180.162212
1180.556329
1180.822159
1181.950198
1182.126531
1182.216970
1182.390395
1182.417101
1182.448722
1182.507909
1182.547231
1182.748426
1182.824612
1183.631852
1183.636357
1184.007496
1184.061686
1185.300480
1186.100388
1187.231416
1187.666739
1187.677880
1189.330330
1189.716992
1190.001295
1190.266061
1190.489539
1190.740460
1191.017431
1191.991624
1193.031721
1193.050481
1194.723860
1194.804347
1195.027210
1195.154842
1195.601183
1196.543549
1196.663726
1197.089997
1198.324654
1198.359060
1199.486853
1199.528141
1200.087204
1200.090685
1201.097032
1201.743667
1202.115092
1202.447974
1203.011338
1203.155599
1203.501261
1203.780936
1203.945513
1204.167025
1204.495729
1205.954970
1206.000886
1206.122332
1206.495232
1206.611476
1206.643876
1206.750863
1206.957384
1207.095132
1207.840563
1207.851213
1208.161935
1208.914944
1209.131950
1209.412526
1209.582060
1209.583944
1209.672294
1210.433167
1211.075420
1211.169874
1212.372746
1213.104169
1214.055465
1214.371799
1214.978089
1215.692718
1216.440115
1217.005281
1217.256694
1217.265582
1217.309409
1217.415823
1217.778156
1218.280817
1218.398044
1219.685007
1219.959890
1220.068065
1220.080108
1220.447314
1220.497940
1221.507482
1221.642813
1221.648876
1221.652357
1222.065644
1222.367560
1222.377226
1222.782771
1222.880051
1222.884516
1222.892339
1222.894592
1222.925230
1223.036805
1223.091036
1223.107133
1224.113234
1224.498463
1226.407608
1226.539090
1226.915103
1228.160164
1228.199977
1228.767764
1228.979200
1229.231841
1229.285908
1229.294633
1229.408297
1229.545718
1229.575496
1229.652255
1229.660406
1229.662986
1229.665403
1229.762601
1229.974569
1230.095852
1230.118871
1230.187725
1230.228152
1230.283162
1230.501806
1231.404032
1231.519212
1231.667159
1232.136028
1232.352788
1233.219707
1233.233551
1234.234368
1234.693775
1235.402465
1235.629466
1235.810140
1236.639990
1236.888986
1237.155512
1238.221578
1238.254633
1238.687457
1239.210639
1239.471718
1239.880172
1240.580669
1240.599224
1240.983265
1241.353912
1241.567478
1241.650381
1242.194207
1242.459750
1242.483425
1242.499072
1242.573865
1242.630758
1242.719601
1243.433206
1244.777595
1244.784927
1245.098476
1245.305364
1245.316178
1245.575905
1245.613015
1245.647626
1245.833708
1246.722212
1247.085937
1247.385928
1247.414804
1247.558369
1247.660278
1248.778895
1249.109647
1249.400832
1249.779917
1250.092360
1250.648023
1252.104806
1252.499087
1253.322834
1253.420687
1254.731653
1254.778184
1254.788588
1254.865142
1255.279985
1255.610409
1255.745126
1256.391967
1257.322865
1259.033846
1259.046380
1259.889746
1260.385321
1261.762478
1261.769646
1263.116820
1263.138161
1263.271977
1263.554232
1263.601582
1263.972106
1264.275374
1264.395182
1264.578232
1264.776643
1264.818381
1265.066148
1265.618371
1266.676490
1266.716180
1267.213435
1267.250708
1267.508265
1267.537551
1267.601203
1267.917251
1268.059341
1268.454605
1268.642693
1268.736901
1269.099643
1269.110702
1269.112914
1269.157970
1269.184307
1269.190492
1269.231944
1269.467423
1269.550449
1269.681521
1271.114179
1271.116800
1271.362028
1271.443251
1271.541842
1271.565476
1271.571374
1271.768556
1272.006533
1272.031027
1272.100823
1272.131830
1272.415068
1272.454881
1273.155338
1273.204572
1273.661030
1273.672458
1273.746596
1274.419282
1274.756055
1276.041708
1276.357386
1276.894454
1277.110313
1277.140337
1277.339812
1277.368771
1277.371597
1277.374177
1277.381345
1277.535887
1277.570785
1277.778043
1278.522941
1279.426806
1279.678996
1280.139346
1280.478331
1280.847954
1281.045135
1281.323868
1281.559429
1281.565082
1281.731297
1282.681119
1282.734572
1285.388780
1285.407252
1285.626552
1286.612050
1287.306813
1287.417405
1287.684792
1287.703552
1287.863788
1288.573747
1288.642273
1289.130435
1289.472860
1290.363412
1290.471424
1290.479780
1290.914243
1291.500052
1291.762483
1291.877581
1292.724470
1293.101056
1293.714924
1293.818348
1294.221558
1295.050015
1295.056200
1295.058616
1295.724667
1295.799910
1296.117146
1296.380436
1296.605266
1297.559634
1298.080031
1298.749112
1299.047260
1299.217572
1299.274465
1299.481723
1299.951084
1300.700283
1300.945920
1301.535826
1302.247956
1303.731405
1304.109875
1305.760645
1306.469908
1306.661478
1306.792632
1306.955981
1309.268419
1310.181663
1310.411981
1310.436925
1310.554071
1310.669373
1310.973420
1310.981284
1311.379005
1311.625748
1311.854182
1311.860695
1312.201032
1312.903823
1313.083310
1313.158799
1313.167852
1313.731707
1314.671821
1315.761725
1316.449853
1316.454851
1316.538491
1318.147932
1318.343762
1318.384148
1318.452306
1319.308329
1319.939154
1319.978557
1320.452014
1320.565187
1321.140838
1321.259008
1321.976095
1322.025370
1322.241556
1323.036590
1323.338793
1323.652506
1323.986452
1324.435333
1326.097736
1326.421852
1326.949990
1327.297946
1327.617352
1327.819899
1328.897843
1329.236091
1329.288847
1329.493729
1329.774141
1330.260951
1330.362696
1330.512159
1330.622013
1330.623570
1330.960138
1331.079045
1331.865846
1332.075602
1332.737106
1333.353349
1333.530501
1333.637530
1333.795512
1334.477742
1334.719078
1335.925637
1336.027382
1336.347116
1336.777400
1337.544581
1337.798492
1338.302587
1339.043512
1339.950244
1340.284273
1340.288942
1340.705260
1340.971090
1341.521879
1341.523886
1341.526016
1341.529047
1341.532979
1342.059930
1342.107402
1342.953349
1343.821865
1343.842386
1343.918490
1343.997542
1344.485581
1344.798597
1344.965181
1345.102029
1345.172480
1345.277174
1345.412547
1345.493074
1346.133279
1346.137743
1346.145157
1346.215281
1346.218230
1346.241413
1346.360771
1346.646712
1347.092152
1347.373220
1347.607224
1350.419374
1350.447882
1350.585016
1350.934405
1351.078871
1351.282196
1351.285596
1351.560643
1352.483062
1353.177907
1353.345556
1353.473556
1354.114253
1354.123346
1354.391962
1354.410967
1354.836582
1355.256136
1355.501322
1355.585700
1356.054487
1356.126904
1356.493251
1356.527944
1356.593562
1357.378724
1357.561815
1358.933279
1359.665971
1361.571676
1362.054103
1362.061599
1362.359009
1362.481848
1362.938880
1364.152893
1364.433428
1365.074125
1365.196349
1365.244191
1365.363507
1365.496832
1365.581947
1366.360760
1366.582845
1366.699704
1367.083622
1367.086940
1367.778673
1367.881482
1367.982080
1368.077271
1368.565064
1369.037414
1369.136538
1369.254871
1369.424814
1369.452012
1369.723372
1370.277233
1370.664919
1371.787346
1373.160653
1373.194568
1373.972726
1374.501233
1374.900756
1375.067341
1375.847997
1375.853896
1376.080814
1376.087081
1376.316580
1376.560783
1376.797532
1377.741046
1377.783316
1378.023137
1378.076795
1378.494259
1378.632909
1378.766725
1378.794578
1378.820137
1378.822226
1378.828820
1379.438920
1380.520305
1380.658708
1381.181809
1381.604966
1381.813084
1382.262047
1382.328730
1382.340977
1382.548152
1382.554993
1382.557368
1382.892462
1384.406344
1385.076613
1385.133629
1385.247498
1385.272771
1385.347645
1385.459098
1385.515213
1385.778872
1386.086932
1386.695107
1387.087749
1387.304919
1388.171796
1388.310282
1388.619817
1389.497139
1389.823754
1389.845135
1389.959619
1390.320353
1391.315968
1391.740232
1391.793725
1391.930163
1392.573850
1392.593101
1393.695007
1394.025554
1394.661089
1394.874081
1395.038618
1396.267786
1396.410696
1396.767949
1397.063967
1397.273805
1397.596160
1397.875999
1398.225142
1398.506250
1398.853386
1399.682253
1399.895245
1400.621466
1400.728330
1400.836547
1401.334211
1401.544458
1401.795625
1402.023649
1402.285343
1402.738934
1403.050885
1404.258673
1404.982559
1406.678467
1407.405425
1407.448515
1407.455437
1409.352827
1409.466409
1409.573642
1411.417252
1411.649085
1411.901071
1412.068188
1412.284621
1412.409549
1413.131264
1414.840074
1415.368499
1415.400653
1418.613064
1418.674504
1419.391468
1419.536507
1420.052562
1420.293079
1421.917389
1422.140580
1422.352876
1422.464696
1422.777344
1423.165645
1423.781192
1424.844759
1425.119109
1425.648148
1425.867817
1425.941217
1426.155192
1426.825216
1427.782779
1427.930890
1428.296212
1429.389844
1429.604270
1429.694546
1430.251848
1430.357524
1430.693233
1431.029309
1431.475569
1431.533076
1431.817789
1432.532173
1433.138708
1433.295094
1433.335112
1433.370993
1433.603604
1435.150008
1435.292099
1435.566735
1435.574682
1436.746998
1437.250683
1437.339484
1438.200095
1438.340096
1438.701363
1439.676375
1439.827436
1440.483164
1440.999956
1441.278198
1441.455186
1441.608172
1442.776883
1443.597967
1443.623526
1443.976069
1444.453294
1444.609188
1444.810834
1444.822139
1444.824433
1444.834017
1444.840407
1445.073224
1445.959148
1446.028534
1446.032179
1446.568387
1446.689055
1446.934159
1447.032709
1447.423508
1448.174264
1448.733286
1449.227551
1449.401999
1449.883566
1450.037903
1450.373120
1450.449715
1452.117361
1452.911452
1452.997591
1453.082542
1453.857300
1454.071767
1454.104822
1454.114980
1454.384579
1454.884045
1455.852175
1456.573235
1456.581878
1456.585032
1457.946132
1458.171945
1458.441667
1459.150971
1461.560975
1461.605827
1462.749061
1462.782444
1462.974177
1463.028777
1463.414989
1463.438623
1463.456031
1465.238077
1466.569277
1467.094794
1468.787630
1469.693747
1470.751334
1471.183053
1471.300854
1471.651267
1471.678751
1472.145654
1472.244408
1472.671375
1472.731546
1473.463788
1477.101896
1477.884600
1478.566912
1478.639411
1478.811075
1478.964961
1479.618191
1480.475197
1481.029181
1481.935258
1481.955287
1482.380288
1483.020534
1483.554202
1483.876639
1484.797583
1485.112771
1485.135094
1485.297091
1485.944832
1486.446428
1486.965883
1487.093105
1487.239250
1487.265710
1487.846932
1488.093389
1488.118538
1488.655770
1489.463624
1489.488814
1489.506509
1490.005361
1490.925814
1490.952069
1492.374118
1492.381041
1492.395008
1492.423025
1492.472218
1492.536238
1493.366129
1493.438996
1493.470986
1493.660385
1493.802762
1496.403190
1498.130842
1498.136986
1498.139197
1498.164797
1498.332979
1498.338222
1498.449060
1498.466058
1498.638664
1498.945536
1498.979820
1499.146936
1499.220869
1499.434639
1499.575214
1499.688632
1499.719188
1500.296561
1501.228524
1501.685391
1501.908951
1502.044242
1502.124646
1502.375690
1502.561608
1503.098757
1504.112026
1504.120545
1504.160195
1504.343491
1504.925655
1504.931226
1505.387069
1506.297160
1506.720031
1507.975373
1508.578632
1508.728259
1508.857897
1508.882063
1509.876777
1509.961277
1510.114509
1510.133105
1510.140355
1510.591037
1510.642196
1510.688072
1510.720635
1510.823690
1511.542825
1511.719199
1511.842365
1511.870095
1512.001782
1512.378819
1512.645550
1512.685814
1513.473843
1513.540690
1513.546097
1513.825935
1514.477322
1515.051581
1515.110769
1516.111954
1516.228116
1516.655043
1517.045432
1517.089792
1517.096182
1517.098680
1517.769073
1517.868442
1518.198211
1518.282465
1518.329938
1518.339768
1518.386094
1518.590444
1518.779924
1519.628780
1520.084091
1520.271811
1524.719821
1525.205770
1525.340692
1525.366497
1525.385748
1525.880504
1525.999944
1526.383329
1526.537994
1527.452877
1527.702159
1527.771300
1528.037704
1528.244552
1528.429814
1528.842691
1528.853832
1529.190892
1529.397862
1529.467290
1529.478472
1529.870049
1529.892864
1529.969500
1530.141614
1530.195681
1530.611671
1530.655130
1531.433656
1531.512955
1532.693381
1532.696658
1533.029908
1533.073326
1533.081641
1533.496074
1533.562880
1560.143258
1560.352154
1560.419738
1560.474214
1560.726856
1560.855716
1561.245942
1561.320366
1561.498542
1561.528607
1561.540239
1561.592095
1561.609380
1561.720955
1561.767199
1561.803448
1562.077471
1562.504970
1562.573455
1562.621256
1562.678108
1562.728735
1562.836910
1562.970890
1563.572756
1563.790950
1563.834778
1563.943854
1564.799549
1565.022945
1565.213041
1565.777756
1566.032404
1566.111334
1566.119895
1566.123418
1566.131528
1566.157947
1566.210826
1566.232535
1566.257275
1566.291599
1566.321705
1566.370365
1566.471537
1566.509220
1566.522778
1566.559846
1566.610432
1566.733844
1566.747361
1566.753669
1566.758748
1566.960517
1567.060705
1567.628452
1567.934177
1568.004260
1568.033751
1568.041329
1568.043827
1568.047022
1568.259441
1568.783319
1568.947036
1570.723430
1571.915080
1572.533821
1572.653711
1572.786708
1572.896358
1573.221171
1573.488067
1573.495194
1573.612012
1573.821071
1573.931909
1574.795960
1574.924575
1575.436780
1576.253891
1576.472535
1576.769085
1577.435873
1578.116260
1578.251141
1578.850263
1578.933043
1579.282022
1579.393024
1579.606712
1580.867707
1581.043958
1581.990011
1582.291763
1583.068119
1583.282340
1583.361679
1584.261202
1584.383508
1584.493486
1585.221427
1585.574584
1586.640527
1587.026412
1587.316736
1587.347907
1587.471606
1588.509655
1588.633518
1590.957834
1593.216573
1594.071572
1594.073539
1594.824581
1595.584553
1595.618632
1595.809587
1595.835843
1596.170076
1596.213043
1597.313106
1597.614244
1598.504059
1598.914519
1599.261000
1599.354962
1599.837757
1599.992709
1600.457605
1600.873595
1601.316291
1601.898455
1602.179031
1602.198979
1602.660065
1602.983117
1603.149373
1603.266519
1603.566019
1603.662930
1604.417413
1604.447724
1604.603658
1604.616151
1604.746895
1604.982784
1605.165875
1605.357036
1605.944115
1606.505759
1606.888120
1606.917775
1607.619830
1607.768146
1607.884186
1607.928791
1608.102748
1608.136663
1608.546918
1608.915968
1608.931738
1609.568625
1610.312212
1610.557768
1610.619126
1611.044659
1611.972567
1612.435743
1614.019666
1614.130258
1614.168760
1614.531789
1614.783160
1614.919475
1615.211397
1615.308882
1615.448064
1615.712092
1615.729418
1616.028467
1616.173097
1616.234578
1616.236462
1616.821207
1617.173094
1617.739735
1617.777705
1617.948017
1619.043410
1619.099116
1619.546194
1619.740426
1619.991020
1620.873339
1620.931543
1621.469716
1621.698683
1621.710807
1621.713101
1621.719245
1622.365061
1622.451036
1622.585467
1622.960333
1623.014605
1623.061135
1623.134700
1623.300915
1623.445668
1623.897866
1623.933665
1624.754586
1624.829624
1625.192817
1625.765847
1625.789972
1626.760151
1627.200799
1627.255603
1627.401011
1627.614740
1628.713984
1628.888883
1629.196206
1629.769441
1629.854679
1630.031340
1630.515241
1630.702019
1630.753178
1630.800650
1630.953800
1631.499674
1631.509422
1631.980134
1631.986401
1631.989965
1632.141763
1632.365240
1633.107845
1633.111286
1633.309532
1633.906770
1634.323415
1634.423972
1634.560000
1634.976276
1635.463741
1635.478036
1635.480781
1635.797893
1635.962716
1635.980329
1635.984507
1636.325212
1636.341064
1636.343685
1636.347331
1636.570235
1636.876083
1637.012931
1637.181768
1637.567570
1637.725225
1637.762908
1638.136300
1638.291046
1638.534390
1638.734397
1638.979994
1639.233782
1639.859487
1639.967334
1640.124703
1640.648335
1640.761631
1641.001820
1641.148948
1641.171722
1641.548677
1641.929523
1642.949345
1643.113841
1643.141079
1643.381187
1643.791237
1644.460564
1644.625715
1644.770591
1644.966257
1645.003162
1645.017375
1645.115843
1645.141115
1645.246792
1645.279805
1645.294551
1645.331456
1646.006518
1646.251336
1647.078400
1647.658148
1648.104489
1648.646021
1648.707052
1648.724132
1649.557053
1649.965670
1650.142577
1650.318787
1650.456412
1651.009413
1651.405660
1651.527229
1651.654410
1651.677676
1651.684229
1651.689144
1651.691520
1653.089116
1653.474918
1653.616067
1654.096323
1654.464348
1654.906184
1655.421133
1655.790961
1655.951688
1656.507761
1657.406177
1657.612698
1657.674424
1657.952502
1658.299023
1658.383974
1658.637148
1658.804265
1659.114086
1659.508859
1659.616051
1659.699937
1659.990508
1660.481905
1660.641853
1660.846039
1661.652951
1661.995991
1662.352466
1662.370570
1662.490051
1663.173509
1663.198495
1663.856312
1664.352829
1665.434132
1665.817149
1666.221343
1666.468332
1666.925568
1667.200614
1667.208724
1667.842826
1667.911721
1668.160020
1668.911555
1669.225718
1669.408563
1669.601075
1669.920850
1669.924782
1670.068306
1670.291661
1671.305011
1672.199496
1672.425062
1672.546796
1672.728740
1673.339208
1673.353421
1673.770271
1674.249134
1675.025367
1676.501975
1676.564357
1676.574433
1676.578611
1676.819374
1676.846735
1677.256131
1677.603881
1677.634355
1677.978051
1678.164091
1678.282015
1678.473585
1678.483087
1678.585119
1678.716396
1678.874255
1678.946755
1679.141151
1679.974359
1680.786801
1681.150525
1681.209016
1681.231790
1681.373594
1681.472799
1682.089124
1682.476851
1682.757263
1682.765251
1683.508019
1684.069048
1684.286669
1684.520755
1684.610335
1684.677878
1684.678656
1684.726743
1685.203640
1685.210071
1685.214495
1685.318615
1685.334262
1685.427978
1685.479875
1685.664891
1685.724570
1686.371164
1686.560072
1686.820577
1687.156654
1687.166607
1687.235953
1687.361782
1687.489290
1687.652925
1688.786125
1689.099264
1689.515295
1689.563013
1689.832858
1690.133791
1690.440049
1690.452951
1690.478674
1690.616586
1690.628383
1691.010417
1691.076444
1691.124163
1691.131085
1691.155661
1691.160330
1691.805942
1691.819950
1692.104663
1692.293652
1692.720824
1692.913910
1693.349970
1693.450691
1693.517906
1693.942538
1694.081802
1694.213652
1694.261330
1694.490952
1694.594089
1694.673633
1694.681825
1694.738186
1694.757437
1694.958428
1695.241175
1695.249367
1695.336980
1695.387279
1695.421358
1695.816622
1696.006758
1696.211149
1696.554967
1696.643809
1696.947692
1697.044439
1697.108623
1697.351434
1697.558405
1697.638277
1697.947443
1697.958093
1698.930852
1699.294863
1699.442115
1699.978035
1699.981517
1700.351345
1700.379156
1700.603085
1700.708311
1700.751319
1701.014733
1701.097349
1701.155635
1701.386527
1701.421875
1701.651988
1701.683487
1701.772861
1701.798052
1702.043689
1702.246523
1702.259794
1702.525501
1702.694257
1702.915809
1702.962790
1703.558349
1703.624704
1703.705723
1704.116511
1704.338391
1704.356250
1704.591933
1704.945664
1705.383444
1705.440379
1705.572311
1706.024264
1706.665574
1706.874470
1707.175567
1707.291361
1707.298693
1707.890033
1708.138414
1708.328182
1708.475433
1708.685804
1709.149061
1709.298115
1709.363773
1709.649306
1710.437335
1711.420047
1711.574630
1711.751578
1712.017777
1712.071926
1712.392397
1712.425943
1712.428769
1712.440934
1712.739123
1712.750387
1713.016627
1713.053860
1713.076224
1713.284096
1713.291551
1713.620500
1713.673257
1713.875476
1714.122752
1714.514575
1715.437486
1715.469885
1715.875553
1715.980370
1716.021535
1716.281180
1716.597473
1716.695122
1717.120942
1717.905449
1718.015754
1718.683075
1718.731612
1719.089521
1719.128515
1719.203881
1719.625728
1719.633715
1719.927316
1720.261591
1720.347853
1720.673853
1720.878039
1721.163899
1722.309591
1722.776576
1723.275387
1723.299308
1723.513651
1723.701821
1723.785871
1724.723159
1724.892242
1725.010043
1725.097001
1725.181542
1725.646438
1725.871555
1726.231921
1726.727332
1727.732613
1727.833375
1727.900590
1728.178053
1728.267715
1729.479926
1729.760010
1730.792202
1730.952110
1730.968289
1731.046072
1732.077732
1732.096860
1732.844421
1732.864451
1732.984340
1732.991017
1733.429125
1733.623890
1734.543237
1734.637404
1734.849085
1735.145431
1736.333476
1736.591811
1736.609178
1736.770028
1736.958075
1737.151037
1738.356982
1738.451272
1739.008328
1739.136819
1739.411988
1739.612406
1739.774484
1739.961713
1739.989402
1742.220124
1742.284759
1742.694932
1743.512945
1743.763169
1743.812813
1743.995331
1744.356557
1745.495245
1745.899274
1746.466406
1747.178783
1747.211223
1747.500155
1747.932488
1747.994337
1748.133888
1748.252426
1748.696269
1748.972462
1749.194015
1749.558067
1749.708595
1749.887631
1750.158377
1750.619996
1750.734889
1750.948291
1751.825080
1752.439357
1752.450908
1752.624087
1753.601802
1753.707274
1753.736479
1753.838838
1754.269327
1755.012506
1755.176141
1755.316306
1755.603313
1755.906335
1756.922880
1757.409034
1757.620552
1757.771366
1757.822075
1757.988127
1758.000169
1758.583808
1758.598963
1758.749573
1760.079913
1760.083108
1760.413614
1760.752886
1760.789463
1760.812360
1761.001308
1761.032479
1761.758700
1762.719785
1763.524690
1763.593216
1764.431708
1764.889969
1765.059338
1765.251523
1765.443830
1765.924618
1766.107750
1766.191596
1766.310830
1766.447636
1766.477660
1766.496584
1768.276623
1768.512348
1768.618803
1768.831754
1769.297183
1769.521193
1769.955533
1772.483297
1772.929516
1773.241057
1773.457940
1773.776118
1774.043791
1774.370775
1774.870651
1775.000863
1775.608504
1776.562217
1776.780861
1776.824730
1777.195663
1777.913201
1778.227200
1778.232238
1778.284831
1778.707988
1778.807849
1779.454034
1779.572122
1779.839795
1780.474798
1780.709949
1780.975862
1781.005107
1781.088133
1781.237801
1781.636874
1781.903565
1781.976187
1782.568468
1783.424287
1783.460618
1783.504159
1783.553720
1783.728374
1783.783342
1783.829053
1784.199905
1784.298496
1784.959918
1785.191465
1785.275965
1785.788457
1785.862226
1785.894871
1785.959588
1786.018120
1786.067313
1786.415145
1786.920960
1787.030487
1787.580621
1787.958026
1788.404326
1788.632924
1788.958188
1789.303316
1789.747077
1789.986406
1790.088765
1790.437048
1790.569021
1790.742692
1791.142543
1791.667528
1791.961006
1792.437125
1793.811825
1794.839142
1794.944655
1796.007526
1796.088709
1796.491428
1796.605911
1796.685210
1796.689961
1797.230428
1797.250376
1797.262868
1797.322588
1797.369119
1798.319841
1798.349578
1798.393692
1798.720881
1799.879107
1799.933706
1800.596521
1801.954836
1803.054858
1803.076076
1803.093197
1803.507671
1803.547894
1803.630510
1803.697234
1803.911660
1804.332851
1804.413133
1804.541174
1804.962447
1804.981985
1805.259571
1805.368197
1805.445612
1805.688750
1805.744333
1805.817364
1806.634148
1807.532892
1807.680594
1807.771689
1808.255713
1808.418857
1808.509379
1809.172152
1809.303060
1810.315469
1810.360730
1810.429624
1810.885140
1811.304448
1811.304980
1811.672392
1812.127621
1812.161454
1812.819927
1813.045248
1813.459927
1813.475205
1813.533532
1813.967544
1814.327337
1814.630154
1815.067156
1815.545651
1815.547986
1816.066089
1816.274739
1816.419779
1816.839537
1817.207071
1817.398436
1817.785917
1817.972490
1819.802952
1820.233646
1820.327322
1820.999557
1821.302088
1821.592412
1821.594132
1821.687972
1821.700628
1821.884375
1822.047437
1822.123418
1823.215575
1823.309373
1823.482962
1823.856804
1823.930409
1824.126648
1824.701153
1824.866263
1824.957112
1825.513390
1825.519903
1825.720934
1826.215444
1826.321162
1826.716221
1828.033044
1828.565893
1829.305426
1830.149857
1830.209741
1831.090463
1831.338762
1831.457014
1831.583171
1831.708549
1832.915313
1833.349857
1833.741476
1834.275799
1834.384671
1834.404741
1834.779075
1834.877460
1835.289600
1835.610112
1836.233769
1836.758098
1836.852634
1836.886344
1836.969738
1837.096632
1837.099377
1837.317366
1837.337887
1837.488292
1837.903380
1837.966336
1837.969981
1837.972439
1838.277386
1838.376837
1838.407557
1838.710784
1838.927135
1838.941757
1839.365407
1839.901491
1840.177807
1840.233472
1840.308470
1840.473825
1840.484311
1840.669041
1840.694395
1840.777134
1841.089700
1841.327350
1841.364992
1841.512817
1841.630577
1841.660641
1841.795236
1842.241044
1842.587894
1843.013100
1843.081544
1843.262382
1843.352740
1843.504660
1843.731579
1843.870351
1844.274627
1844.497367
1845.303214
1845.981757
1846.380175
1847.050076
1847.193600
1847.464346
1847.575060
1847.582106
1847.752294
1847.957299
1848.364933
1848.742789
1848.815698
1848.848261
1849.019187
1849.296118
1849.393029
1849.466552
1849.674465
1850.968023
1851.732214
1851.768832
1852.347515
1852.703007
1853.220495
1853.784310
1854.176133
1854.288773
1854.334484
1854.475633
1854.948229
1855.775498
1855.854551
1856.062177
1856.809697
1858.357412
1858.463949
1858.818294
1858.842092
1858.928763
1858.998723
1859.136184
1859.225354
1859.233669
1860.312351
1860.620861
1861.182587
1861.252055
1861.456241
1861.689672
1861.760819
1861.787689
1862.375055
1863.013376
1863.890166
1864.070472
1864.196301
1864.342651
1864.538112
1865.035039
1865.487319
1865.517138
1865.825772
1866.380780
1866.987848
1867.338465
1867.715584
1867.725251
1868.474491
1869.364019
1869.794796
1869.990380
1870.315848
1870.500250
1871.573893
1872.196321
1872.297411
1873.076838
1873.085972
1873.088348
1873.092526
1873.490084
1873.523835
1873.796547
1874.048860
1874.644787
1874.920571
1875.058647
1875.224453
1875.568558
1876.227727
1876.391567
1876.552868
1876.576543
1876.593787
1876.715110
1877.389394
1877.414994
1877.731860
1877.905080
1877.928714
1878.279660
1878.367232
1878.396846
1879.731610
1880.113357
1880.424530
1880.459715
1880.762409
1881.234186
1881.407365
1881.475645
1881.616056
1881.680486
1881.740902
1881.800991
1881.974702
1882.532823
1882.610934
1882.914365
1883.058094
1883.477975
1884.150743
1886.615101
1887.538463
1887.742812
1887.972475
1888.101376
1889.042637
1889.431634
1889.607967
1889.719828
1889.955185
1891.017277
1891.143639
1891.155108
1891.243827
1891.406848
1891.556393
1894.706012
1894.807839
1894.938214
1895.258767
1896.088166
1896.278630
1896.515092
1896.524268
1896.949023
1896.993096
1897.378775
1897.482568
1897.535816
1897.716449
1897.951928
1898.098606
1898.718208
1899.026227
1899.168399
1899.196621
1899.554324
1899.708129
1900.087419
1900.122317
1900.132844
1900.135178
1900.141691
1900.153569
1900.254781
1900.273295
1900.588278
1901.993411
1902.171628
1902.653440
1902.706729
1903.476285
1903.543951
1903.714591
1904.446177
1904.562258
1904.592732
1904.687022
1905.512366
1906.464850
1906.785485
1906.797240
1907.441951
1907.666698
1908.325908
1908.908810
1909.891318
1909.965210
1910.240133
1910.287196
1910.294241
1910.432563
1910.485934
1910.507889
1910.595994
1910.858220
1911.085711
1911.939400
1912.199496
1912.262410
1913.121300
1913.156526
1913.310577
1914.377421
1914.581524
1914.613719
1914.665247
1915.159798
1915.281121
1915.610317
1915.662623
1915.744297
1916.173025
1916.202762
1916.222587
1916.589629
1917.283779
1917.563412
1918.001848
1918.544323
1918.694564
1919.102116
1919.165932
1919.678382
1919.700541
1919.813550
1920.181862
1920.396534
1920.408740
1920.632668
1920.693330
1920.706601
1920.758907
1923.029115
1923.128279
1923.420447
1923.494748
1923.693322
1923.728056
1923.968737
1923.979510
1923.981967
1923.984753
1923.987948
1924.238909
1924.278518
1924.372029
1924.740506
1925.499945
1925.970125
1926.004900
1926.530171
1926.532137
1926.543811
1926.737224
1927.041843
1927.085629
1927.193928
1927.377592
1927.440302
1927.744635
1928.443249
1928.457748
1928.691876
1929.181020
1929.338552
1930.072924
1930.745528
1930.915267
1931.515945
1931.794309
1932.946063
1933.018726
1933.388595
1933.467484
1933.541581
1933.671014
1934.123622
1934.331986
1934.684611
1935.496602
1935.620915
1935.965676
1935.987835
1936.352748
1936.387400
1936.940810
1937.104978
1937.211433
1937.266074
1937.734861
1938.049311
1938.651750
1939.313213
1939.756810
1939.771187
1939.879117
1940.443955
1940.516577
1941.077565
1941.316649
1941.837332
1942.176932
1942.573302
1942.977946
1943.365222
1943.424000
1943.908065
1944.272609
1944.459715
1945.426166
1946.112983
1946.256630
1946.692813
1946.825851
1947.977073
1948.377539
1948.576276
1950.452695
1950.582252
1950.728438
1951.082373
1952.086548
1952.653435
1952.994222
1953.005404
1953.007698
1953.010196
1953.585316
1953.634877
1953.805394
1954.138071
1954.329027
1955.235512
1955.253412
1956.404142
1956.526080
1957.083464
1957.449605
1957.916058
1958.277571
1958.280847
1958.607340
1958.672548
1958.991831
1959.003054
1959.005348
1959.037583
1959.071416
1959.148093
1959.825818
1959.922524
1959.954801
1959.989043
1960.281088
1960.856330
1960.987566
1962.291077
1962.341499
1962.620641
1963.183145
1963.322982
1963.934966
1964.497224
1964.659425
1964.990095
1964.992512
1965.106299
1965.212836
1965.280420
1965.594173
1965.847552
1966.151393
1966.204600
1968.730890
1969.788477
1970.090066
1970.914427
1970.997658
1971.082650
1971.279503
1971.487744
1971.943997
1972.492411
1973.815542
1974.164439
1974.759834
1976.022835
1977.578045
1979.484324
1979.573084
1979.885240
1981.012746
1981.041787
1981.474243
1981.621412
1982.095155
1982.131773
1982.334484
1983.120548
1983.400550
1983.501189
1983.572378
1983.770501
1983.854920
1984.070083
1984.282132
1984.326533
1985.326531
1986.020475
1986.466816
1986.715156
1987.559997
1987.574211
1987.591619
1987.681935
1987.788677
1987.984220
1989.647770
1990.851912
1991.166239
1991.171604
1991.659561
1991.788421
1991.945421
1992.444477
1993.448448
1993.882460
1994.122936
1994.305782
1994.449551
1994.593690
1994.919731
1995.076813
1995.450778
1995.613430
1995.808604
1996.365292
1997.111050
1997.191209
1997.241672
1999.208120
1999.343616
1999.350661
1999.628370
1999.839068
2000.407020
2000.509133
2000.536371
2001.271931
2001.551688
2001.563525
2001.872691
2002.151178
2002.184397
2002.564833
2002.876744
2002.992128
2003.212616
2003.266560
2003.428721
2004.575478
2004.977172
2005.326275
2006.356337
2006.600172
2008.449393
2009.015869
2009.426493
2009.751634
2010.217472
2010.311229
2011.044987
2011.866112
2012.068618
2012.483297
2012.588278
2012.737413
2012.829041
2013.927588
2014.356234
2015.425741
2015.613460
2016.307036
2016.523018
2016.545055
2016.753418
2016.898089
2017.006592
2017.342874
2017.359790
2018.137825
2018.569175
2018.760417
2019.169075
2019.639419
2019.939533
2020.148347
2020.403651
2020.488929
2020.653056
2020.960502
2021.116109
2021.815951
2022.046147
2022.145188
2022.590751
2022.675743
2022.677709
2022.926787
2023.101112
2023.148872
2023.405281
2023.848591
2024.602993
2025.801032
2026.088571
2026.093527
2026.140877
2026.684785
2027.713249
2027.744051
2027.871969
2027.876557
2027.881841
2028.092662
2028.363571
2028.835758
2029.104824
2029.226435
2029.888061
2030.439956
2030.712463
2031.733842
2031.940076
2032.948511
2034.088018
2034.528788
2035.706143
2036.441948
2036.461527
2036.659241
2036.893942
2037.257380
2037.554995
2037.868093
2037.938463
2038.588293
2038.856663
2038.864609
2038.866862
2038.867149
2038.870630
2039.063552
2039.209697
2039.284982
2039.363994
2039.461233
2039.558636
2039.886070
2040.182170
2040.915763
2041.195069
2041.212559
2041.224520
2041.844122
2041.902326
2041.983263
2042.212229
2043.349238
2043.360133
2043.598848
2044.561285
2044.686254
2045.248184
2045.432054
2045.913170
2045.924393
2046.224589
2046.236344
2046.713815
2047.179448
2047.735316
2047.875809
2048.122593
2048.500859
2049.052508
2049.299210
2049.710531
2049.724170
2049.735557
2050.170388
2050.993971
2051.228344
2051.373793
2051.675996
2052.519977
2052.930437
2053.804196
2054.126510
2054.299853
2054.517309
2054.608200
2054.763807
2054.834627
2054.976225
2055.893320
2056.547410
2056.979579
2057.547284
2057.720668
2058.358292
2059.523686
2059.538227
2059.639849
2059.800044
2060.137021
2060.291686
2060.356690
2060.525937
2060.650865
2060.949217
2060.995707
2061.266043
2061.269197
2061.831987
2061.885522
2062.575002
2062.763663
2062.779720
2063.003853
2063.640822
2063.895511
2064.112353
2064.135414
2064.184852
2064.889856
2065.333740
2065.621975
2066.400420
2066.808627
2066.973164
2067.195945
2067.414303
2068.310508
2068.521247
2069.265777
2069.548687
2069.796987
2069.810463
2069.865472
2070.030377
2070.725837
2070.847652
2071.047455
2071.878369
2072.377057
2072.472535
2072.665293
2072.874721
2072.923791
2073.426862
2073.673687
2074.180076
2074.474496
2074.649846
2074.661069
2074.677821
2075.080950
2075.083612
2075.445289
2075.707351
2075.738112
2075.770593
2075.904451
2075.909120
2076.708250
2076.722954
2076.726313
2076.729631
2077.754122
2077.816095
2077.862789
2078.180434
2078.319124
2078.438113
2080.797409
2080.899932
2080.968172
2081.024410
2081.293640
2082.008187
2082.040627
2082.088591
2082.660024
2082.708357
2082.852291
2083.256074
2083.465667
2083.774341
2084.075069
2085.616230
2085.665874
2085.714739
2085.880996
2085.916918
2085.988065
2086.753116
2087.005880
2087.022387
2087.026033
2087.180124
2087.231037
2087.258808
2087.805788
2087.818199
2087.986668
2088.095498
2088.251884
2088.264294
2088.306319
2089.004319
2089.638461
2090.098647
2090.178847
2090.620641
2090.962698
2091.124122
2091.918336
2092.201533
2092.675318
2092.709274
2093.252813
2094.489354
2095.920701
2096.118252
2096.723354
2096.766157
2096.785449
2097.104773
2097.171702
2097.471611
2097.684685
2097.963663
2099.187057
2099.216097
2099.286753
2099.819110
2099.868836
2100.426834
2100.429660
2101.068349
2101.332787
2101.437932
2101.637038
2101.690491
2101.712036
2101.717811
2101.721006
2102.519398
2102.547251
2102.598042
2102.624952
2104.105206
2104.246682
2104.439972
2104.699781
2104.968069
2105.143747
2105.948570
2106.490266
2106.609746
2106.621256
2106.624532
2106.634322
2107.089510
2107.272929
2107.320566
2107.484365
2108.239421
2108.592701
2108.717711
2109.141852
2109.438935
2110.051656
2110.403256
2110.625300
2112.067379
2112.199229
2112.985006
2113.095967
2113.103053
2113.109688
2113.113252
2113.233428
2113.418117
2113.425940
2113.428234
2113.757389
2113.778033
2113.780285
2114.031739
2114.047631
2114.494382
2115.501507
2115.652198
2116.418437
2116.455793
2116.513096
2116.890747
2118.040822
2118.068429
2118.239764
2118.465208
2118.745457
2118.814188
2119.071539
2119.741276
2119.787889
2119.841628
2120.714772
2120.717844
2120.988344
2121.577185
2121.620070
2121.917481
2122.106798
2122.188923
2122.300088
2122.999931
2123.081892
2124.469944
2125.195756
2125.213696
2125.586760
2125.590610
2125.598761
2125.685146
2125.953475
2125.973463
2126.326333
2126.667080
2126.874542
2126.901617
2127.481651
2127.786516
2127.832064
2128.316170
2128.373268
2128.675799
2128.815227
2129.038336
2129.109238
2129.219543
2129.287004
2129.482752
2129.638605
2129.832346
2129.988567
2130.741494
2130.817638
2131.494380
2131.748782
2131.763364
2132.213146
2132.222607
2133.243044
2133.492244
2133.579489
2133.700076
2134.542131
2135.749591
2135.815660
2135.893729
2136.190075
2136.852685
2136.913592
2136.977162
2137.187287
2137.435054
2137.684419
2137.720177
2137.945907
2138.076774
2138.828431
2139.163689
2139.986125
2140.616622
2140.629197
2140.634726
2141.228442
2141.385728
2141.775340
2142.189199
2142.343496
2142.550835
2142.723400
2142.800159
2142.837228
2142.871962
2142.945198
2143.053619
2143.162900
2143.438766
2143.630254
2143.736013
2143.892808
2144.404275
2144.784589
2145.007084
2145.167073
2145.196483
2145.868104
2147.174973
2147.621028
2147.715727
2148.916716
2150.003671
2150.266348
2150.375956
2150.678938
2151.489618
2151.536148
2151.995474
2152.521032
2153.481953
2153.742131
2154.113556
2154.618266
2154.917929
2155.059528
2155.390403
