51.652035
51.887391
55.200809
58.224722
58.527949
58.793820
59.366564
59.509391
59.693220
60.041708
60.115681
60.173722
60.264120
60.313477
60.344689
60.347965
60.351078
60.441682
60.502630
60.909486
60.916531
60.919030
60.997714
61.084877
61.194363
61.401498
61.604741
61.663764
61.770465
62.149263
62.221722
62.256292
62.313923
62.358815
62.410383
62.503404
62.790451
62.800896
62.829896
62.838907
62.895473
62.949376
63.024620
63.157125
63.386788
63.436227
63.495619
63.541944
63.560008
63.603630
63.671665
63.813632
63.870689
63.911363
63.980995
64.058532
64.113910
64.176701
64.230195
64.285901
64.397435
64.406405
64.661832
64.666747
64.669491
64.768614
64.834683
64.882196
64.945848
65.045217
65.194271
65.290568
65.334723
65.373512
65.381622
65.384161
65.388339
65.496842
65.539686
65.593344
65.624883
65.690788
65.726218
65.784340
65.792082
65.923768
65.960919
66.012242
66.031534
66.038948
66.085519
66.088141
66.160640
66.234286
66.297651
66.321777
66.345902
66.349343
66.564260
66.603500
66.628813
66.653307
66.700739
66.720399
66.812518
66.819195
66.893087
66.964029
67.043492
67.098132
67.204792
67.209052
67.211756
67.275080
67.283763
67.284173
67.286221
67.290522
67.357573
67.363348
67.366134
67.421757
67.483320
67.487007
67.489997
67.575480
67.651625
67.851878
67.858760
67.861504
67.865436
67.868877
67.931750
67.941622
67.965870
67.979018
68.023951
68.061635
68.100956
68.146708
68.173496
68.236288
68.327178
68.428145
68.470989
68.480410
68.483482
68.497613
68.579615
68.599972
68.645683
68.649492
68.654899
68.683817
68.749435
68.867113
68.917248
68.944814
69.016289
69.038162
69.040824
69.043651
69.133967
69.211873
69.301494
69.351178
69.449769
69.679104
69.761597
69.766963
69.796618
69.873459
70.046351
70.431990
70.501376
70.546309
70.632120
70.703514
70.794936
70.808494
70.811116
70.933258
70.977290
71.083500
71.194788
71.383245
71.423140
71.537992
71.541309
71.544381
71.962419
72.027791
72.151777
72.228905
72.265073
72.412856
72.489533
72.546714
72.628429
72.747213
72.815534
73.020826
73.067561
73.090662
73.109955
73.134981
73.232548
73.348465
73.373942
73.683517
73.698140
73.701294
73.704038
73.774408
73.841377
73.880699
73.948733
73.996943
74.087219
74.373857
74.397245
74.412605
74.457702
74.498130
74.513244
74.614538
74.726031
74.911662
74.998129
75.062108
75.208090
75.389993
75.671921
75.785175
75.877294
76.065833
76.361236
76.391916
76.484772
76.528763
76.564398
76.689736
76.994724
77.088399
77.093847
77.168804
77.202227
77.262316
77.319782
77.373112
77.581476
77.585080
77.638656
77.675889
77.699277
77.838746
77.861478
77.914972
78.003118
78.235443
78.336082
78.435615
78.486692
78.553825
78.661140
78.772961
78.901658
79.065580
79.168922
79.464980
79.525151
79.564308
79.584707
79.588803
79.591670
79.599493
79.736504
79.818383
80.143278
80.155484
80.327229
80.385556
80.756122
80.792494
80.869622
80.935649
80.963461
80.987177
81.009091
81.125868
81.137828
81.140531
81.936589
83.064832
83.206717
83.885056
84.211507
84.276183
84.380959
84.507894
84.767007
84.805222
84.834959
84.870062
84.887060
84.890542
84.893041
84.996710
85.327667
85.348925
85.395661
85.401149
85.414502
85.427978
85.431910
85.461934
85.472870
85.478605
85.503508
85.518582
85.608612
85.622333
85.643346
85.646131
85.667512
85.688525
85.724201
85.732598
85.767660
85.770527
85.798052
85.847040
85.883290
85.948785
86.063227
86.972211
86.990029
86.992855
86.995640
87.015219
87.019766
87.055974
87.059333
88.373453
88.555438
88.904950
88.990228
89.002189
89.506980
89.594184
89.798779
90.261668
90.521559
90.616054
90.887168
90.969948
91.003863
92.978504
93.076726
93.159424
93.203661
93.535764
94.138204
94.618911
94.632509
94.665687
94.686700
94.689362
94.710743
94.714143
94.740890
94.775009
94.788526
94.814249
96.130826
96.830464
97.447363
97.546609
97.649582
97.676206
97.754481
98.148844
98.854175
98.939781
99.032842
99.547546
99.599483
101.722235
101.828198
102.050324
102.144901
102.155182
102.167347
102.170010
102.187745
102.190735
102.193562
102.196879
102.206669
102.209372
102.227190
102.234808
102.257746
102.287319
102.314476
103.679181
103.771423
105.306030
105.887375
105.892905
105.923830
106.528317
108.113879
109.415506
109.481738
109.546045
109.686333
109.743022
109.759324
109.761946
109.764813
109.786317
109.790536
109.836698
109.847429
109.874340
109.927055
109.948150
110.086595
110.113178
110.186086
110.278902
110.576353
110.619689
110.631076
110.633820
110.659912
110.668104
110.670643
110.674657
110.717215
110.732534
110.734418
110.768456
110.823219
110.843331
110.846403
110.933770
111.052718
111.805891
111.843123
112.363930
112.977797
113.000325
113.546527
113.951048
114.381578
114.610176
116.117791
116.173332
116.190536
116.232684
117.101650
117.388083
117.614715
117.618033
117.654979
117.772861
117.809644
117.833073
117.854372
117.861212
117.886689
117.921710
117.925274
117.928018
117.979423
118.026322
118.057861
118.629417
118.763889
118.810665
118.909215
119.443046
119.858176
119.885292
120.153457
120.172667
120.481874
120.590582
120.730624
121.044378
121.206374
121.272689
121.378284
121.471386
121.908511
121.978061
122.097213
122.129859
122.621911
122.638909
122.645135
122.659144
122.730537
122.739671
122.742415
122.840556
122.888192
122.978222
123.207967
123.263508
123.304387
123.563991
123.919114
124.180849
124.433162
124.485796
125.439713
125.565665
125.591593
125.672899
126.927340
129.054720
129.109115
129.152614
129.373716
129.436590
129.559716
129.638687
129.761485
129.815839
129.982218
130.476278
130.546893
131.051028
131.061228
131.063644
131.084861
131.089900
131.107676
131.110175
131.138355
131.167683
131.199468
131.294781
131.379610
133.335368
133.797519
133.824512
133.922980
134.034801
134.567936
134.641746
134.985564
135.155876
135.227269
135.355761
135.879434
136.549212
136.798208
136.853545
136.922972
136.938701
136.945541
136.966554
136.969052
137.001042
137.004278
137.006858
137.034260
137.069650
137.085747
137.088410
137.090949
137.097544
137.185362
137.212191
137.214484
138.345144
138.387866
138.446725
139.663852
139.890688
139.956019
139.986412
140.000543
140.003410
140.019180
140.022088
140.070953
140.116541
140.200059
140.512788
140.644516
140.659548
140.662006
140.677325
140.680602
140.719350
140.732170
140.734423
140.748923
140.751585
140.824166
140.898017
142.873027
144.122225
144.257393
144.361513
144.384041
144.424468
144.505078
144.591790
144.694518
144.767468
144.811336
144.921928
145.201848
145.221181
145.228063
145.278198
145.366016
145.408819
145.431060
145.535631
146.253824
146.305352
146.331238
146.385920
146.442691
146.650931
146.770821
146.951086
147.078799
147.914383
148.636713
148.764672
148.799037
148.913889
148.951572
148.965417
148.968120
149.018010
149.020549
149.060936
149.075272
149.131018
149.522760
149.537505
149.540864
149.543485
149.583258
149.618524
149.669315
149.795963
149.829755
149.902172
150.224691
150.268928
150.305300
150.308086
150.310707
150.452019
151.150838
152.072233
152.126915
152.274493
152.345559
153.215263
155.854561
156.444344
156.465111
156.474532
156.479078
156.488294
156.497838
156.621701
156.654715
156.663808
156.666798
156.694692
156.719227
156.736758
156.739092
156.792013
156.809380
156.834611
156.841042
156.843622
157.006152
157.054198
157.861069
159.457731
160.142090
160.330834
160.365322
160.462643
161.356227
161.502454
161.902715
162.495693
162.652897
163.146015
163.439043
163.527270
163.807560
164.655473
164.668580
164.674560
165.035991
165.478932
165.497364
165.503263
165.517558
165.520343
165.561631
165.570232
165.573263
165.608407
165.614961
165.709660
166.512599
167.519437
167.977779
168.053064
168.113521
168.715018
169.305252
169.391350
169.580462
169.629573
171.049083
171.542979
171.728896
171.745608
171.783045
171.789885
171.792589
171.813396
171.816141
171.948155
171.984527
172.056494
172.089917
172.124242
172.202885
172.862177
173.889249
174.260060
174.288814
174.878392
175.462318
176.195297
176.211436
176.234250
176.251453
176.277381
176.285655
176.292864
176.295444
176.339395
176.358072
176.360489
176.362865
176.436716
176.485376
176.574792
176.594493
176.705290
178.447483
178.518630
179.181117
180.099277
180.547379
180.826685
181.296210
181.956239
182.390088
182.507274
183.090586
183.163945
183.210025
183.579402
183.601930
183.609262
183.630029
183.655956
183.680123
183.696138
183.711744
183.723254
183.737139
183.754834
183.767695
183.770153
183.792271
183.795016
183.826227
183.860142
183.990927
184.164721
185.317990
185.381724
185.885286
187.271004
188.539167
189.133414
189.476086
189.901660
190.003569
190.469202
190.481654
190.555259
190.915215
190.934467
190.961705
190.984602
190.991401
190.994268
191.026012
191.047680
191.050260
191.077335
191.142748
191.145574
191.148073
191.207219
191.406162
192.936714
194.152653
194.821407
194.921554
195.652895
195.685949
196.221420
196.814275
197.093827
197.894472
198.009651
198.030213
198.032998
198.075433
198.091244
198.093701
198.096200
198.102958
198.105907
198.112379
198.118400
198.146621
198.150799
198.203556
198.213222
198.215885
198.247465
198.305260
198.350356
198.459269
199.607706
200.190116
200.245617
200.347689
200.842813
200.867226
200.953119
201.572024
202.126950
202.887782
203.548959
203.590369
203.615396
203.995423
204.006523
204.009595
204.081521
204.130632
204.144394
204.170936
204.174377
204.195021
204.209439
204.235858
204.240568
204.243190
204.246385
204.270879
204.364923
204.411372
204.627886
205.181133
205.726024
206.438564
207.083602
208.030269
208.420659
209.158881
209.918362
210.287575
210.955633
211.022479
211.326280
211.369902
211.382436
211.466772
211.548611
211.642778
211.781550
211.875963
211.964068
212.022968
212.137943
212.232847
212.309074
212.474880
212.664238
212.830167
213.021778
213.146173
213.221622
213.604024
213.637325
213.793300
214.007849
214.077604
214.134538
214.162022
214.200402
214.203269
214.230589
214.233334
214.253486
214.263398
214.266921
214.270525
214.304891
214.316319
214.319145
214.372065
214.374892
214.500844
215.004774
215.068017
215.389880
215.796572
215.965819
216.327004
217.279775
217.589268
218.288333
219.103027
219.356733
219.475763
219.678310
219.728650
219.764777
219.789189
219.791606
219.801518
219.805737
219.816182
219.819090
219.834900
219.846984
219.880202
219.883356
219.889582
219.892367
219.902362
219.905352
219.954954
219.957740
219.960689
220.058952
223.055913
224.604406
224.625705
224.688005
224.873226
224.910377
224.943882
224.978248
224.986644
224.998687
225.001267
225.018429
225.021092
225.030472
225.056686
225.080525
225.090355
225.092936
225.134838
225.156465
225.160397
225.162977
225.243300
225.351025
227.340001
227.577897
227.728056
227.931218
228.011868
228.202455
228.577239
228.622172
228.752548
229.280645
229.323858
231.056507
231.087677
231.125852
231.150060
231.152968
231.174595
231.213588
231.221166
231.223951
231.279739
231.312015
231.345234
231.401923
231.666975
231.688847
231.708508
231.727718
231.738450
231.752212
231.805092
231.835607
231.926170
232.118968
232.440218
232.523858
234.595123
235.978588
238.067958
239.248343
239.460147
239.543747
240.706314
240.730276
240.764232
240.975626
240.989266
241.323704
241.326244
241.386291
241.446011
241.457930
241.462272
241.465139
241.754071
241.834189
241.938309
242.278687
242.611937
242.648146
242.657321
242.700820
242.763694
242.776310
242.793841
242.796298
242.825830
242.834964
242.837545
242.840207
242.851881
242.854912
242.860401
242.864128
242.872115
242.919219
242.922168
242.937078
242.986230
243.043942
243.070607
243.100058
243.211387
243.726950
244.424212
244.467343
245.204419
245.871411
246.342083
246.495191
246.622700
247.172383
247.244964
247.336878
247.423918
247.643996
247.722926
247.792968
247.796695
247.799603
247.877468
247.895654
247.903396
247.905935
247.910564
247.913267
247.921705
247.945994
247.948616
247.952548
247.968563
247.993344
247.999693
248.009277
248.025580
248.028365
248.084193
248.100987
248.141865
248.223908
248.359977
248.572600
250.407363
250.479616
250.940744
251.011564
251.820974
252.334039
252.500746
252.907561
252.968387
252.969902
253.188915
253.228401
253.308109
253.374751
253.450854
253.466173
253.524419
253.570417
253.622026
253.637837
253.663887
253.762396
254.075249
254.098555
254.123991
254.137631
254.153605
254.156268
254.196654
254.199276
254.225285
254.296637
254.365409
254.397399
254.454825
254.798684
254.846198
254.849475
257.433887
257.550500
258.789171
260.211958
260.318249
260.327055
260.388864
260.428186
260.451820
260.455178
260.457636
260.531855
260.650394
260.703396
260.739277
260.748534
260.750828
260.772536
260.801290
260.822753
260.825457
260.854661
260.895252
260.920074
260.940472
260.945388
260.947927
261.071462
261.467996
261.735997
261.809070
262.457549
262.534226
263.421542
263.479296
263.505510
263.508746
263.679222
263.695073
263.758930
263.918756
263.960535
264.001454
264.548925
264.605942
264.700477
264.704532
264.847319
266.603520
266.629693
266.689495
266.732790
266.970399
267.168236
267.257324
268.086272
268.209766
268.392038
268.749455
269.325107
269.508444
270.006804
270.200422
270.232986
270.545183
270.693007
271.360942
272.078725
272.457769
272.499958
273.257390
273.847869
274.294129
274.316370
274.344509
274.536325
274.595635
274.615624
275.115131
275.737436
276.075438
276.243907
277.006582
277.054996
277.392097
277.404058
277.436621
277.454029
277.464187
277.470167
277.508506
277.545697
277.564908
277.593375
277.613937
277.639864
277.666570
277.716255
277.757010
277.930312
278.183772
280.571658
281.207644
281.235333
281.358418
281.848095
282.506854
282.589184
282.940662
282.988421
283.012219
283.016561
283.019141
283.060879
283.111670
283.114824
283.117322
283.120230
283.506319
283.584963
283.606712
283.642675
283.646157
283.648492
283.677368
283.679826
283.687895
283.690312
283.693261
283.707556
283.719311
283.722547
283.730207
283.773420
283.788657
283.813601
283.816182
283.818926
283.822244
283.882578
283.898675
283.901706
283.904328
284.394086
284.484567
285.144678
285.731840
285.944177
287.837962
289.072169
289.223188
289.527521
289.817846
289.843405
289.852621
289.864499
289.886249
289.914020
289.923727
289.926554
289.946665
289.949286
289.952604
289.988403
290.004582
290.016993
290.019656
290.071470
290.139791
290.252513
290.648392
291.433390
292.082811
292.726211
293.467054
293.832417
293.849989
293.905531
293.922406
293.929738
293.932892
294.046638
294.064456
294.083461
294.091080
294.105702
294.120735
294.134006
294.141379
294.193603
294.572278
294.597632
294.772204
294.835610
294.941655
295.191265
295.309599
295.394345
295.446610
296.238572
296.294400
297.539994
297.549496
297.561170
297.563709
297.575260
297.578168
297.595781
297.599017
297.603809
297.656484
297.704776
297.759703
299.502428
301.892280
302.474158
303.886623
304.466002
304.921395
304.922337
305.033052
305.079706
305.162076
305.164861
305.178051
305.191813
305.196851
305.200824
305.203732
305.216840
305.226793
305.229455
305.235231
305.252639
305.262756
305.265664
305.290158
305.292861
305.309614
305.356472
305.362125
305.378140
305.381335
305.384448
305.461617
305.533420
305.596006
305.680179
305.731133
305.742684
305.772708
305.775329
305.781678
305.784381
305.792164
305.795154
305.881006
305.927864
306.043986
306.512527
307.760660
308.334100
308.342948
308.404838
308.503921
308.514693
308.606935
308.875305
309.677466
309.786337
310.231081
310.364652
311.371571
312.559370
312.961475
312.985518
313.113969
313.531924
313.682944
313.750118
313.759744
313.788580
313.849815
314.076652
314.234634
314.269983
314.292101
314.309345
314.329293
314.390815
314.417562
314.431529
314.471916
314.509967
314.549944
314.605527
314.653082
314.701373
315.010253
315.089756
315.104215
315.107287
315.109827
315.141366
315.145134
315.164140
315.167457
315.206246
315.245855
315.263795
315.267072
315.349443
315.456184
315.795620
317.165486
319.523758
319.576678
319.579587
319.742239
319.756984
319.769272
319.772099
319.815516
319.857459
319.895962
319.938273
319.999017
320.624189
321.100677
321.180672
321.431962
321.472881
321.587077
321.644544
321.727488
322.547712
325.918802
326.825288
326.925435
327.061340
327.129620
327.378821
327.448863
327.516938
327.543685
327.615652
327.766180
328.898232
328.904663
328.923218
328.931574
328.965571
329.048801
329.708257
329.724764
329.750487
329.757409
329.762939
329.766339
329.769861
329.773261
329.832243
329.860669
329.946726
329.980682
330.036347
330.049823
330.067108
330.263429
330.795581
331.242250
331.387576
331.434844
331.442545
331.444879
331.493253
331.531715
331.534582
331.537121
331.668029
331.767276
332.601590
333.017948
333.055713
333.058703
333.520323
333.549240
333.651313
333.700628
333.716521
333.754696
333.782548
333.860413
333.864182
333.871186
333.873971
333.934182
333.987308
334.630502
334.772470
335.294259
335.343452
335.399240
335.452897
336.536986
337.208484
340.752589
340.764713
340.805263
340.812554
340.815299
340.832625
340.842701
340.845240
340.907950
340.910531
340.971930
341.064991
341.072978
341.815460
342.360474
342.605332
342.966845
342.979871
342.997033
343.229522
343.432724
343.929651
343.976632
344.206868
344.283587
344.942756
344.959345
344.981053
344.983880
345.012265
345.015132
345.017631
345.022587
345.024963
345.038234
345.040732
345.048842
345.079398
345.095045
345.115566
345.130107
345.132769
345.136538
345.167749
345.210716
345.274081
345.347154
345.379717
345.481052
345.825075
346.567475
347.290665
348.681257
349.132800
349.159547
349.164872
349.806592
350.334812
351.044608
351.181332
351.338947
351.458099
351.536579
351.554396
351.701238
351.746089
351.793275
351.831736
351.864627
351.922135
351.960965
351.987016
352.069468
352.475709
352.697016
352.764191
352.793149
352.805519
352.808100
352.852623
352.856146
352.885268
352.953180
353.073971
353.518756
354.723308
356.582728
356.851876
356.857774
356.882801
356.886364
356.893082
356.930068
356.943135
356.956692
356.980613
356.983603
356.986716
357.014692
357.041316
357.065318
357.100995
357.138268
357.165179
357.347369
357.373460
357.403443
357.590180
357.599396
357.894431
357.947761
357.953577
357.956239
357.971108
357.973606
357.983314
358.017556
358.038815
358.057288
358.099354
358.102344
358.196797
359.751107
361.287639
361.322701
361.915146
361.928458
362.749829
362.755604
362.765066
362.805084
362.846700
362.849690
362.955530
363.133665
363.183022
363.198792
363.266744
364.935741
364.982190
365.212836
365.638001
365.685228
365.723812
365.767516
365.806305
365.896417
366.558740
366.722376
366.757233
368.600760
368.627302
368.661832
368.722616
369.007821
369.555661
370.859377
370.912420
371.197911
372.904346
372.946412
374.147441
374.196838
374.803005
374.825206
374.874481
374.916751
375.059866
375.451607
376.185528
376.366858
376.805745
376.881521
377.422479
377.716040
377.718538
378.858537
379.020493
379.442995
379.566817
379.594138
379.643453
379.737743
379.903099
380.090819
380.118139
380.141117
380.153528
380.156150
380.211282
380.482396
380.535808
380.575867
380.592865
380.607857
380.612280
380.618138
380.620472
380.643082
380.645868
380.668846
380.678185
380.680561
380.702679
380.705874
380.720251
380.722954
380.769976
380.835922
380.874752
381.504307
383.375811
383.550464
384.053944
384.080650
384.199803
384.463667
384.516055
384.545382
384.567050
384.574054
384.655073
384.677601
384.683950
384.686531
384.689275
384.924385
385.263206
385.371750
387.166577
387.217818
387.598991
387.708068
387.835740
387.836314
388.133560
388.318495
388.553400
388.706181
389.004206
389.173248
389.218222
389.222236
389.224612
389.247590
389.261967
389.264835
389.289861
389.310341
389.351424
389.394719
389.433139
389.537137
389.744927
392.021606
394.387579
394.752614
394.812375
394.870784
394.899292
394.904699
394.907853
394.911171
394.935378
394.946519
394.974904
394.994606
395.009393
395.012301
395.039908
395.042447
395.045315
395.089306
395.176141
395.651031
396.148736
396.166472
396.236595
396.299182
396.332933
396.379505
396.389704
396.461629
396.487557
396.539126
396.595364
396.667412
397.207716
397.261005
397.292175
397.332480
397.344604
397.349396
397.368402
397.377126
397.379953
397.406659
397.458801
397.499433
397.555917
399.646802
400.339968
400.404152
401.142170
401.349181
401.709343
402.371133
402.402509
402.419753
402.425692
402.465587
402.505196
402.518467
402.589245
402.641142
402.743460
403.155681
406.274171
408.068751
408.344986
408.497644
408.648253
408.685281
408.707564
408.710185
408.713093
408.927519
409.263063
409.308692
409.364111
409.367675
409.396634
409.408307
409.423462
409.425838
409.442836
409.445581
409.453117
409.456640
409.478021
409.491620
409.508168
409.510994
409.521070
409.523896
409.526723
409.600246
409.679135
409.682862
409.685524
409.785917
411.654226
412.252856
412.656681
413.190308
413.569638
413.758259
413.915546
413.937746
413.988332
414.072381
414.262804
414.298071
414.336000
414.384333
414.422753
416.263496
416.419226
417.513923
417.680220
417.712497
417.732198
417.780490
417.787003
417.789583
417.802486
417.863967
418.860851
419.456860
419.740426
419.852616
419.934003
419.966566
419.986309
419.989135
420.004782
420.026450
420.032307
420.070400
420.107878
420.121928
420.216095
420.578386
420.584858
421.199135
421.220762
421.227725
421.230592
421.265080
421.280768
421.311611
421.368627
421.478892
421.929206
422.666445
423.982735
424.215183
424.309023
424.522097
424.565268
424.581366
424.613192
424.664883
424.685281
424.988058
425.078456
425.593037
425.597215
425.602089
425.604710
425.633178
425.675489
425.685606
425.688228
425.783624
425.831997
425.857393
425.893233
425.896305
425.899336
426.437263
427.859108
427.873812
427.923497
428.015780
428.490711
428.797420
428.811592
428.829245
428.850586
428.861481
428.888719
428.928573
429.007995
430.309540
431.657861
432.300769
433.744814
434.112266
434.156216
434.185011
434.210038
434.225152
434.240184
434.245755
434.248499
434.267382
434.274632
434.297446
434.327880
434.375393
434.393047
434.395955
434.398659
434.465792
434.468577
434.471117
434.474025
434.586092
435.729940
435.822715
438.464143
438.934774
439.099843
439.203635
439.470981
439.525376
439.549665
439.553188
439.576371
439.580140
439.609590
439.612293
439.636091
439.675617
439.729889
439.842611
440.328274
440.374067
440.494490
444.026798
444.375450
444.630180
444.861276
445.396910
445.718118
445.781729
445.785129
445.820682
445.839032
445.851484
445.854351
445.873562
445.876060
445.901292
445.903954
445.913989
445.916652
445.920133
445.931643
445.934305
445.938401
445.948723
445.968835
446.008648
446.025359
446.058045
446.063903
446.066524
446.100849
446.103798
446.134026
446.176993
446.289347
446.466417
446.745477
446.801142
447.100191
448.989880
449.630986
449.819034
450.745917
450.847867
450.927206
450.930278
451.082199
451.114394
451.131474
451.156582
451.176079
451.195576
451.210895
451.225436
451.228221
451.239977
451.264061
451.309609
451.335250
451.429704
453.883167
453.934326
454.276874
454.318735
454.378250
454.409011
454.453862
454.480527
454.496420
454.546473
454.641992
455.482941
455.515136
455.520092
455.547331
455.563100
455.597916
455.654318
455.658250
458.183475
459.813642
460.266988
460.461384
460.766577
461.138248
461.170483
461.190390
461.196288
461.219226
461.231596
461.237740
461.246792
461.268173
461.298360
461.322527
461.353779
461.395640
461.443727
463.454945
464.350290
466.006467
466.023793
466.090762
466.214011
466.239119
466.278359
466.310472
466.364580
466.423276
466.492293
466.597315
466.604360
466.649702
466.683822
466.710118
466.796012
468.091945
470.854779
470.882345
471.021322
471.024558
471.027098
471.072195
471.074980
471.093207
471.133798
471.136707
472.532378
472.547860
472.572559
472.658043
472.673444
472.676147
472.678646
472.683684
472.708383
472.737546
472.767242
472.814633
475.418051
478.143037
480.930980
481.100308
481.165722
481.192182
481.220198
481.222902
481.229087
481.233142
481.261076
481.267220
481.269801
481.287537
481.306419
481.319363
481.322189
481.346806
481.381376
481.408000
481.425572
481.451254
481.504993
481.548698
481.596375
481.643274
481.766973
481.865769
481.889608
481.916436
481.947402
481.956577
482.929213
483.213189
483.566060
483.581870
483.597148
483.615375
483.624714
483.630981
483.691233
483.912786
484.027761
484.373955
484.526490
486.165299
487.776625
487.864361
488.225055
488.271340
488.299684
488.359158
488.435958
488.654725
488.862310
489.107743
489.137684
489.165046
489.180078
489.196093
489.230828
489.254625
489.286943
489.374843
489.491620
491.272192
491.916861
492.723323
493.847020
494.416650
494.522327
494.732370
494.818755
495.390966
495.427379
495.479521
495.537644
495.565660
495.618662
495.627223
495.661588
495.687639
495.723438
495.766569
495.769272
495.838945
495.921971
496.573194
496.606945
500.871209
500.918477
500.956979
500.986061
500.998717
501.036769
501.075558
501.113487
501.188485
501.239644
501.258117
501.290435
501.370307
501.441413
501.773763
501.779907
501.782364
501.814436
501.822218
501.825044
501.841019
501.855642
501.867807
501.873746
501.883863
501.899878
501.913518
501.916180
501.980897
501.983887
501.986632
501.989622
502.066586
502.143140
502.151045
502.153462
502.647112
503.386604
504.019517
504.562278
505.129615
505.236480
505.348055
506.083287
506.117448
506.172375
506.213007
506.270147
506.366525
506.486497
506.685891
506.746470
507.040768
507.043594
507.070464
507.073290
507.096842
507.132805
507.139604
507.171717
507.199734
507.216159
507.278090
509.247406
510.889370
513.742111
513.854956
513.930404
514.441421
514.490655
514.500239
514.504991
514.574008
514.581586
514.584125
514.637865
514.667602
514.781471
515.259843
519.164887
520.006205
520.095334
520.288502
520.444969
520.453448
520.491254
520.494203
520.522301
520.531640
520.560599
520.606310
520.609096
520.611553
520.641618
520.664310
520.753684
521.344573
522.410271
522.660086
523.175977
523.611709
523.634278
523.659059
523.666309
523.684127
523.721810
523.756544
523.766989
523.769446
523.857060
523.885650
523.940495
528.455434
528.561766
528.650322
528.683663
528.695378
528.697754
528.740680
528.788152
528.833659
529.001431
529.039933
529.051116
529.079747
529.106985
529.110262
529.247396
529.271153
529.279017
529.323540
529.328374
529.373225
529.385472
529.388012
529.447199
529.450435
529.478943
529.481810
529.484595
529.503764
529.506632
529.517814
529.575567
529.587528
529.655685
529.983857
530.250629
530.287534
530.397348
530.486231
530.493645
530.502451
530.534441
530.555085
530.557788
530.587156
530.604483
530.640814
532.789453
532.896932
534.415811
535.381033
535.725793
535.865836
536.625398
536.742625
536.784773
536.798003
536.825856
536.837652
536.863007
536.868045
537.678152
538.246717
538.336788
538.379182
538.418668
538.448282
538.508739
538.546012
538.577347
538.625352
538.659717
538.814587
539.135017
539.159060
539.201577
539.810652
540.322406
542.037524
542.455235
542.535721
542.605476
542.608957
542.787666
542.845133
542.878966
542.881751
542.911447
542.969774
544.295608
544.371220
544.429384
544.436306
544.466739
544.490578
544.556974
547.017728
547.033784
547.051274
547.674890
547.697336
547.719905
548.488520
548.940923
549.216297
549.547090
549.682299
549.754307
549.826888
549.960827
550.036890
550.114304
550.179553
550.213222
550.268723
550.340895
550.757048
551.021527
551.089971
551.153705
551.185449
551.568507
552.275354
555.304591
555.409162
555.415060
555.453932
555.456430
555.465646
555.488666
555.505746
555.521065
555.527946
555.531756
555.534582
555.540439
555.568660
555.612815
555.657421
555.723940
555.853087
556.146442
556.169748
556.222382
557.411779
557.814252
558.054810
558.920827
559.021097
559.140823
559.619031
559.986606
560.032154
560.044114
560.065290
560.120668
560.139182
560.176906
560.250511
560.315515
560.340500
560.358400
560.360899
560.469893
560.491438
560.620872
560.732570
560.752148
560.775741
560.798515
560.801137
560.803676
560.847340
560.918979
560.946422
560.970588
561.149665
562.789540
563.173417
563.330949
563.349340
563.428475
563.448381
563.521413
563.564093
563.588669
563.601859
563.621724
563.652321
563.693486
563.730883
563.741573
563.765084
563.780977
563.796500
563.805430
563.825132
563.865108
563.868017
563.890708
563.893412
563.950264
564.080312
565.358060
565.398118
565.526036
565.607547
569.050317
569.089884
569.120481
569.159639
569.175736
569.178276
569.200804
569.203753
569.226691
569.242747
569.252372
569.263800
569.274163
569.277194
569.280635
569.758679
570.064364
570.081976
570.157220
570.189128
570.358252
571.248968
571.284193
571.301356
571.318108
571.334697
571.353539
571.383071
571.407442
571.431772
571.518362
572.410593
572.546458
572.555223
572.573368
572.614779
572.643123
572.694323
572.754289
572.857385
573.032284
573.725204
573.800079
573.816340
573.819003
573.871227
573.890806
573.908050
575.421440
575.438316
577.454572
577.988526
578.151997
578.469888
578.723840
578.943877
579.794452
579.891896
580.027474
580.128358
580.187054
580.429496
580.459110
580.463862
580.486226
580.531118
580.543693
580.561510
580.576379
580.591903
580.615619
580.619469
580.668129
580.702126
580.730962
580.741857
580.839342
580.895826
581.347901
581.688443
581.754757
581.783798
581.804360
581.806940
581.853594
581.889106
581.895864
581.965537
583.880376
585.249751
587.212022
587.887043
588.384174
588.812780
588.913091
589.049774
589.298074
589.410345
589.480837
589.510984
589.550510
589.573612
589.679862
589.725082
590.223073
590.316380
590.396006
590.423122
590.447616
590.451425
590.495785
590.535148
590.542070
590.560420
590.563328
590.567629
590.595031
590.629396
590.675804
590.734336
591.422874
592.563405
593.810432
594.494833
594.556150
594.777743
594.865562
594.937733
594.972017
595.012035
595.073884
595.148759
595.207496
595.230761
595.250913
595.303342
595.340452
595.437732
595.520348
595.531817
595.534643
595.555942
595.650068
595.694961
595.703480
595.726500
595.729162
595.747512
595.756237
595.802726
595.813499
595.816161
595.823575
595.852534
595.897836
595.923763
595.964027
595.978117
596.475781
596.561224
596.599521
596.610580
596.620329
596.624384
596.642570
596.655841
596.686438
596.688118
596.748780
596.786381
596.789084
598.797517
598.923264
600.194458
601.534423
601.753723
601.793495
602.198303
602.230948
602.613965
602.954752
603.015700
603.804058
603.838341
603.906826
603.937014
603.941396
604.010947
604.025774
604.028396
604.068823
604.085780
604.246467
607.856558
608.413655
608.628859
608.670679
608.728596
608.775045
608.855818
608.882975
608.911524
608.947937
608.974438
609.865032
609.898086
609.959485
610.026742
610.037678
610.131722
610.289172
610.922168
612.164321
612.174152
612.177101
612.208189
612.230185
612.261683
612.318781
612.500111
612.534845
612.649288
613.044879
613.067735
613.084242
613.136876
613.139333
613.148426
613.165752
613.172060
613.207900
613.264712
613.353226
613.471273
615.528735
615.557407
615.654687
615.691469
615.727432
616.025375
616.108646
616.594350
616.642314
616.752128
616.758436
616.760975
616.817091
616.829788
618.283540
618.378076
620.020900
620.248596
620.269240
620.365251
620.828058
620.897444
621.137592
621.303398
621.849027
621.860823
621.863404
621.881958
621.884416
621.953106
621.986898
622.944010
623.208571
626.364908
627.422945
627.462554
628.000932
628.080640
628.194959
628.307067
628.410737
628.458988
628.477420
628.557414
628.579697
628.585021
628.620042
628.641669
628.669440
628.681032
628.683448
628.731453
628.747059
628.749763
628.788060
628.834918
628.868833
628.894556
628.971602
629.028045
629.294203
629.302845
629.315338
629.326356
629.351629
629.378867
629.395948
629.402214
629.440881
629.456323
629.470822
629.473567
629.568635
629.638472
629.742879
629.780931
629.962793
631.672750
632.579072
633.869844
634.003333
634.039132
634.156974
634.807460
635.137761
635.211899
635.496284
635.571159
635.641283
635.722916
636.019753
636.096922
636.247818
636.288369
636.309996
636.315156
636.381839
636.411167
636.447457
636.486205
636.518400
636.673884
640.070615
641.336115
641.923973
642.161459
642.205860
642.208809
642.230272
642.233958
642.338365
642.401649
642.444452
642.806948
642.976440
643.312230
643.381821
643.426099
643.446620
643.494994
643.498230
643.500810
643.510559
643.551068
643.572941
643.600343
643.636183
643.683615
643.693281
643.715113
643.748741
643.751444
643.769999
643.780854
643.785810
643.788677
643.826319
643.855114
644.345528
644.400620
646.294651
646.311485
646.327173
646.356910
646.404710
646.410609
648.293253
648.855020
648.988058
650.054820
651.920466
651.924398
652.181217
652.273582
652.337971
652.516721
652.913172
653.018030
653.069025
653.148324
653.204808
653.251625
653.258875
653.418004
653.428408
653.462405
653.483991
653.488005
653.525238
653.527941
653.549937
653.552271
653.622231
655.547515
656.245105
656.252600
657.367040
657.387315
657.576796
657.634877
657.796301
657.846600
657.902961
657.933804
657.954284
658.005524
658.018836
658.059633
658.095882
658.183905
658.234204
658.309652
658.835251
658.874245
658.877030
658.902712
658.913935
658.916680
658.934415
658.939085
658.942730
658.966077
658.969231
658.972549
659.006710
659.012116
659.014615
659.047670
659.123077
659.232195
659.327140
659.638108
659.696763
660.377723
661.472829
661.566218
661.992325
662.021489
662.048850
662.075023
662.107095
662.141338
662.153298
662.156042
662.313165
662.348841
662.448824
662.547169
663.111762
663.131955
663.154483
663.171072
663.196713
663.199990
663.251026
663.283548
663.358095
663.466312
665.300582
666.728530
667.405804
667.478712
668.353004
668.913132
669.422838
670.874214
670.906696
670.925742
671.032689
671.057142
671.073280
671.086223
671.101952
671.133245
671.166341
671.178998
671.234253
671.327969
671.801344
671.859016
674.780979
674.836767
676.025098
676.237066
676.350444
676.378010
676.429087
676.553851
676.589158
676.624507
676.640031
676.659036
676.757176
676.772250
676.790395
676.800594
676.822712
676.836188
676.849500
676.852163
676.875919
676.891279
676.894065
676.910981
676.947927
676.972339
676.975084
677.020344
677.070316
677.131756
677.144658
677.179761
677.220598
677.344543
677.361009
677.443379
677.482660
677.504451
677.534106
677.539144
677.597061
678.433505
678.437683
678.440509
678.481838
678.487081
678.561956
678.567936
685.672120
685.689324
685.732536
685.861233
685.928079
685.971907
686.668104
686.670889
686.690673
686.696530
686.708900
686.728602
686.738022
686.766899
686.770586
686.800650
686.890066
688.300196
688.339354
688.914309
688.930202
689.654907
690.398167
690.547589
691.185951
691.951821
692.009492
692.218061
692.744192
692.892140
692.964147
693.445059
693.484052
693.512561
693.557248
693.578015
693.631222
693.672387
693.717279
693.728379
693.757706
693.766799
693.769626
693.786747
693.811241
693.813903
693.896806
693.960950
694.185492
694.190039
694.192947
694.211584
694.214533
694.227476
694.231327
694.259139
694.317302
694.332006
694.344786
694.347448
694.465249
694.535414
696.697364
699.445084
699.474534
699.530404
699.596923
699.643863
699.772518
699.963597
700.110807
700.126822
700.141240
700.168929
700.172411
700.189573
700.247286
700.250685
700.253061
700.308439
700.328509
700.420506
706.080891
707.422413
707.696517
707.769631
711.264215
711.269581
711.299031
711.771095
712.195195
712.278630
712.486666
712.827331
712.870380
712.901509
712.937185
712.948777
712.959713
712.963031
712.966185
712.990966
713.001615
713.025905
713.028526
713.066988
713.069937
713.129738
713.145098
713.325732
714.586726
714.624205
715.173970
715.911987
715.942420
715.991327
716.583567
716.609372
717.894410
718.101299
718.369137
718.652293
718.655201
718.681006
718.686290
718.688297
718.752072
718.754775
718.766899
718.769439
718.781235
718.793359
718.796390
718.824366
718.853407
718.883348
718.923244
719.290245
721.410253
723.994993
724.617421
724.691231
725.082522
725.357363
726.177915
726.334546
726.523372
726.596321
727.310500
727.340237
727.367516
727.379558
727.385620
727.388529
727.427154
727.435510
727.464100
727.470940
727.544832
727.596605
727.599391
727.601930
727.734845
732.534252
732.608471
732.715336
732.723855
732.731146
732.743188
732.764406
732.804014
732.879421
732.887818
732.903137
732.916859
732.941804
732.956344
732.962775
732.980552
732.983132
733.005251
733.007995
733.035930
733.087457
733.092659
733.100646
733.129482
733.150003
733.181706
733.209641
733.212058
733.262193
733.265224
733.702062
733.792543
735.425577
735.533711
735.942779
736.061317
736.186982
736.298516
736.757187
736.865075
737.228636
737.401774
737.906852
738.009334
738.108252
738.542264
738.873303
740.001915
740.404224
740.892180
740.980859
741.146952
741.568266
741.731369
741.891072
741.920522
741.942845
741.974589
742.040289
742.118154
742.309356
742.377472
742.422282
742.468198
742.605496
742.786908
742.843515
743.090135
743.117128
743.287112
743.474668
743.508132
743.529513
743.568835
743.595008
743.597507
743.648379
743.688315
743.703347
743.706255
743.785964
743.863296
743.892951
743.927071
743.989002
744.103322
744.154481
744.229560
744.279777
744.362230
744.373084
744.378573
744.426045
744.454554
744.581939
744.794440
744.840274
744.895570
744.915804
744.927150
744.959427
745.005097
745.113231
745.139159
745.180815
745.191383
745.235866
745.270641
745.292595
745.732342
745.735291
745.752699
745.768878
745.771459
745.774121
745.779732
745.787965
745.805005
745.814794
745.817866
745.821020
745.836585
745.866609
745.876152
745.901015
745.959547
745.986212
746.101473
748.109783
748.837560
749.256131
749.450035
749.469532
750.116372
750.152212
750.798152
750.822728
752.260506
752.347136
752.470303
752.493486
752.560906
752.627753
752.736748
752.788152
752.810803
752.813548
752.824730
752.839352
752.841974
752.875848
752.897311
752.916972
752.931922
752.934461
753.027031
753.130086
753.199391
753.284915
753.823867
753.832387
753.871217
753.892229
753.894523
753.940234
753.996841
754.033418
754.071388
754.436383
754.444780
756.008550
757.205238
757.510636
758.881567
759.038607
759.103201
759.120568
759.176643
759.363092
759.978680
760.140841
760.187535
760.196710
760.244511
760.351293
760.778793
760.801485
760.940421
760.964669
760.993137
761.034916
761.037947
761.040978
761.052897
761.111306
761.139200
761.156157
761.173524
761.195684
761.198387
761.220342
761.237381
761.247621
761.250161
761.339167
761.409864
761.571287
761.602007
761.608929
761.654436
761.656812
761.686098
761.702318
761.715016
761.741967
761.749258
761.774653
761.827860
761.845105
761.873326
761.942917
765.829243
766.469571
767.125258
767.563530
767.715369
767.787500
769.124557
769.875681
771.007078
771.264184
773.617295
774.179963
774.251274
774.437396
774.518252
774.594437
774.946365
775.001129
775.069860
775.184015
775.313162
775.814676
776.302223
777.280717
777.442304
777.976914
778.080993
778.193469
779.604828
780.202844
780.914115
781.097206
781.185065
781.194568
781.372334
781.496033
781.542277
781.574513
781.600440
781.618381
781.660938
781.697884
781.779886
781.821993
781.989437
782.007542
782.029537
782.302986
782.334239
782.366761
782.396047
782.431478
782.442578
782.454374
782.470062
782.482145
782.500332
782.509711
782.516511
782.541947
782.565990
782.576722
782.579548
782.605312
782.612480
782.693827
782.730035
783.318712
786.094981
786.124882
786.157076
786.195661
786.248909
786.302812
786.337956
786.552136
786.569708
789.764424
789.806817
789.874893
789.974630
790.065111
790.109512
790.151209
790.189015
790.191555
790.196470
790.199214
790.251889
790.325043
790.353592
790.400328
790.528041
790.917448
796.176507
796.289966
796.326380
796.342108
796.425093
796.786729
796.794470
797.157048
797.189980
797.205873
797.218365
797.235651
797.242655
797.371638
797.426196
797.433651
797.463020
797.465682
798.912471
799.028593
801.949696
802.500239
803.563520
804.815626
805.840814
805.908029
807.819674
809.309020
809.567683
835.775283
835.789332
836.009452
836.073882
836.153180
836.214784
836.335493
836.899062
837.161656
837.309809
837.358510
837.368177
837.370552
837.395292
837.727396
837.753979
837.923594
837.931131
838.158213
838.246892
838.303662
838.537748
838.582968
838.626058
838.701588
838.704374
838.717153
838.756270
838.780396
840.000020
840.226652
840.376443
840.421499
840.555028
841.730621
841.739633
841.742377
841.808609
842.421371
842.520986
842.684293
842.714030
842.758021
842.821468
842.921042
842.957373
843.009024
843.036426
843.107451
843.342602
843.701862
843.752407
843.770266
844.502753
844.744172
844.821750
844.957655
845.261169
845.289431
845.324820
845.342065
845.344563
845.364593
845.367583
845.370327
845.381837
845.388186
845.391503
845.395108
845.398508
845.507420
845.514220
845.533880
845.542195
845.556572
845.560750
845.648241
845.651886
845.706650
845.713736
845.716480
845.750272
845.761495
845.795123
845.836575
845.838991
846.095606
846.510899
846.574879
846.767759
848.495002
848.548209
848.595395
848.695173
848.741458
848.756736
848.758088
848.909394
849.248174
849.359544
849.385718
849.388667
849.541693
849.583391
849.618166
849.693491
849.853112
850.697748
852.363428
852.438548
852.777820
852.861010
852.921672
853.369897
853.441167
853.502280
853.906309
854.004490
854.208881
854.325699
854.754918
855.485481
855.787233
855.827456
855.833518
855.907164
856.007025
856.021197
856.024105
856.026726
856.078418
856.081449
856.083988
856.342938
856.666685
856.702198
857.003295
857.502884
857.826591
857.873121
858.706043
858.706780
858.733814
868.819108
870.355599
872.663572
872.726733
872.791818
873.481380
874.462413
875.852145
876.494766
878.676009
879.663432
880.620872
883.158548
883.274670
889.906299
889.936486
890.353951
890.426819
895.043707
895.098429
897.275535
897.333740
897.370726
897.694638
897.950761
901.536113
901.835039
908.596879
908.634849
909.098148
909.106995
909.151887
909.169500
909.236347
910.601216
910.930412
911.062508
911.108588
911.129723
911.132221
911.134638
911.433728
913.214423
913.429955
913.514250
913.802609
913.829151
913.843692
913.854956
913.857331
913.869373
913.873224
913.887437
913.892803
913.912136
913.933885
913.948795
913.954202
913.983119
913.986232
914.003722
914.017976
914.077819
914.080850
914.092032
914.155479
914.486149
914.586337
914.648064
914.786591
914.808627
914.850324
914.862817
914.865316
915.067904
916.685619
916.717036
916.874813
916.997652
917.004452
917.067039
917.136548
917.320008
917.361009
917.482496
917.577073
917.709988
917.713224
917.766472
921.823396
921.916170
921.919201
921.921700
921.978348
921.980887
922.035405
922.040525
922.191831
922.274570
922.821100
925.799096
925.939835
926.146724
926.262518
926.411653
926.845870
926.956626
927.016305
927.480627
928.036618
928.093798
928.151798
928.316785
928.467763
929.501798
930.066883
930.187837
930.227855
930.247516
930.250752
930.253128
930.498068
930.826977
930.880307
930.956206
931.228467
932.392059
933.114061
933.127782
933.434204
933.492081
933.943747
934.013870
934.044549
934.093455
934.605578
934.842081
934.848922
934.861619
934.928630
934.996214
935.105782
935.226409
935.688274
936.277361
938.129244
938.293494
938.446356
938.914038
939.056005
939.218616
939.285258
939.483668
940.210340
940.539126
940.688507
945.151304
945.257718
945.260831
945.266483
945.309737
945.312522
945.391862
945.493811
945.584169
946.165965
946.291220
946.470912
946.524406
947.007734
947.226173
947.297772
947.410657
948.157030
948.255293
948.781752
948.820296
948.895130
949.548687
949.627535
950.233211
950.960210
951.155548
951.209042
951.260774
951.311032
951.410524
951.479747
951.532175
951.580918
951.635681
951.697449
951.903478
952.803492
953.498583
955.698258
955.864801
955.926815
955.989770
956.037980
956.147057
956.370493
956.500623
956.511191
956.564152
956.772966
956.807578
956.843049
956.857139
956.913746
956.918047
957.051740
957.075292
957.078282
957.083771
957.248102
957.251338
957.522166
957.630341
957.850788
957.908828
958.017905
958.099866
958.221066
958.235484
958.358118
958.434755
959.021998
959.153521
959.163965
959.288607
961.939988
964.011991
964.164649
964.459725
964.882391
965.235180
965.435064
965.989663
966.632448
966.722396
966.755697
966.825615
967.135846
967.410606
967.508910
967.893975
969.515008
969.599877
969.673851
970.051092
970.102129
970.135552
970.166518
970.332529
975.570248
975.602483
975.695995
975.749612
975.820308
975.971860
976.057180
976.118374
976.393134
976.396083
976.399032
976.494674
976.497541
976.980746
977.375355
978.594570
978.760049
978.844344
979.007898
979.310592
979.423150
979.685745
979.731456
979.751076
979.754066
980.140851
980.210565
980.267008
980.317348
980.368916
980.419297
980.451041
980.507607
980.593295
980.654203
980.932239
980.991918
981.035295
981.453537
981.528781
981.697004
981.760983
981.873336
981.977661
982.066831
982.199542
982.586900
982.822339
983.039549
983.162307
983.720141
984.967004
985.176596
985.381069
985.562358
985.678602
985.721242
985.766543
985.830318
985.966428
986.070753
986.362348
987.777843
988.635709
989.340221
990.338376
991.259443
991.361884
992.145531
992.249487
992.370975
993.054474
993.165844
993.805353
994.031657
994.836398
996.651540
996.742636
997.708636
998.131589
998.235628
998.266921
998.407700
998.828810
999.085179
999.549215
999.609098
999.654277
999.661363
999.663821
999.755776
999.760814
1000.043028
1000.083702
1000.168694
1000.195031
1000.201789
1000.204657
1000.256143
1000.276705
1000.336138
1000.435384
1000.467661
1000.565432
1000.568013
1000.570388
1000.655954
1000.742584
1001.368986
1001.495224
1001.581076
1002.517545
1003.599913
1003.696087
1003.843420
1004.021555
1004.432916
1004.491162
1004.583567
1004.627476
1006.116905
1006.471373
1006.488494
1006.491402
1006.573568
1006.683668
1006.686126
1006.766981
1006.844723
1006.882243
1006.885478
1006.937293
1006.972559
1007.079670
1007.286313
1007.509914
1007.558083
1007.594373
1007.597117
1007.599739
1007.646597
1007.657574
1007.697551
1007.736422
1007.775457
1007.988163
1008.032236
1008.072622
1008.138117
1009.353728
1011.353928
1012.083548
1012.187750
1012.426138
1013.138063
1013.171937
1013.252383
1013.608530
1013.729649
1013.806653
1013.894758
1013.931991
1013.955052
1013.972869
1013.990195
1013.997117
1014.012559
1014.026363
1014.030787
1014.034883
1014.048932
1014.064374
1014.067528
1014.078054
1014.084772
1014.102958
1014.275195
1014.299853
1014.434857
1014.574285
1014.754550
1014.811771
1014.881444
1014.939320
1015.306158
1015.492854
1016.166359
1016.620442
1018.059694
1019.486495
1019.552236
1019.657503
1019.709194
1019.732541
1019.799306
1019.865416
1019.889910
1019.923948
1019.949384
1019.979858
1019.982520
1020.042035
1020.199936
1020.509839
1020.586762
1020.802744
1021.902684
1022.109860
1022.147379
1022.213980
1022.216765
1022.353900
1022.357791
1022.360371
1022.369505
1023.834440
1023.905137
1023.994552
1024.062546
1024.824648
1024.915210
1025.020682
1025.040343
1025.075282
1025.124024
1025.213972
1025.220813
1025.236787
1025.247887
1025.273528
1025.313382
1025.334968
1025.337549
1025.340621
1025.418650
1025.424015
1025.496801
1025.765581
1026.355773
1026.357821
1026.675507
1026.849423
1026.939412
1027.118162
1027.935928
1027.987087
1028.044349
1028.358554
1028.383867
1028.429537
1028.465910
1028.468695
1028.539433
1032.061256
1035.314668
1035.360952
1035.474248
1035.613430
1035.820810
1036.615229
1037.090365
1037.167821
1037.747077
1037.827523
1037.830226
1037.914112
1037.917348
1037.972726
1038.082212
1038.142341
1038.581596
1041.808998
1042.730271
1043.756933
1043.842171
1044.277862
1044.328653
1044.389110
1044.515021
1044.644741
1044.752015
1044.805018
1045.135974
1045.355151
1045.505475
1045.912084
1046.082355
1047.547945
1048.270684
1048.312136
1048.362557
1048.498708
1048.559452
1048.571945
1048.648049
1048.727634
1048.909578
1049.180733
1051.226112
1052.559073
1052.697068
1052.707963
1052.732252
1052.775260
1052.783657
1052.789391
1052.804751
1052.889375
1052.966420
1052.997591
1053.052600
1053.055263
1053.110559
1053.112934
1053.166961
1053.169705
1053.223567
1053.226230
1053.354885
1053.593395
1053.635625
1053.663560
1053.680968
1053.821092
1054.274888
1054.670316
1055.220040
1055.321293
1055.458304
1055.555625
1055.744655
1057.205494
1057.271276
1057.435402
1057.617306
1057.668792
1057.950761
1059.224371
1059.299328
1059.413484
1063.606600
1063.663862
1064.122409
1066.845594
1066.886922
1066.960773
1067.022500
1067.073167
1067.145830
1067.402158
1067.482522
1067.655987
1067.696988
1067.754578
1067.815404
1067.900887
1068.439020
1069.340303
1069.457654
1070.190264
1070.256251
1070.298399
1070.329938
1070.371594
1070.433690
1070.566441
1070.642217
1070.893834
1070.897193
1071.006269
1071.009915
1071.012741
1071.412879
1071.445074
1071.540716
1071.565128
1071.604982
1071.607808
1071.667937
1071.870075
1071.916319
1072.052142
1074.886820
1074.989752
1079.697940
1079.778632
1079.925023
1080.435835
1080.505180
1080.642068
1080.932311
1082.562847
1083.739546
1084.319375
1084.883149
1084.931604
1084.945736
1085.052846
1085.232251
1085.282468
1085.317120
1088.902513
1089.171907
1090.475459
1090.767790
1090.894971
1091.008184
1091.036447
1091.085844
1091.164611
1091.390628
1091.475415
1091.577979
1091.837706
1091.867689
1091.943629
1092.032676
1092.181729
1092.315668
1092.913644
1092.927324
1092.959068
1093.002117
1093.141422
1093.489746
1093.660344
1094.628393
1095.302144
1095.333888
1095.419822
1095.499571
1095.659561
1096.853791
1096.875500
1096.889426
1096.953856
1097.018696
1097.021358
1097.023652
1098.566287
1100.771738
1102.174249
1103.252562
1103.519007
1103.556526
1103.624110
1103.704883
1103.829770
1104.111043
1105.922867
1105.961984
1106.055619
1106.148434
1106.154414
1106.299699
1106.602230
1107.010028
1110.233620
1110.350684
1110.421627
1110.503383
1110.784696
1111.020462
1111.080755
1113.050767
1113.263022
1113.319547
1114.368778
1115.009884
1115.120517
1115.183964
1116.325847
1116.399084
1118.012047
1118.085079
1118.469898
1120.473907
1121.262756
1121.548411
1127.454597
1127.514071
1134.047969
1134.245028
1134.283981
1134.340874
1134.421524
1134.427750
1134.529413
1135.212954
1135.571476
1135.641805
1135.956869
1136.015114
1137.580646
1137.645322
1137.694228
1137.701478
1137.810760
1137.896817
1137.959813
1138.133156
1138.142700
1138.251899
1138.450596
1138.657321
1138.668749
1138.671698
1138.674115
1138.728796
1138.793472
1138.959729
1138.973204
1139.016868
1139.019203
1139.106161
1139.109519
1139.295355
1139.298263
1139.432448
1139.663340
1139.747308
1140.448379
1140.524769
1140.931215
1141.177303
1141.304115
1141.464842
1141.625979
1143.336346
1143.351951
1143.360389
1143.363789
1143.453491
1143.508132
1143.540204
1143.583990
1143.636869
1143.642644
1143.688888
1143.694049
1143.696548
1143.737098
1143.755735
1143.758029
1143.760650
1144.273060
1144.692695
1144.764047
1144.782152
1144.785101
1144.788050
1144.792556
1145.532498
1145.717105
1145.784361
1145.787843
1145.932022
1146.959340
1147.213988
1148.723364
1149.140582
1149.673964
1149.926236
1150.776689
1150.846116
1151.030395
1151.088886
1151.178260
1151.297290
1153.949082
1156.904632
1157.094892
1157.183242
1157.322383
1157.342659
1157.488353
1157.585265
1158.694502
1158.741238
1158.792069
1158.883164
1159.256269
1159.314842
1159.318610
1159.420846
1159.510426
1159.638753
1159.767204
1159.804150
1159.864402
1159.891763
1159.894467
1159.945011
1161.001083
1161.101967
1161.105244
1161.146900
1161.219359
1161.249669
1161.490801
1161.495020
1161.586770
1163.040358
1163.560018
1166.750188
1166.767391
1167.958958
1168.031621
1168.132915
1168.135946
1168.138363
1168.208855
1168.221389
1168.341811
1168.396165
1168.463421
1168.508928
1168.512041
1168.801833
1168.919716
1170.581668
1171.410739
1171.488113
1171.549798
1171.637371
1171.645481
1171.701760
1171.730760
1171.827384
1171.835658
1171.837952
1172.256604
1172.328243
1172.552376
1176.189501
1176.195891
1178.868081
1179.747451
1179.789435
1179.842028
1179.845304
1179.847762
1179.986125
1182.888509
1183.893709
1184.488202
1184.650609
1185.243628
1185.336320
1185.393705
1185.412547
1185.444086
1185.491190
1185.525187
1185.528340
1185.567457
1185.606410
1185.668710
1185.684849
1185.770291
1185.832796
1186.137498
1186.214748
1186.276434
1186.331361
1187.461816
1187.618898
1187.638845
1187.775119
1188.841964
1189.116518
1189.209580
1189.377229
1189.416509
1189.450547
1189.454971
1189.529354
1189.532918
1189.535785
1189.539144
1189.610209
1189.624668
1189.627290
1189.629870
1189.637571
1189.640479
1189.892669
1190.131917
1190.784983
1190.794813
1190.899712
1190.995067
1191.155139
1191.282893
1191.344169
1191.505633
1191.509729
1191.512269
1192.013988
1192.101315
1193.634693
1195.043553
1195.134280
1195.402117
1195.691459
1195.800699
1196.560261
1196.613181
1196.670853
1196.715622
1197.273825
1199.200174
1200.258990
1200.687718
1200.770826
1200.874537
1200.912384
1200.977347
1201.091379
1201.128653
1201.145569
1201.154703
1201.188332
1201.244242
1201.299292
1201.415127
1201.567826
1201.849590
1201.885880
1201.888461
1201.891451
1202.173706
1202.597929
1202.768609
1203.013837
1203.053158
1203.119759
1203.157934
1203.161293
1203.239485
1203.471688
1203.574579
1203.916759
1203.942072
1204.031939
1204.099727
1204.110623
1204.112998
1204.116193
1204.397916
1204.549304
1205.038735
1206.498509
1206.596731
1206.633021
1206.721577
1206.770852
1206.781010
1206.831432
1206.880174
1206.883041
1206.888120
1206.930350
1207.009444
1207.134659
1207.137075
1207.198515
1207.202161
1207.207772
1207.282074
1207.371203
1207.437271
1207.539016
1208.259052
1208.510177
1208.626299
1210.039542
1210.518733
1210.622239
1210.672415
1210.765804
1211.406541
1211.481252
1211.567964
1211.572920
1211.641774
1211.644273
1211.649188
1211.715052
1211.821588
1211.824497
1212.626084
1212.707389
1216.730767
1217.490903
1217.519862
1217.528832
1217.747436
1217.803633
1217.905910
1217.963131
1218.000404
1218.013512
1218.016051
1218.180096
1218.183578
1218.189599
1218.305802
1218.309530
1218.311864
1219.059999
1219.167027
1219.208356
1219.263488
1219.325747
1219.486024
1219.515105
1221.529149
1221.681930
1222.392340
1223.455908
1223.839703
1224.811684
1225.157222
1225.244549
1225.284485
1225.352561
1225.375498
1225.405809
1225.454633
1225.538519
1225.636004
1226.014147
1226.119332
1226.207724
1226.334249
1226.473267
1226.476216
1226.478797
1226.557768
1227.033887
1227.064525
1227.696456
1227.814789
1228.164301
1228.350505
1228.504269
1228.553052
1228.752118
1228.854190
1229.115597
1229.387530
1229.534536
1230.176379
1230.279352
1230.420500
1230.513439
1230.583972
1230.588068
1230.590566
1231.060664
1231.300116
1232.935444
1232.976527
1233.053491
1233.124229
1233.173750
1233.348608
1233.433887
1235.307889
1235.907748
1236.635771
1236.697539
1236.728914
1236.768440
1236.926710
1236.967752
1236.999905
1237.017682
1237.020426
1237.064950
1237.143347
1237.243167
1237.272822
1237.284372
1237.286748
1237.334426
1237.349949
1237.352776
1237.409792
1237.482455
1238.417039
1240.292229
1240.487567
1240.633426
1240.680694
1240.740291
1240.816476
1240.862106
1240.907203
1242.975109
1243.162378
1243.187282
1243.253473
1243.305247
1243.377254
1243.465687
1243.595571
1243.939594
1244.134195
1244.270838
1244.387041
1244.450693
1244.481249
1244.685312
1244.793037
1244.898632
1244.959171
1245.071606
1245.149798
1245.226803
1245.354967
1245.778166
1245.856563
1245.981082
1246.152704
1246.209352
1246.235853
1246.239171
1246.265057
1246.309376
1246.326661
1246.329487
1246.369382
1246.372004
1246.426071
1246.439055
1246.459576
1246.462239
1246.516265
1246.537196
1246.543299
1246.569882
1246.572831
1246.637834
1246.705910
1246.908948
1247.049114
1247.095644
1247.182111
1247.186739
1247.189320
1247.277670
1247.374213
1247.481897
1247.629967
1247.783035
1248.118252
1248.121610
1248.153027
1248.156221
1248.158843
1248.213197
1248.215900
1248.219628
1248.525722
1249.059144
1249.112637
1249.587323
1249.855939
1250.374533
1251.020390
1251.166167
1251.273236
1251.289866
1251.292529
1251.295273
1251.728548
1251.747840
1251.885056
1251.994173
1252.041155
1252.054139
1252.107428
1252.110582
1252.261601
1252.993516
1252.996710
1253.222892
1253.318779
1253.358797
1253.361582
1253.364204
1253.409833
1253.435556
1253.438669
1253.441044
1253.649408
1253.651538
1253.731533
1253.805220
1253.807964
1254.035087
1254.038036
1254.041068
1254.044140
1254.900122
1255.489004
1257.269740
1257.312829
1257.328763
1257.384509
1258.891633
1260.881510
1262.818181
1262.881505
1262.937170
1265.491067
1268.036239
1268.154368
1268.245586
1268.280648
1268.380795
1268.470579
1268.504535
1268.645315
1270.063473
1270.744842
1270.975857
1271.012188
1271.166444
1271.377633
1271.503749
1271.754834
1271.796244
1271.836180
1271.889347
1271.953121
1272.012923
1272.297800
1272.320860
1272.359690
1272.382300
1272.384881
1272.408351
1272.412692
1272.418140
1272.431739
1272.434360
1272.454021
1272.510464
1272.513126
1272.515871
1272.589599
1272.636908
1272.673034
1272.675533
1272.678564
1272.794235
1272.841912
1272.935588
1272.938332
1272.988795
1273.277194
1273.538970
1273.552568
1273.555190
1273.774367
1274.008248
1274.470236
1275.591844
1275.700224
1275.762934
1276.729631
1276.798321
1277.078159
1277.277389
1277.355827
1277.445202
1277.503447
1277.652992
1277.685760
1278.268948
1278.306222
1278.374093
1278.480343
1278.690509
1278.927585
1279.184323
1279.267881
1282.241946
1282.380759
1282.443469
1282.464358
1282.466775
1282.469806
1282.494792
1282.500485
1282.568233
1282.624143
1282.686607
1282.754109
1282.760581
1282.765660
1282.833736
1283.073024
1283.376169
1283.541320
1283.971195
1284.486267
1284.507607
1284.515185
1284.558643
1284.571873
1284.629955
1284.681974
1284.994212
1285.020385
1285.057331
1285.210931
1289.955901
1289.986294
1290.211533
1290.978099
1291.074068
1293.106790
1295.839314
1295.897682
1296.201605
1296.300687
1296.459203
1297.163551
1297.202504
1297.263739
1297.272054
1297.315717
1297.364869
1297.748132
1297.917174
1298.679603
1298.711224
1298.757673
1298.870190
1299.038413
1299.088425
1299.135488
1299.239076
1303.411794
1303.469097
1303.541187
1303.787561
1303.993754
1303.996047
1304.039711
1304.064287
1304.069980
1304.122163
1304.244347
1304.545976
1304.572805
1304.598159
1304.633262
1304.644485
1304.654152
1304.682865
1304.685773
1304.725914
1304.734843
1304.743158
1305.010340
1305.737544
1307.686584
1308.471173
1308.677939
1308.821504
1309.237862
1309.413499
1309.725082
1309.818143
1309.852959
1309.857628
1309.927465
1309.930168
1309.932872
1309.973709
1309.988495
1310.035681
1310.076682
1310.467973
1313.012449
1313.099284
1313.886126
1314.448056
1314.676982
1314.751816
1315.532964
1315.895665
1315.942932
1316.068639
1316.434780
1316.555612
1323.741471
1323.846738
1323.900928
1323.909939
1323.913011
1323.975066
1323.991368
1324.044984
1324.102287
1324.142510
1324.145582
1324.148204
1324.195512
1324.223365
1324.251750
1324.300247
1324.302909
1324.307988
1324.373033
1324.623626
1324.627395
1325.070909
1325.123830
1325.203907
1325.252567
1325.899244
1325.950894
1326.960148
1326.980137
1327.188255
1327.218975
1327.242732
1327.245189
1327.297905
1327.302001
1327.317975
1327.320678
1327.323709
1327.327887
1327.354880
1327.367537
1327.475630
1327.609078
1327.805440
1328.136929
1328.147866
1328.150528
1328.731464
1328.789340
1328.928276
1330.883502
1330.917704
1330.966200
1331.145933
1331.303875
1333.831229
1334.334013
1334.351299
1334.381158
1334.445998
1334.503916
1334.599803
1334.772613
1335.179305
1336.030945
1336.102584
1336.133427
1336.193925
1336.258273
1336.394588
1336.544297
1336.698593
1336.754872
1336.821064
1336.943329
1337.159393
1337.243443
1337.359852
1337.389507
1337.424609
1337.427354
1337.462211
1337.482977
1337.876193
1338.314752
1338.342031
1338.344612
1338.400768
1338.403471
1338.411008
1338.415473
1338.418258
1338.433331
1338.437468
1338.440499
1338.479616
1338.482483
1338.485105
1338.647101
1338.770678
1338.840678
1338.963272
1338.966139
1339.013161
1339.019633
1339.036467
1339.042079
1339.074314
1339.091313
1339.093934
1339.107860
1339.110441
1339.116954
1339.120026
1339.130839
1339.167089
1339.187282
1339.189821
1339.227955
1339.565670
1339.794186
1339.852022
1340.071158
1340.147835
1340.183675
1340.214149
1340.405801
1340.442747
1340.471583
1340.479898
1340.483953
1340.518605
1340.521185
1340.525445
1340.528476
1340.767068
1340.812780
1341.087375
1341.307249
1341.387039
1341.505495
1341.558661
1341.604045
1341.645005
1341.794509
1342.673306
1343.795405
1344.136970
1344.141558
1344.257966
1344.328376
1344.766566
1345.541038
1346.921144
1347.091046
1347.171942
1347.260334
1348.778394
1349.145969
1349.202780
1349.279089
1349.389763
1349.476270
1349.733458
1349.875180
1349.982085
1350.044058
1350.087557
1350.812099
1350.834749
1350.886277
1350.889513
1350.892175
1350.897664
1350.933832
1350.957097
1350.960046
1350.986383
1351.042171
1354.055188
1354.191544
1354.195436
1354.372301
1356.449833
1357.629727
1361.464893
1361.502700
1361.606246
1361.670103
1361.874125
1361.922580
1362.018304
1362.279301
1362.342420
1362.386698
1362.389156
1362.481807
1362.530263
1362.581299
1362.659533
1362.770166
1362.808627
1364.057907
1364.113981
1364.170301
1364.469350
1364.520714
1364.720067
1364.881613
1365.010145
1365.119181
1366.680781
1366.959063
1367.416095
1367.896515
1370.539745
1371.020329
1371.027579
1371.178516
1371.533230
1371.923661
1373.157990
1373.185147
1373.393879
1374.314045
1374.375363
1375.827272
1375.882322
1375.935488
1376.000410
1376.005284
1376.046735
1376.066601
1376.069345
1376.089743
1376.092160
1376.094904
1376.114442
1376.117023
1376.132710
1376.250184
1376.301629
1376.305029
1376.307528
1376.326246
1376.329482
1376.364503
1376.498934
1376.555745
1377.026253
1378.344550
1378.731254
1378.848809
1378.973286
1379.162317
1379.249029
1379.603128
1380.612055
1380.648223
1380.666286
1380.679066
1380.761518
1381.039514
1381.059338
1381.113569
1381.116396
1381.119099
1381.319311
1381.381161
1381.417533
1381.420401
1381.422940
1381.486469
1381.541437
1381.647483
1381.774868
1382.506578
1384.317133
1386.968556
1387.121500
1387.577795
1387.644150
1387.719926
1387.787100
1387.873239
1387.876475
1387.879055
1387.881964
1387.884995
1387.969700
1388.128911
1388.209889
1388.299305
1388.341330
1388.478177
1388.546499
1388.638659
1388.674744
1388.677571
1388.777923
1388.907561
1389.484032
1390.250435
1391.067791
1392.249283
1392.366510
1392.601088
1392.676127
1392.740516
1392.838697
1392.842711
1392.845455
1392.970588
1393.122877
1393.190748
1393.203651
1393.206313
1393.309450
1393.371750
1393.437655
1393.589207
1393.891410
1393.895670
1393.901937
1393.907016
1393.909678
1393.924547
1393.927455
1393.970995
1393.983898
1394.017894
1394.020803
1394.068849
1394.089411
1394.092687
1394.096292
1394.191729
1394.399355
1394.418156
1394.421228
1394.424013
1395.147407
1397.079818
1397.281546
1399.931535
1400.613642
1400.670986
1400.984166
1401.452790
1401.482281
1401.522627
1401.668198
1401.740698
1401.743401
1401.745940
1401.927148
1401.946194
1401.969500
1401.971958
1401.974989
1402.010296
1402.042122
1402.044621
1402.094715
1402.121503
1403.460608
1403.967570
1404.007916
1404.010906
1404.016845
1404.019548
1404.033556
1404.061942
1404.064604
1404.067512
1404.129403
1404.132557
1404.135219
1404.137964
1404.141445
1404.321137
1404.323799
1404.327813
1404.456591
1404.808028
1404.829983
1404.885402
1404.903219
1405.136814
1405.184614
1405.187604
1405.190267
1405.198909
1405.225738
1405.228319
1405.230531
1405.289595
1405.292462
1405.297664
1405.302456
1405.382205
1405.384704
1405.387489
1405.533184
1406.271857
1406.370447
1406.534287
1406.746296
1406.887690
1407.094743
1407.188582
1407.197921
1407.241052
1407.244124
1407.246868
1407.604777
1407.771566
1408.015319
1408.052265
1408.055665
1408.287621
1408.297411
1408.299868
1408.364216
1408.368517
1408.431350
1408.858972
1408.862003
1408.903086
1408.905667
1408.915456
1408.933970
1408.940319
1408.952934
1408.992829
1409.079501
1409.084170
1409.088881
1410.529812
1410.553733
1410.564710
1410.583265
1410.594406
1410.692506
1410.754601
1410.778808
1411.742269
1411.745260
1411.755663
1411.758203
1415.990886
1416.036762
1416.064573
1416.180244
1416.591073
1416.597463
1416.599839
1418.353787
1418.572964
1420.152627
1420.321382
1420.559892
1420.642959
1422.007214
1422.104371
1422.208942
1422.571930
1422.574551
1422.719345
1422.838456
1423.261082
1423.614116
1423.717294
1423.720448
1423.739290
1423.741788
1423.814533
1423.938806
1424.056279
1424.320717
1424.466289
1424.868598
1425.043128
1425.361920
1425.794499
1427.248579
1427.287941
1427.368960
1427.380961
1427.491021
1427.547791
1427.596206
1427.632251
1427.771597
1428.146708
1428.354417
1428.933591
1429.122048
1429.241938
1429.364859
1429.426627
1429.429658
1429.522473
1429.654323
1430.129992
1430.181069
1430.244270
1430.364938
1430.432891
1430.792438
1431.158743
1431.287767
1431.377797
1431.906140
1431.946363
1431.991050
1432.119132
1432.166769
1432.171602
1432.229478
1432.256061
1432.315863
1432.319386
1432.643379
1432.713011
1432.823153
1432.931410
1434.083000
1434.323763
1434.345841
1434.348995
1434.425713
1434.562437
1434.748805
1434.790789
1434.927022
1435.698954
1436.732948
1438.689935
1439.155364
1439.380562
1440.116695
1440.159744
1440.192307
1440.272179
1440.325919
1440.352993
1440.362537
1440.408412
1440.423158
1440.431923
1440.475464
1440.544645
1440.675922
1440.736952
1440.789258
1440.942285
1518.317199
1518.393057
1518.455972
1518.548296
1518.664991
1518.668841
1519.440814
1519.477514
1519.745638
1520.665395
1520.733594
1520.905134
1521.181696
1521.225400
1521.246822
1521.301258
1521.310351
1521.313341
1521.496392
1524.151173
1524.297974
1524.379320
1524.599112
1524.794614
1527.994532
1528.104632
1528.331674
1528.663327
1528.694538
1530.677002
1533.465354
1535.493489
1535.695258
1535.715041
1535.766118
1537.062134
1537.473905
1538.614559
1538.654372
1541.201592
1541.279539
1541.328568
1544.671396
1545.963602
1545.995633
1546.556826
1546.729964
1547.679457
1548.216197
1548.971827
1551.473172
1551.596954
1552.028549
1552.325878
1552.387564
1553.141064
1553.170022
1553.199473
1553.694843
1553.707459
1553.716511
1553.866793
1554.052178
1554.311496
1554.358231
1554.933023
1554.994913
1555.131802
1555.303956
1555.581624
1557.819924
1557.951529
1558.003139
1558.120817
1558.129541
1558.156411
1558.206546
1558.292685
1558.307512
1558.331187
1558.339707
1558.369116
1558.390252
1558.444032
1558.480118
1558.926459
1559.068467
1559.106478
1559.131136
1559.152189
1559.155098
1559.158579
1559.205356
1559.208223
1559.413842
1559.718625
1559.723991
1559.925105
1560.125604
1560.952709
1561.401631
1561.408389
1561.435300
1561.448530
1561.492603
1561.496248
1562.390651
1562.412605
1562.692690
1562.886103
1563.029012
1563.174994
1563.184251
1563.187651
1563.198464
1563.235328
1563.241964
1563.368489
1563.512340
1563.550065
1563.578327
1564.752732
1565.616415
1572.640850
1573.636588
1573.685821
1573.742551
1573.760328
1573.763441
1573.806121
1574.381691
1575.645225
1575.809761
1575.987323
1580.852306
1580.988948
1580.993659
1581.718323
1581.837722
1585.010811
1585.346519
1588.313702
1589.861622
1590.109225
1593.727099
1593.785590
1595.036385
1595.338179
1598.261862
1600.797491
1600.806994
1601.106452
1606.982246
1615.530066
1617.366794
1619.474964
1619.505930
1619.739525
1619.752796
1619.849953
1620.214825
1621.592105
1622.094397
1622.122742
1624.921825
1626.291732
1636.432323
1636.500685
1636.594975
1636.599316
1636.786176
1637.507154
1637.628109
1638.146703
1638.150595
1638.179389
1638.227722
1638.230794
1638.272492
1638.380626
1638.805340
1638.821970
1638.838518
1638.841426
1638.844211
1638.979502
1639.027098
1639.104635
1639.349412
1639.445463
1639.724769
1639.779738
1639.798702
1639.801733
1639.966147
1640.110694
1640.333763
1640.337859
1640.341340
1640.398316
1640.421540
1640.424366
1640.427151
1640.437105
1640.440300
1640.443290
1640.474706
1640.477532
1640.480481
1640.518902
1640.521646
1640.712847
1640.750694
1640.775270
1640.801362
1640.803533
1640.822006
1640.862802
1640.879268
1640.881971
1640.913510
1640.916664
1640.919532
1640.925061
1640.927887
1640.931860
1641.003663
1641.047859
1641.089229
1641.103319
1641.106063
1641.108562
1641.516196
1641.530655
1641.602744
1641.610199
1641.779651
1642.443612
1642.579354
1642.724762
1642.794066
1642.802749
1642.805576
1643.154637
1643.348132
1644.757606
1645.183795
1646.424433
1646.663598
1646.709760
1647.213117
1647.831941
1656.739799
1656.779899
1656.835891
1657.405112
1657.432310
1657.544950
1657.601966
1657.619784
1657.657344
1657.721364
1657.776824
1657.927393
1659.213455
1662.847959
1662.913126
1662.990459
1663.213322
1663.762432
1669.986017
1670.073467
1670.132736
1671.804600
1672.183931
1672.748483
1672.784077
1672.803983
1672.809923
1672.867717
1672.874803
1672.877875
1672.941036
1672.949514
1672.975729
1672.978186
1672.980849
1672.984453
1673.005629
1673.037496
1673.056952
1673.059492
1673.062359
1673.065841
1673.071903
1673.076982
1673.080300
1673.085051
1673.088369
1673.099469
1673.133875
1673.136701
1673.141903
1673.145180
1673.251635
1673.340068
1673.431040
1678.210294
1678.384865
1678.404731
1678.451917
1678.494106
1678.535311
1679.127224
1679.173878
1679.210209
1679.258993
1679.262761
1684.237517
1684.400087
1684.550451
1685.110784
1688.474665
1689.755689
1689.799066
1689.859768
1689.913180
1689.951764
1690.171228
1690.951680
1692.325642
1693.953679
1693.994435
1694.021755
1694.033961
1694.063452
1694.093148
1694.097777
1694.100070
1694.178099
1694.259937
1694.291231
1694.361846
1699.000443
1699.456451
1699.669402
1699.887268
1699.918602
1699.974144
1699.986678
1699.989463
1699.992084
1700.039844
1700.051395
1700.054139
1700.057293
1700.119634
1700.218839
1700.568637
1700.897587
1701.103370
1701.139292
1701.157151
1701.192786
1701.240054
1701.434040
1701.927772
1702.270321
1702.400041
1702.536397
1705.674957
1705.738076
1706.713457
1706.851369
1706.868490
1707.083080
1707.453030
1707.543347
1708.101755
1708.159959
1708.224348
1708.260024
1708.273541
1708.276449
1708.360294
1708.538798
1708.852060
1708.927386
1709.119775
1709.631283
1709.675069
1709.715210
1709.717012
1709.780296
1709.864428
1709.951304
1709.965967
1709.970514
1710.018314
1710.033510
1710.036623
1710.039409
1710.043996
1710.091756
1710.186578
1710.236017
1710.244372
1710.247854
1710.251827
1710.254735
1710.273413
1710.276035
1710.396211
1710.495703
1710.640087
1710.687191
1710.727455
1710.774190
1710.850744
1711.769723
1711.860204
1711.990702
1712.365281
1714.801050
1717.073306
1717.200486
1717.443379
1717.683732
1720.530780
1720.663368
1720.735293
1725.513646
1725.522330
1725.563167
1725.584425
1725.592453
1725.595279
1725.597450
1725.597942
1725.599785
1725.612524
1725.625344
1725.638083
1725.653729
1725.688177
1725.737533
1725.781975
1726.236918
1726.360494
1729.257021
1731.164815
1731.407340
1731.485696
1732.557414
1732.573348
1734.759629
1735.457915
1735.528079
1735.618273
1736.446075
1737.082388
1742.787256
1742.868193
1742.896292
1742.923571
1742.983741
1743.210906
1744.064061
1744.877036
1746.866135
1746.912297
1746.950881
1746.982420
1746.985329
1746.994094
1746.997125
1747.011748
1747.060736
1747.065897
1747.068355
1747.073679
1747.076997
1748.345692
1748.403692
1748.438917
1748.510433
1749.063762
1749.706588
1750.237102
1750.401843
1750.544630
1750.637036
1754.728980
1754.776330
1754.796646
1754.912195
1754.939802
1754.983997
1755.223491
1755.415265
1755.812577
1755.898307
1755.928494
1755.940700
1756.004639
1759.789548
1761.869947
1761.963377
1761.976279
1761.979843
1762.124431
1762.229944
1762.234819
1762.754396
1762.797076
1766.878618
1766.955172
1767.114506
1767.181148
1767.907983
1767.990968
1768.747090
1768.944435
1769.032540
1769.079685
1769.084559
1769.087222
1769.160991
1772.379955
1772.566282
1773.749576
1773.814784
1773.835387
1773.876675
1773.892239
1773.928612
1774.343537
1783.305871
1783.312425
1783.552573
1784.464835
1784.493548
1784.516035
1784.580874
1784.775066
1785.492275
1786.189824
1786.342236
1786.436403
1786.898883
1787.179622
1787.480023
1787.520164
1787.528192
1787.532288
1787.576320
1787.606016
1787.642511
1787.682284
1787.686052
1787.688468
1787.774075
1788.099953
1788.176302
1788.216156
1788.264407
1788.276900
1788.279685
1788.282348
1788.323594
1788.416778
1788.735037
1788.790088
1800.392499
1800.455045
1800.651530
1800.657510
1800.700846
1800.753111
1800.913592
1800.916992
1800.936325
1800.940134
1800.952095
1800.954634
1800.957583
1800.960778
1800.975852
1800.978883
1800.982446
1800.989245
1800.996741
1801.003418
1801.006612
1801.012838
1801.016279
1801.020457
1801.027953
1801.033114
1801.036923
1801.046385
1801.050399
1801.055150
1801.060352
1801.064735
1801.069322
1801.074729
1801.080545
1801.088123
1801.095004
1801.099633
1801.112658
1801.115853
1801.130394
1801.133588
1801.145180
1801.148867
1801.156444
1801.161155
1801.170534
1801.173688
1801.178440
1801.181676
1801.211453
1801.214566
1801.221325
1801.224397
1801.231483
1801.822372
1801.828844
1801.896755
1804.936356
1805.286154
1805.322732
1805.667369
1806.040637
1806.126858
1806.361641
1806.416036
1806.454784
1806.537892
1806.806630
1806.830387
1806.853407
1807.062958
1807.256044
1807.635415
1807.639921
1807.684608
1807.766979
1807.889080
1808.676987
1810.564178
1810.571100
1810.667110
1810.693243
1810.725888
1810.733670
1810.816000
1810.840822
1810.873344
1810.888499
1811.121070
1811.156582
1811.176817
1811.757957
1811.785073
1811.789824
1811.892224
1812.461773
1814.660588
1816.091771
1818.305577
1818.327532
1818.376520
1818.415473
1821.974569
1822.693704
1822.751252
1822.777999
1822.797046
1822.982881
1823.033139
1823.170028
1823.195668
1823.238021
1823.353405
1827.904676
1832.296325
1835.310449
1835.347968
1835.366072
1840.137585
1840.569303
1840.913367
1841.172398
1842.463130
1843.074908
1843.120333
1843.132539
1843.301622
1843.316777
1843.326771
1843.359580
1844.598866
1844.628111
1846.054830
1846.066217
1846.086328
1846.104105
1846.375711
1846.520177
1846.549340
1846.571090
1846.592553
1846.608036
1846.645309
1846.653092
1846.747914
1847.069491
1847.136051
1847.945994
1847.983063
1848.019763
1849.647145
1850.223493
1850.269696
1850.997801
1852.062638
1852.264980
1852.391916
1852.423291
1852.467036
1852.543713
1852.715131
1853.557637
1853.650248
1853.765304
1853.820150
1854.072668
1854.133699
1854.500905
1854.666547
1854.861066
1854.912430
1856.560128
1857.100349
1857.104077
1857.218028
1857.291510
1857.485701
1857.514537
1857.544643
1857.574666
1857.612104
1857.617715
1857.938555
1858.027233
1858.054513
1858.100797
1858.104648
1858.235269
1858.253865
1858.267587
1858.271232
1858.281636
1858.524856
1858.530017
1858.534523
1859.366216
1859.617178
1859.654492
1860.064829
1862.593987
1863.286374
1863.321027
1863.355679
1863.377592
1863.417569
1863.698964
1863.725220
1863.763927
1864.131502
1864.190198
1864.474132
1864.881439
1864.891924
1865.232753
1865.391759
1865.423503
1865.470403
1865.491415
1865.671148
1865.734349
1865.741517
1865.946808
1866.001981
1866.108928
1866.219028
1866.252042
1866.489651
1866.503578
1866.509844
1866.532086
1866.537329
1866.566984
1866.584801
1866.591437
1866.867507
1866.893189
1866.899087
1866.982851
1867.117486
1867.480965
1867.490263
1867.498455
1867.650458
1867.664466
1867.669832
1867.674583
1867.929313
1867.932426
1867.975516
1868.005376
1868.036956
1868.042363
1868.045107
1868.220416
1868.775997
1868.868485
1868.886712
1868.891996
1868.913541
1868.936274
1868.960686
1869.556490
1869.928366
1869.942333
1870.334444
1872.589128
1872.961372
1874.278318
1874.610258
1875.061760
1875.091538
1875.319521
1875.324641
1875.346022
1875.352371
1875.355279
1875.376456
1875.379241
1875.406684
1875.409674
1875.412419
1875.865477
1878.043238
1878.068756
1879.333110
1879.370834
1879.447306
1880.068055
1880.071373
1880.075510
1880.222474
1880.231363
1880.251187
1880.437146
1880.539054
1880.833679
1880.856371
1880.874844
1880.920760
1882.029179
1882.070753
1882.097910
1882.889421
1882.898555
1883.955896
1884.324577
1884.340429
1884.346286
1884.349235
1884.351529
1884.386099
1884.449260
1884.461916
1884.753592
1885.312246
1885.353574
1885.447086
1885.821215
1885.898220
1885.917020
1886.126408
1886.180925
1886.215660
1886.223852
1886.262313
1886.265508
1886.270464
1886.475715
1886.869422
1886.909563
1886.937129
1887.446221
1888.054641
1888.065249
1888.315187
1888.538747
1888.546365
1888.613048
1888.636969
1889.302897
1889.309901
1889.324196
1889.328988
1889.344389
1889.352294
1889.357332
1889.361879
1889.573683
1889.600799
1889.621033
1889.689682
1890.199511
1890.229248
1890.250138
1891.040829
1891.175670
1891.244073
1891.577610
1891.757507
1891.950141
1891.989873
1892.020552
1892.029686
1892.034437
1892.040212
1892.042998
1892.045332
1892.059095
1892.070318
1892.079043
1892.085228
1892.085719
1892.215726
1892.218511
1892.378255
1892.394680
1893.455913
1893.499658
1893.505843
1894.301000
1894.867640
1894.873989
1895.332332
1895.346176
1895.349658
1895.353426
1895.359611
1895.383450
1895.587267
1895.827169
1895.866982
1895.906836
1896.099922
1896.622449
1896.631419
1896.636047
1896.881234
1897.239347
1897.643459
1898.582548
1898.617037
1898.855301
1899.167580
1899.192156
1899.205550
1899.218002
1899.239752
1899.245527
1899.253678
1899.699446
1899.992760
1900.015165
1900.040602
1900.043633
1900.064645
1900.067430
1900.120310
1900.126085
1900.129403
1900.144312
1900.534415
1900.540232
1900.591718
1901.618463
1901.625221
1901.757850
1901.947494
1902.375404
1902.398956
1902.733558
1903.296553
1903.311954
1903.338455
1903.359877
1903.365980
1903.565537
1903.588188
1903.591711
1903.594209
1903.597568
1903.609446
1903.634514
1904.147702
1904.332677
1904.343081
1904.568238
1904.576881
1904.606085
1904.614441
1904.626934
1904.629555
1904.760463
1904.883180
1904.893133
1904.979722
1905.149256
1905.172931
1905.215201
1905.311048
1905.326653
1905.354957
1905.541366
1905.611776
1905.779180
1906.329887
1906.738135
1907.380060
1907.692544
1907.790438
1907.949896
1908.582605
1908.690534
1908.991058
1909.003059
1909.873541
1912.136499
1912.365548
1912.378532
1912.400691
1912.404337
1912.437187
1912.458281
1913.394504
1913.406833
1913.603277
1913.731564
1913.958318
1913.977979
1913.992315
1914.335764
1914.473800
1914.656358
1914.708296
1914.897654
1914.927186
1914.958193
1915.382497
1915.421819
1916.854764
1916.864881
1920.281108
1920.426271
1920.912916
1920.933765
1921.935278
1921.946214
1921.953915
1921.957110
1921.965179
1921.969480
1922.114560
1922.118656
1922.124308
1922.757100
1922.777825
1922.821652
1922.857001
1922.860892
1923.000033
1923.129549
1923.149865
1923.273441
1924.245668
1926.059336
1926.347489
1926.997852
1927.686717
1927.697900
1927.719772
1927.722516
1927.747707
1927.750451
1927.770235
1927.773102
1927.851622
1927.963648
1928.043438
1928.110203
1928.114135
1928.212849
1928.230543
1928.262820
1928.474214
1928.497889
1928.848466
1928.866693
1928.891023
1928.997274
1929.231565
1929.278300
1929.313649
1929.334497
1929.529426
1929.562808
1934.213079
1934.233641
1934.249288
1934.268989
1934.297498
1934.510490
1934.575739
1934.773453
1935.211274
1935.248261
1935.253012
1935.343493
1935.593882
1935.893627
1935.933932
1936.056197
1936.066847
1936.070124
1936.072704
1936.113295
1936.142295
1936.146186
1936.161628
1936.164250
1936.168755
1936.248136
1936.472719
1936.483082
1936.487014
1936.719176
1937.085235
1937.111654
1937.179075
1937.349509
1937.378017
1937.410580
1937.453752
1937.690665
1937.846067
1937.888092
1938.748948
1938.813542
1939.117670
1939.354460
1939.372155
1939.408036
1939.435930
1939.443139
1939.463291
1939.718758
1939.888620
1939.942236
1940.002161
1940.301578
1940.929618
1940.950221
1941.322138
1941.340447
1941.351793
1942.154854
1942.157066
1942.171853
1942.368174
1942.455788
1942.485402
1942.502564
1942.513746
1942.514934
1942.523372
1942.546309
1942.550979
1942.555525
1942.558515
1942.575309
1942.604431
1942.734930
1942.751273
1942.795387
1942.958326
1943.008952
1943.845970
1943.873290
1943.887749
1943.895163
1943.898849
1943.902495
1944.030249
1944.076124
1944.100864
1944.133100
1944.166687
1944.865014
1945.078579
1945.103933
1945.197732
1945.506529
1945.655992
1946.953318
1946.977894
1946.981253
1947.040645
1947.191747
1947.229307
1947.247534
1947.721114
1948.063212
1948.473836
1949.905961
1949.925499
1955.087442
1955.159327
1955.396485
1955.457516
1955.604439
1955.631964
1955.638682
1956.047176
1956.096369
1956.143432
1956.316365
1956.352819
1956.818452
1957.534556
1957.568389
1957.721334
1957.734113
1957.737554
1957.740462
1957.766226
1957.769298
1957.776671
1957.779456
1957.782241
1958.243287
1958.281789
1958.301368
1958.315827
1958.320415
1958.457057
1958.481101
1958.516081
1958.541681
1958.556180
1958.559621
1958.564741
1958.571786
1958.578586
1958.680494
1958.815171
1959.513334
1960.034345
1960.173322
1960.611758
1960.652431
1961.908797
1961.937142
1961.940255
1961.965322
1963.270226
1963.581891
1963.585864
1963.589509
1963.595776
1963.608924
1963.713659
1963.794309
1963.881349
1963.892613
1963.902362
1964.215542
1964.232786
1964.323062
1964.586066
1964.606628
1964.638863
1965.724099
1965.773292
1965.787300
1966.351688
1967.767142
1967.799542
1968.343613
1968.476570
1968.758211
1968.784384
1968.800727
1971.995812
1972.060324
1972.398203
1972.456202
1973.628764
1973.955953
1974.000476
1974.376120
1974.584771
1975.123845
1975.260733
1975.372595
1975.514071
1975.564370
1975.593370
1976.150671
1976.290918
1976.751596
1977.040486
1977.159352
1977.189417
1977.195356
1977.204818
1977.236480
1977.239716
1977.256346
1977.262203
1977.265766
1977.269125
1977.273713
1977.277563
1977.317130
1977.496904
1977.514394
1977.533809
1977.571287
1977.581609
1977.584312
1977.588326
1977.606963
1977.667256
1977.869476
1978.195804
1978.252165
1978.278420
1978.284237
1978.360955
1978.526679
1978.573046
1978.590454
1978.645873
1978.862756
1978.896425
1979.179581
1979.219231
1979.293983
1979.353498
1979.603968
1979.648573
1980.720865
1980.749251
1980.772557
1980.785500
1982.303683
1982.411244
1982.432420
1982.435410
1982.468014
1982.470758
1982.475100
1982.477967
1982.777836
1983.394406
1983.533998
1983.561728
1983.589622
1983.804539
1983.823667
1984.879985
1985.008927
1985.434747
1986.443059
1986.455757
1986.486968
1986.763858
1986.781143
1989.403075
1989.855273
1989.885747
1990.002811
1990.084813
1990.096773
1990.108365
1990.114959
1990.583542
1990.597468
1990.616924
1990.662308
1990.679880
1991.062077
1991.108690
1991.327089
1991.358669
1991.378739
1991.445463
1992.271135
1992.281620
1992.407409
1993.059656
1993.102991
1993.104548
1993.252413
1993.259295
1993.265070
1993.551667
1994.384712
1994.773668
1995.357512
1995.393679
1995.469128
1995.657175
1997.322977
1998.621123
1999.285576
1999.335670
2000.860242
2003.252224
2004.038083
2004.086047
2004.121559
2004.133765
2004.137124
2004.140769
2004.144701
2004.151009
2004.180664
2004.183941
2004.189102
2004.223017
2004.270162
2004.343890
2004.388823
2004.392264
2004.397752
2004.405944
2004.416471
2004.419789
2004.429455
2004.432036
2004.438548
2004.442112
2004.446700
2004.457390
2004.460503
2004.466115
2004.471726
2004.476641
2004.492329
2004.494418
2004.502200
2004.507689
2004.520591
2004.523500
2004.553564
2004.593172
2004.595343
2004.603208
2004.610580
2004.619305
2004.624220
2004.636180
2004.651254
2004.654244
2004.664074
2004.681400
2004.685087
2004.687708
2004.694753
2004.705608
2004.708229
2004.711547
2004.716339
2004.719084
2004.727153
2004.731331
2004.736573
2004.740833
2004.746445
2004.750541
2004.873339
2004.881244
2004.918436
2004.921672
2004.924539
2004.946985
2004.949565
2004.978975
2004.981924
2004.985692
2004.989174
2005.035377
2005.037916
2005.050491
2005.053194
2005.057413
2005.081047
2005.104067
2005.107098
2005.209989
2005.213266
2005.215805
2005.348598
2005.359165
2005.361828
2005.524398
2005.575557
2005.687214
2005.934817
2006.071624
2006.118973
2006.129500
2006.132449
2006.148383
2006.161367
2006.164234
2006.166979
2006.172836
2006.175744
2006.230958
2006.275400
2006.300508
2006.303334
2007.563674
2007.922483
2008.034959
2008.152228
2008.186675
2008.198840
2008.279450
2008.288543
2008.298127
2008.307876
2008.313446
2008.341627
2008.384389
2008.398070
2008.471020
2008.473600
2008.539464
2008.539996
2008.556462
2008.589885
2008.597955
2008.604180
2008.656691
2008.673157
2008.696873
2008.779203
2008.786084
2008.795259
2008.810742
2008.874148
2009.076204
2009.094062
2009.118351
2009.135964
2009.175081
2009.640673
2009.656934
2009.659884
2009.667953
2009.670738
2009.695396
2009.756959
2009.760932
2010.728653
2012.483953
2012.745482
2013.361439
2013.412229
2015.052390
2016.055255
2016.251412
2016.800686
2016.955597
2016.983081
2017.022484
2017.221673
2017.262182
2017.407836
2017.426760
2017.438065
2017.440973
2017.460593
2020.431872
2020.470989
2020.535132
2022.191800
2022.951690
2023.847404
2023.978721
2024.133468
2024.228332
2024.243282
2025.488957
2026.626703
2027.922637
2028.256911
2028.285460
2028.292628
2028.506849
2028.544164
2028.584550
2028.633825
2028.901540
2028.917309
2029.077176
2029.236593
2029.795820
2029.880852
2030.421893
2030.501888
2030.536827
2030.547354
2030.635213
2030.662287
2030.670356
2030.673347
2030.700257
2030.844518
2030.887199
2031.239168
2031.281521
2031.435776
2031.482266
2031.600763
2031.609487
2031.707505
2031.717376
2031.720448
2031.818424
2031.847465
2031.858934
2031.868805
2031.888589
2032.006308
2032.218399
2032.239862
2032.249774
2032.252682
2032.262799
2032.270459
2032.276439
2032.283034
2032.286515
2032.290161
2032.370401
2032.403251
2032.427663
2032.528179
2032.577085
2032.677396
2033.323090
2033.636803
2033.693696
2033.844019
2033.851884
2033.882440
2033.920860
2033.946624
2033.968906
2033.977016
2033.988485
2033.991434
2033.999831
2034.124554
2034.156134
2034.348646
2034.398085
2034.596250
2034.684518
2034.719826
2034.724127
2035.183288
2035.205693
2035.255255
2035.304243
2035.679355
2035.848069
2035.890586
2035.917128
2035.917455
2035.923476
2035.926098
2035.941786
2035.948913
2035.958088
2035.962839
2035.965460
2036.244931
2036.262175
2036.267131
2036.288143
2036.517519
2036.532593
2036.546028
2036.556841
2036.901192
2037.066097
2037.153915
2037.205893
2037.240013
2037.259100
2037.406515
2039.095255
2039.107748
2039.133102
2039.160873
2039.474012
2039.504159
2039.741645
2040.320532
2040.508211
2040.534876
2041.321800
2041.365627
2041.409741
2041.530860
2041.667830
2041.676718
2041.782723
2041.852846
2041.864724
2041.921167
2042.019758
2042.121544
2042.124698
2042.202849
2042.250486
2042.277560
2042.333594
2042.448036
2042.562888
2043.797504
2043.826135
2043.850752
2043.853455
2043.860992
2043.863572
2043.892859
2043.908465
2043.911250
2043.914035
2044.509512
2044.540928
2045.422592
2046.670889
2047.734374
2049.816822
2049.842954
2049.884160
2050.456781
2050.504868
2051.473244
2051.672637
2051.709379
2051.973652
2052.218429
2052.323246
2052.401398
2052.448870
2052.492943
2052.587438
2052.692992
2052.774175
2052.813865
2052.850483
2052.912906
2053.004657
2053.517271
2053.993472
2055.473398
2055.526277
2056.522465
2056.540119
2056.598897
2056.602542
2056.769495
2056.789279
2056.836628
2056.856822
2056.892662
2056.929280
2057.325445
2057.341952
2057.351496
2057.356943
2057.361367
2057.373696
2057.387336
2057.394299
2057.410028
2057.486377
2057.516524
2057.625477
2057.930957
2057.954345
2057.981583
2057.987891
2057.990513
2058.217062
2058.354688
2060.838912
2061.044040
2061.105439
2061.136241
2061.227909
2061.232005
2061.266575
2062.457938
2062.480998
2062.900879
2062.920909
2063.026954
2063.045755
2063.209964
2063.282954
2063.291884
2063.296102
2063.300444
2063.313592
2063.324201
2063.330959
2063.348982
2063.358198
2063.361556
2063.364710
2063.488655
2066.067907
2066.720154
2066.788147
2066.828780
2066.955551
2066.994995
2067.010232
2067.035996
2067.052790
2067.056026
2067.060040
2067.084493
2067.094487
2067.097764
2069.265285
2069.881610
2069.971313
2069.981430
2070.114468
2070.434693
2070.632653
2070.757130
2071.128924
2071.137198
2071.139820
2071.173530
2071.198147
2071.239475
2071.278305
2071.288136
2073.547366
2073.580175
2073.610813
2073.636086
2076.449915
2081.446461
2081.721917
2082.266440
2082.302321
2085.348966
2085.368791
2085.415608
2085.968855
2086.284698
2086.344417
2086.426706
2086.434447
2086.610207
2086.783754
2086.830080
2086.836634
2086.938788
2086.977987
2087.024845
2087.061299
2087.135928
2087.926047
2087.978721
2088.846213
2092.651684
2095.258911
2095.324897
2095.365407
2095.412142
2095.415091
2098.158510
2098.250056
2098.287370
2098.377441
2098.379735
2098.423767
2099.018711
2099.183780
2100.018995
2100.034191
2100.056310
2100.178084
2100.238541
2100.403405
2100.440064
2100.520550
2100.568269
2100.691026
2100.744151
2100.788634
2100.888494
2100.924785
2100.956365
2101.056389
2101.077033
2101.231493
2101.326152
2101.349212
2101.396603
2101.439734
2101.486469
2101.514732
2101.533450
2101.542748
2101.621023
2101.647770
2101.664154
2101.952963
2102.082396
2102.117130
2102.151127
2102.186639
2102.241034
2102.283100
2107.759002
2107.838095
2112.990126
2113.043456
2113.065738
2113.462518
2114.235761
2114.345247
2114.529321
2114.556232
2114.716836
2114.772500
2114.829230
2114.870026
2114.885960
2114.924175
2115.123036
2115.153388
2115.988890
2120.276337
2120.307630
2120.443372
2120.471593
2120.587141
2120.669676
2120.715059
2122.929193
2128.461865
2128.500122
2128.555254
2128.762511
2128.773571
2128.813384
2128.839639
2128.846766
2128.918569
2128.988815
2129.141391
2129.398620
2129.457070
2129.459978
2129.542799
2129.696358
2129.737318
2129.776517
2129.908777
2129.963418
2130.005811
2132.300923
2137.918833
2138.906173
2138.915389
2139.067515
2139.112079
2146.953830
2147.084820
2147.109315
2147.201802
2147.290153
2147.467182
2147.471032
2149.085143
2152.147927
2152.216207
2152.238817
2152.271094
2152.379761
2152.431862
2152.466145
2152.480195
2152.501821
2152.504975
2152.528732
