161.619231
161.714954
161.724457
161.727775
161.731052
161.734861
162.514330
169.467453
169.588449
169.628426
169.771704
171.690557
171.695800
171.699896
171.702723
175.376384
175.383020
175.386747
175.390106
178.084536
178.090230
178.094326
178.097070
184.950866
185.167831
185.173238
185.177252
185.181184
186.530120
189.393183
195.314524
195.387884
202.363249
204.955771
205.856727
205.861724
205.864837
205.867745
206.995620
208.945971
211.296379
211.316736
220.972851
220.977029
220.983173
228.261847
235.883397
238.990090
240.628244
243.125043
243.269263
244.550574
244.893860
249.818931
253.700465
254.997422
264.342528
266.013041
266.018447
266.022953
266.026066
266.257162
267.549123
272.139059
272.358236
276.130079
282.256425
282.261750
282.265600
282.441564
283.942994
292.732273
292.736942
298.121216
299.033395
308.332462
308.339671
313.035162
313.168568
313.606922
324.726456
327.945748
330.380616
341.696799
346.750730
348.045640
349.657498
355.544392
358.866125
359.996498
360.010916
360.016282
360.018903
360.208179
360.595866
360.600207
360.603525
362.865582
364.284191
366.246625
366.284022
367.765914
367.803105
379.113308
379.126497
379.129979
379.133460
379.139154
379.142267
379.481907
379.534172
379.622973
379.675361
385.025352
389.746852
395.419525
396.404204
397.362545
399.696814
405.840732
406.717276
406.857032
410.314875
410.503004
411.230659
411.234673
415.577539
415.599780
418.405089
418.873672
419.492577
419.523830
425.971343
426.298860
428.089057
430.180147
430.332273
433.589944
433.798840
437.325742
438.025380
438.113075
438.127616
438.444442
438.717276
459.972076
462.322565
462.335058
462.341161
462.343782
463.255511
463.999468
464.283034
464.288727
464.293519
464.296550
464.300687
472.484782
477.997834
486.893896
493.584916
502.953083
509.273825
511.771689
511.777423
511.780700
511.785820
514.010194
514.181325
529.216512
541.701652
541.774438
541.883965
550.543319
550.767657
550.779863
550.782689
550.785311
556.098683
556.216156
557.214802
558.289060
559.734170
562.165391
562.782085
565.538939
565.741773
574.443315
575.883592
583.726408
586.502144
588.366848
588.860826
591.564595
598.854410
603.198628
603.250074
603.257078
603.260396
603.263017
603.266499
604.911247
604.923658
604.927590
604.930130
607.475548
608.647373
611.231130
612.465910
614.609224
618.440827
631.753564
632.093450
632.099226
632.103895
632.106353
632.111104
644.340490
648.875704
655.241789
665.451110
665.487237
667.363820
667.367629
667.372626
667.375903
671.966044
686.966825
687.648604
704.347955
704.353731
704.357089
704.359752
704.569672
704.578970
704.584663
704.587366
716.897485
716.909650
717.134152
719.641805
720.683663
733.278904
734.044160
735.655240
738.786673
810.024632
810.038108
810.073784
810.079683
810.124042
810.199736
810.235126
810.251059
810.270556
810.274120
810.278216
810.286367
810.291569
810.438369
810.466017
810.570506
810.648904
810.667418
810.677862
810.796851
810.933494
810.985431
811.073536
811.829740
811.992760
812.124692
812.256379
812.538593
812.899860
812.911002
813.065585
813.069804
813.072957
813.077873
813.357588
813.513564
813.518930
813.526344
813.529825
813.707674
813.761454
813.814252
814.087905
814.132716
814.246134
814.272471
814.357545
814.436721
814.886748
815.024210
815.235031
815.255962
815.289795
815.342879
815.422505
815.469650
815.491277
815.670518
815.671132
815.842468
816.045466
816.190218
816.394445
816.540795
816.681042
816.781599
816.935690
817.026089
817.089085
817.135002
817.338532
817.429422
817.516339
817.640940
817.723023
817.768284
817.803796
817.808876
817.812234
817.817559
817.918239
818.035343
818.090516
818.161623
818.317476
818.382275
818.392719
818.396815
818.400215
818.580398
818.652324
818.724250
818.822349
818.934825
819.173294
819.197747
819.214705
819.321201
819.346964
819.392102
819.424502
819.438756
819.446088
819.449446
819.699139
819.839877
819.928392
819.990815
820.009452
820.014203
820.291584
820.331561
820.440596
820.452311
820.457636
820.566139
820.656824
820.717814
820.736123
820.902543
820.997693
821.075476
821.177016
821.257953
821.307474
821.353103
821.368177
821.400453
821.498839
821.867028
821.872026
822.035702
822.162842
822.273761
822.332867
822.421135
822.439199
822.443827
822.448087
822.576497
822.638715
822.675988
822.863135
822.990725
823.104717
823.266877
823.358505
823.436165
823.548355
823.607788
823.718707
824.158659
824.171110
824.403436
824.546550
824.660173
824.727429
824.765481
824.780677
824.785101
824.788132
824.954266
825.139446
825.317376
825.515254
825.910354
825.952461
826.054124
826.264699
826.337690
826.479985
826.547200
826.629980
826.678845
826.684989
826.795581
826.970399
827.025900
827.100652
827.249377
827.342766
827.673395
827.875983
828.012052
828.078653
828.094013
828.100321
828.105073
828.347433
828.484526
828.526961
828.604785
828.614124
828.617236
828.621619
828.627272
828.843459
828.882289
829.045965
829.075415
829.185434
829.425664
829.495050
829.555180
829.701980
829.765673
829.952369
830.075412
830.095278
830.226227
830.343004
830.894367
830.899200
830.903828
831.090688
831.240397
831.257600
831.263949
831.268413
831.273533
831.348777
831.441674
831.490703
831.698616
831.723520
831.734170
831.740355
831.966536
832.022405
832.180511
832.260874
832.502743
832.514130
832.522568
832.604774
832.714260
832.830996
832.987791
833.047429
833.138934
833.267999
833.353073
833.461903
833.582694
833.701765
833.818788
833.904968
833.914348
833.918525
834.054390
834.180424
834.192261
834.327142
834.431263
834.695045
834.706022
834.710569
834.714255
834.724045
834.728305
834.992742
835.085558
835.242557
835.274875
835.360440
835.423887
835.490447
835.541156
835.552338
835.687752
835.892183
836.034191
836.077404
836.196557
836.203520
836.322181
836.368466
836.426588
836.573020
836.653261
836.717896
836.922450
836.944814
836.955914
836.959355
837.066547
837.306778
837.468856
837.491466
837.509816
837.623276
837.793423
838.102180
838.161490
838.299279
838.335980
838.441820
838.512271
838.630400
838.784901
838.893486
838.899261
839.510057
839.789650
841.835602
843.012465
843.709440
843.736228
843.902484
843.905884
843.911537
843.916042
843.920630
843.959460
844.042281
844.079636
844.128174
844.164915
844.170772
844.174541
844.179948
844.352840
844.438405
844.512993
844.626166
844.629811
844.635546
844.788040
844.846572
844.884378
845.063373
845.082829
845.150781
845.242122
845.462528
845.493658
845.800735
845.809172
845.947740
846.018150
846.053581
846.068326
846.125916
846.171013
846.466253
846.557430
846.642545
846.670766
846.701363
846.741545
846.781071
846.823260
846.829855
846.833254
846.837842
846.842470
848.941138
850.337587
851.043369
851.115131
851.217900
851.277046
851.280323
851.284255
851.438756
851.453583
851.469599
851.473613
851.504701
851.631186
851.638764
851.642860
851.659940
851.696353
851.750871
851.771433
851.880632
851.894600
851.898778
851.987087
852.009247
852.019159
852.032717
852.110664
852.193976
852.219904
852.291830
852.347535
852.414915
852.492206
852.549222
852.560527
852.564828
852.737925
852.749312
852.861338
852.933263
853.017928
853.033370
853.112873
853.168824
853.250171
853.256929
853.363384
853.508874
853.533901
853.644329
853.653053
853.673042
853.730058
853.753201
853.807309
853.858959
853.870428
853.873009
853.880627
854.021489
854.029517
854.179717
854.313452
854.361375
854.490972
854.493716
854.644408
854.746399
854.821151
854.899958
854.975406
855.066870
855.176970
855.228785
855.325860
855.372390
855.449108
855.464018
855.467745
855.471350
855.535370
855.690404
855.749018
855.795139
855.861535
855.907082
855.959306
856.082391
856.094556
856.238899
856.315781
856.360305
856.476713
856.556544
856.717394
856.764989
856.804884
856.838390
856.857723
856.895775
857.065185
857.894461
858.486743
858.539950
858.561905
858.625966
858.770063
858.815939
858.856120
858.879631
858.888479
858.892534
858.967613
858.989117
859.064361
859.079557
859.159429
859.262648
859.288576
859.427430
859.577180
859.585741
859.764736
859.825193
859.897569
859.990999
860.195512
860.479652
860.562842
860.629279
860.677120
860.729631
860.772024
860.988088
861.106586
861.124690
861.369303
861.419192
861.465682
861.512909
861.714924
861.797458
861.910876
862.128660
862.415462
862.481777
862.519828
862.695793
862.770954
862.841119
862.869463
862.973665
863.110390
863.288607
863.441715
863.500698
863.553454
863.591916
863.666053
863.702753
863.714959
863.937372
863.941263
864.032563
864.147415
864.162857
864.218808
864.243876
864.304620
864.341361
864.549110
864.638034
864.808141
865.041203
865.224131
865.254441
865.320960
865.340170
865.363149
865.467802
865.541038
865.679933
865.707622
865.743913
865.754440
865.760788
865.764434
865.945272
866.176410
866.511053
866.622792
866.877686
867.109437
867.214909
867.307971
867.358228
867.519201
867.695002
867.779666
867.796664
867.804201
867.999007
868.107715
868.144005
868.309729
868.341309
868.422738
868.545536
868.581253
868.713062
868.873216
868.952924
868.991345
869.112463
869.119099
869.124669
869.127782
869.243576
869.299773
869.335081
869.429248
869.438423
869.443256
869.576540
869.749842
869.821030
869.935309
870.038159
870.063882
870.226944
870.350725
870.488924
870.518374
870.579978
870.621102
870.664233
870.709125
870.801367
870.858957
870.898196
870.924943
871.162634
871.678689
871.766344
871.841546
871.953080
872.013046
872.091075
872.195604
872.215388
872.291082
872.354570
872.379228
872.446198
872.526971
873.460490
873.481052
873.515500
873.588204
873.658860
873.707766
873.831137
873.854280
874.017546
874.104791
874.289848
874.405560
874.633462
874.781327
874.931937
875.092050
875.143578
875.221729
875.312783
875.364680
875.441971
875.489935
875.600445
875.759575
875.815567
875.913789
876.035932
876.124692
876.223529
876.260925
876.288246
876.386263
876.521718
876.529254
876.632596
876.686868
876.747858
876.848824
876.904120
877.021635
877.039657
877.127188
877.216604
877.463716
877.789798
877.882696
878.007542
878.012744
878.108426
878.167122
878.211891
878.249697
878.297825
878.381466
878.827479
878.903173
878.921728
879.036293
879.176172
879.253709
879.332721
879.403581
879.542313
879.629681
879.672852
879.739003
879.762801
879.855084
879.923036
880.005448
880.024576
880.111206
880.155689
880.207340
880.220283
880.311501
880.465142
882.415780
882.983199
885.307146
886.039552
886.620160
886.685532
886.726533
886.792806
886.796124
886.923796
886.969262
886.993674
887.052739
887.073669
887.099228
887.123804
887.130235
887.138796
887.145677
887.229481
887.237427
887.257661
887.267738
887.289651
887.440916
887.468524
887.540695
887.604920
887.644897
887.801774
887.854162
887.939400
888.035000
888.129208
888.174797
888.285471
888.339866
888.353997
888.379556
888.452465
888.475853
888.521400
888.616059
888.642847
888.663081
888.755487
888.821023
888.915804
889.036390
889.106350
889.151611
889.226609
889.282191
889.336668
889.432269
889.599017
889.657631
889.718374
889.800417
889.906463
890.004726
890.055352
890.189455
890.247741
890.337403
890.393068
890.442957
890.462618
890.471383
890.479698
890.574070
890.599956
890.621460
891.493581
891.546501
891.636572
891.694080
891.699446
891.703706
891.707146
891.796398
891.842437
891.857510
891.885322
891.956797
891.964826
891.995546
892.082627
892.307251
892.382249
892.440289
892.520489
892.606792
892.663931
892.734054
892.779397
893.067018
893.207593
893.226312
893.292913
893.341123
893.351117
893.358449
893.362135
893.479444
893.624689
893.755105
893.832110
893.869384
893.879583
893.885563
894.027612
894.111580
894.265836
894.405796
894.484603
895.459615
895.484559
895.515197
895.521341
895.578931
895.606456
895.705948
895.766856
895.824773
895.857705
895.912919
895.941755
896.003604
896.059802
896.080978
896.205660
896.231588
896.303882
896.333865
896.362824
896.623575
896.683254
896.761569
897.075077
897.144095
897.216389
897.254687
897.303716
897.357087
897.372406
897.411031
897.482793
897.489715
897.585070
897.732526
898.267791
898.472100
898.553610
898.577121
898.642330
898.827592
898.864620
899.217859
899.331686
899.628974
899.733996
899.802849
899.904102
899.988152
900.070687
900.239524
900.372029
900.477420
900.503921
900.519526
900.565484
900.658135
900.818002
900.890010
900.995236
901.271634
901.334262
901.427241
901.441536
901.445591
901.503017
901.682954
902.733414
902.760653
902.838804
902.901187
902.918922
903.020749
903.072891
903.152476
903.165993
903.170662
903.286047
903.413596
903.535944
903.633469
903.686431
903.785021
903.894139
903.910932
903.993221
904.052818
904.130150
904.209613
904.242831
904.376607
904.534016
904.599798
904.804803
904.850022
904.898970
904.944517
905.037947
905.128755
905.218990
905.318605
905.656771
905.665536
905.812255
906.002514
906.030694
906.140672
906.199654
906.224230
910.499717
910.565622
910.605804
910.608589
910.615593
910.696530
910.706360
910.718116
910.721270
910.725366
910.870938
910.902641
910.940406
911.000781
911.020237
911.030026
911.037932
911.043543
911.107236
911.152824
911.205827
911.248097
911.369748
911.489638
911.537684
911.740764
911.769518
911.879373
911.967560
912.077742
912.272302
912.375235
912.402309
912.408166
912.415416
912.525681
912.589537
912.675594
912.793969
912.912753
912.966615
913.048576
913.129513
913.171333
913.197957
913.242890
913.330217
913.526497
913.551770
913.563238
913.567539
913.570939
913.693041
913.814487
914.037883
914.191196
914.231419
914.263163
914.332180
914.585682
914.673172
914.759639
914.903982
915.037962
915.054100
915.208684
915.314852
915.423969
915.507937
915.612058
915.699630
915.785523
915.901604
916.017029
916.055736
916.162232
916.177756
916.303503
916.410286
916.485939
916.533330
916.572897
916.592108
916.699668
916.784538
917.530214
918.082888
918.163210
918.240297
918.245622
918.250414
918.360556
918.461604
918.507397
918.535414
918.549176
918.620774
918.655877
918.694584
918.738330
918.746194
918.753034
918.759875
918.765896
918.775767
919.405527
919.951852
920.255037
921.769861
922.171269
922.235904
922.254541
922.260111
922.264453
922.276577
922.448282
922.471178
922.516603
922.580828
922.595287
922.602537
922.608189
922.632929
922.748928
922.807132
922.838835
922.863739
922.878771
923.155128
923.375411
923.428495
923.518280
923.531878
923.571241
923.675525
923.736965
924.119491
924.154511
924.248023
924.368241
924.477481
924.588073
924.702065
924.787302
924.879626
924.939387
924.997796
925.059277
925.242163
925.304095
925.422715
925.474939
925.603512
925.624852
925.707960
925.731144
925.802537
925.870244
926.016102
926.141276
926.192230
926.267146
926.312284
926.356275
926.393303
926.430822
926.443848
926.465475
926.472724
926.584750
926.729011
926.758298
926.920294
926.963139
927.079137
927.109775
927.157289
927.205458
927.214387
927.218237
927.302533
927.330836
927.428649
928.599736
928.702095
928.778936
928.783729
930.184192
930.198118
930.561434
930.623570
930.655191
930.686403
930.776760
930.841723
930.899681
931.091784
931.100385
931.222774
931.285565
931.302810
931.390751
931.452109
931.544760
931.578798
931.654083
931.780362
931.848233
931.874324
931.881943
931.885875
931.969843
931.989750
932.019528
932.030710
932.170179
932.258939
932.264264
932.268237
932.930970
933.724774
933.853061
933.909217
933.926748
933.995315
934.016778
934.021612
934.041559
936.430838
937.050890
940.649513
947.277824
947.320586
947.371008
947.398738
947.406438
947.409060
947.462595
947.515433
947.552461
947.579085
947.635036
947.788022
947.873915
947.959316
947.986801
948.069622
948.085228
948.091863
948.098785
948.101530
949.317755
949.382963
949.497242
949.541683
949.563679
949.579080
949.587149
949.592023
949.600379
949.679882
949.697208
949.713756
949.720351
949.726413
949.736120
949.790515
950.069780
950.118851
950.197740
950.205809
950.361293
950.480527
950.640804
950.644982
950.649078
950.754304
950.835118
950.887875
950.965043
951.012311
951.101891
951.122739
951.125975
951.132774
951.211540
951.245414
951.284982
951.358054
951.407452
952.688353
952.828969
952.900567
953.036882
953.144443
953.206170
953.358090
953.668895
953.743892
954.138706
954.345513
954.391634
954.756956
954.882785
955.016479
955.185398
955.223818
955.354440
956.527370
956.589302
956.649185
956.702802
956.741960
956.751135
956.754985
956.771820
956.851241
956.915180
956.970271
957.022536
957.099295
957.154427
957.220250
957.234012
957.355868
960.946790
964.647485
964.846510
964.931748
965.028086
965.577523
966.294200
966.303212
966.347284
966.355067
966.441615
966.456443
966.461399
966.466355
966.475571
966.483272
966.501949
966.506004
966.518374
966.566543
966.603612
966.698639
966.741524
966.836634
966.859162
967.022346
967.171932
967.686062
968.917156
969.040773
969.050644
969.056666
969.111716
969.123103
969.126298
969.129165
969.138217
969.142313
969.206456
969.230623
969.283502
969.303204
969.335235
969.365422
969.430303
969.572024
969.660908
969.782149
969.829253
969.917358
969.990799
970.062520
970.107945
970.223452
970.231357
970.235658
970.365747
970.424238
970.431734
970.527621
970.557317
970.708705
971.497308
971.666678
972.371927
972.457697
972.484485
972.526060
972.565627
972.573164
972.585288
972.589466
972.704317
972.737741
972.748923
972.757647
972.760678
972.772024
972.776243
972.952084
973.026099
973.119693
973.199442
973.329121
973.487022
973.674742
973.755638
973.841367
973.855539
973.865411
973.868974
973.959660
974.124483
974.183711
974.239212
974.299177
974.341243
974.374175
974.412268
974.453432
974.489518
974.501356
974.506107
974.509384
975.521300
977.260790
980.118938
980.348273
980.625572
982.046515
983.431455
983.643013
983.858872
983.893156
983.899136
983.912858
983.998300
984.008172
984.016118
984.020050
984.040817
984.045814
984.056996
984.063590
984.072888
984.115405
984.120689
984.128225
984.134083
984.149115
984.155873
984.165908
984.257413
984.298742
984.325489
984.390533
984.402657
984.407204
984.413921
984.430715
984.499855
984.507924
984.512348
984.633713
984.663613
984.690483
984.736850
984.775762
984.829133
984.962417
985.011077
985.141412
985.199329
985.250611
985.292841
985.309676
985.324872
985.328804
985.409618
985.524470
985.552568
985.790259
986.046054
986.064732
986.450575
986.510746
986.569687
986.644603
986.737091
986.832200
986.857185
986.930872
986.945249
986.955121
986.958356
987.110236
987.165983
987.203052
987.269652
987.297137
987.760845
987.806884
987.836785
987.885240
987.895276
987.899412
988.065423
988.104499
988.211528
988.363121
988.388270
988.545229
988.592046
988.614738
988.635464
988.820193
988.905964
988.949053
988.987679
989.058212
989.105316
989.125304
989.148242
989.716480
990.376837
991.018230
991.208325
991.222252
991.296635
991.310643
991.316009
991.319245
991.369421
991.382528
991.388508
991.393669
991.400878
991.576965
991.640003
991.682314
991.807201
991.814697
991.826657
991.834931
991.938642
992.157983
992.195052
992.292987
992.309658
992.513270
992.617554
992.718602
992.824033
992.927375
993.022034
993.084703
993.138074
993.241047
993.456251
993.558200
993.635779
993.730724
993.848197
993.975501
994.003517
994.272420
994.454815
994.635899
994.716180
994.736783
994.802115
994.819318
994.829394
994.893906
994.913690
994.941010
994.950922
994.956001
995.025388
995.055821
996.395745
996.947313
996.999905
997.012603
997.020836
997.023293
997.026611
997.159813
997.204091
997.233910
997.263032
997.302723
997.361705
997.418762
997.463532
997.568430
997.831107
998.230917
998.309519
998.336389
998.345892
998.350520
998.512067
998.590300
998.919291
999.141949
999.274947
999.542497
999.593083
999.681311
999.750902
999.826309
999.886479
999.967375
1000.090911
1000.161280
1000.180859
1000.330486
1000.449761
1000.530657
1000.580915
1000.605532
1000.628019
1000.684626
1000.723456
1000.831140
1000.859894
1000.926372
1000.964055
1000.982200
1000.992932
1001.055846
1001.100698
1001.132564
1002.015130
1002.379469
1002.490348
1002.593853
1002.599752
1002.683965
1002.819625
1002.853663
1002.858373
1002.913300
1002.959176
1002.996531
1003.070996
1003.200225
1003.219149
1003.264819
1003.312497
1003.372380
1003.523400
1003.631985
1003.728937
1003.980595
1003.989975
1003.995054
1004.000707
1004.298076
1004.375859
1004.424724
1004.430909
1004.433940
1004.516680
1004.654551
1004.754002
1005.113549
1005.206241
1005.223690
1005.321953
1005.436273
1005.585408
1005.672530
1005.689160
1005.726392
1005.814989
1005.970473
1005.983949
1006.106214
1006.252851
1006.309417
1006.351237
1006.372332
1006.379377
1006.383555
1006.463427
1006.525030
1006.601093
1006.671995
1006.735524
1006.764646
1006.829609
1007.704187
1007.711601
1007.714427
1007.814205
1007.865446
1007.922422
1008.018964
1008.050913
1008.079544
1008.101130
1008.162857
1008.185631
1008.239780
1008.335053
1008.424919
1008.581550
1008.665354
1008.788726
1008.906977
1009.220321
1009.240269
1009.312850
1009.321820
1009.336074
1009.340948
1009.345823
1009.351762
1009.469153
1009.527726
1009.669038
1009.710490
1009.780654
1009.798103
1009.845535
1009.927700
1009.976852
1010.006712
1010.082652
1010.141225
1010.265211
1010.383626
1010.445722
1010.484838
1010.542100
1010.605588
1010.628076
1010.754724
1010.943713
1010.996716
1011.229327
1011.251282
1011.315548
1011.367690
1011.388375
1011.406029
1011.409920
1011.413033
1011.490980
1011.579044
1011.593134
1011.819971
1011.883581
1011.961692
1012.078305
1012.147036
1012.168540
1012.314276
1012.367278
1012.405699
1012.445307
1012.564296
1012.696637
1012.824760
1012.864737
1012.930847
1013.005189
1013.035786
1013.090836
1013.210317
1013.220393
1013.224325
1013.386117
1013.424456
1013.465498
1013.540168
1013.601321
1013.631508
1013.701673
1013.710193
1013.810176
1013.823078
1013.942395
1014.043402
1014.104719
1014.127329
1014.225510
1014.245048
1014.263849
1014.342410
1015.347773
1015.467459
1015.494369
1015.560438
1015.643095
1015.814267
1015.884268
1015.933133
1015.942226
1015.948206
1016.047370
1016.103895
1016.118272
1016.152392
1016.162550
1016.166441
1016.172298
1016.176804
1016.358257
1016.700559
1016.833884
1016.938578
1017.175982
1017.564201
1017.858253
1017.904128
1017.959916
1018.029588
1018.043474
1018.065469
1018.070016
1018.072965
1018.172867
1018.408837
1018.505462
1018.511114
1018.515292
1018.632356
1018.664387
1018.708050
1018.743112
1018.867057
1018.903921
1019.831951
1020.084347
1020.146074
1020.262851
1020.295700
1020.338749
1020.365414
1020.475433
1020.619612
1020.647875
1020.737782
1020.850995
1021.004923
1021.091881
1021.194486
1021.590979
1021.629153
1021.678879
1021.730243
1021.777961
1021.862625
1022.113915
1022.251295
1022.414152
1022.588109
1022.641521
1022.680228
1022.698086
1022.705254
1022.708818
1022.808187
1022.822031
1022.913823
1022.937948
1022.968750
1024.452608
1024.544563
1025.018225
1025.036124
1025.048166
1025.127629
1025.165844
1025.267057
1025.289585
1025.374495
1025.463132
1025.546363
1025.705492
1025.839923
1025.850737
1025.937080
1025.974764
1026.134712
1026.366464
1026.633646
1026.749604
1026.855158
1026.941297
1027.078349
1027.426058
1027.598377
1027.802808
1028.027679
1028.057866
1028.068844
1028.321485
1028.552131
1028.639867
1028.746363
1028.788716
1028.845937
1028.910940
1029.218755
1029.355602
1029.409833
1029.450220
1029.476147
1029.557125
1029.577605
1029.661491
1029.689303
1029.753979
1029.864448
1029.943992
1031.548355
1031.724442
1031.853015
1031.888241
1031.892255
1031.894753
1031.897702
1031.902740
1031.907492
1031.912653
1031.986381
1032.054579
1032.101110
1032.242790
1032.266383
1032.325325
1032.353915
1032.359895
1032.364933
1032.373289
1032.462500
1032.567153
1032.628142
1032.740291
1032.922153
1033.007391
1033.170084
1033.178890
1033.592381
1033.843753
1033.858130
1033.868902
1033.874964
1033.886925
1033.891185
1033.927393
1033.936241
1033.939517
1033.955000
1033.962619
1034.270106
1034.393518
1034.447995
1034.799677
1034.952704
1035.054244
1035.140710
1035.188224
1035.244175
1035.261420
1035.342561
1035.355791
1035.360666
1035.365908
1035.465441
1035.617198
1035.686707
1035.753431
1035.801969
1035.894907
1036.737167
1037.609779
1037.685146
1037.701366
1037.702390
1037.710377
1037.785170
1037.826048
1037.921075
1037.963837
1038.016840
1038.029578
1038.110761
1038.179041
1038.207795
1038.231429
1038.318346
1038.369751
1038.395064
1038.610719
1038.673920
1038.766776
1038.831288
1038.892564
1038.961377
1039.109038
1039.382200
1039.457198
1039.602524
1039.609160
1039.618335
1039.622554
1039.955763
1040.023224
1040.067052
1040.156590
1040.207995
1040.221143
1040.232243
1040.236749
1040.346522
1040.476447
1040.593428
1040.675308
1040.706232
1040.711229
1040.717496
1040.720732
1040.805315
1040.910459
1041.018511
1041.163059
1041.466573
1041.511055
1041.577697
1041.604076
1041.678213
1041.700659
1041.797530
1041.825587
1041.828291
1041.895875
1041.935729
1042.021949
1042.060575
1042.072576
1042.081669
1043.102269
1043.166945
1043.305718
1043.374531
1043.475702
1043.535258
1043.609436
1043.653878
1043.721011
1043.774956
1043.856220
1043.882557
1043.897139
1043.900662
1043.913277
1044.128113
1044.167229
1044.411064
1044.472668
1044.674068
1045.131510
1045.206753
1045.430108
1045.489459
1045.550203
1045.570437
1045.631877
1045.646950
1045.731369
1045.769421
1045.779907
1045.782979
1045.879808
1046.042829
1046.111724
1046.117704
1046.121349
1046.124995
1046.339052
1046.451773
1046.494495
1046.585221
1046.635602
1046.718587
1046.834176
1046.898688
1046.946324
1047.016530
1047.143260
1047.182868
1047.278141
1047.304724
1047.313818
1047.317340
1047.369564
1047.407329
1047.432151
1047.477412
1047.550566
1047.652475
1047.721206
1047.849738
1047.903068
1047.991788
1048.157102
1048.235418
1048.255980
1048.265277
1048.272282
1048.375460
1048.541839
1048.620687
1048.760484
1048.910356
1050.482033
1050.583982
1050.661192
1050.706493
1050.720338
1050.728530
1050.733896
1050.738278
1050.742784
1050.838548
1050.892739
1050.925507
1050.937631
1050.941071
1050.946642
1051.006157
1051.022008
1051.066737
1051.207434
1051.302216
1051.315610
1051.318272
1051.327857
1051.331666
1051.463475
1051.567923
1051.762196
1051.882496
1051.940659
1052.062679
1052.217426
1052.372378
1052.419850
1052.497510
1052.564398
1052.583363
1052.834365
1052.962488
1053.005865
1053.112033
1053.196452
1053.244006
1053.329408
1053.359636
1053.404037
1053.441802
1053.495132
1053.550510
1053.799219
1053.822157
1053.939180
1054.025564
1054.110065
1054.217380
1054.372659
1054.440817
1054.472765
1054.518395
1054.666383
1054.805852
1054.884987
1054.921318
1054.995866
1055.052390
1055.122022
1055.154504
1055.226675
1055.290941
1055.340585
1055.437210
1055.618458
1055.662244
1055.717458
1055.764275
1055.803351
1055.848694
1055.891333
1056.897638
1057.086218
1057.242358
1057.349550
1057.400300
1057.512284
1057.533624
1057.593057
1057.610998
1057.623450
1057.632092
1057.724375
1057.763082
1059.494339
1059.775406
1059.782001
1060.233175
1060.334551
1060.355686
1060.386284
1060.581294
1060.620001
1060.651704
1060.701839
1060.750008
1060.777738
1060.797563
1060.838277
1060.904714
1060.946043
1060.959928
1060.969021
1060.974141
1060.980941
1060.986962
1061.180580
1061.320581
1061.515960
1061.749842
1061.781217
1061.880996
1061.902008
1061.940756
1061.963653
1062.023660
1062.054912
1062.154854
1062.227149
1062.298214
1062.431089
1062.445834
1062.479872
1062.483640
1062.487613
1062.609715
1062.618194
1062.621798
1062.915891
1063.029719
1063.576248
1063.669965
1063.807304
1063.886438
1063.903642
1064.055603
1064.327209
1064.518533
1064.693228
1064.828273
1064.849572
1065.032745
1065.037455
1065.331343
1065.410970
1065.484165
1065.506857
1065.555517
1065.624904
1065.654968
1065.740411
1065.818767
1065.855959
1065.963643
1066.806518
1066.878484
1067.024753
1067.050271
1067.103191
1067.112202
1067.116093
1067.124326
1067.129938
1067.367137
1067.410309
1067.502387
1067.610808
1067.801600
1067.916780
1067.998740
1068.292383
1068.349604
1068.403835
1068.495995
1068.611297
1068.782100
1068.791357
1068.845957
1068.974121
1069.023355
1069.115515
1069.215785
1069.344850
1069.423002
1069.682074
1069.698785
1069.702390
1069.707428
1069.842924
1069.935206
1069.953802
1070.014095
1070.158234
1070.260224
1070.330716
1070.417224
1070.440530
1070.541251
1070.595195
1070.636278
1070.709678
1070.741586
1070.839808
1070.909440
1071.077745
1071.102935
1072.128123
1072.239370
1072.249283
1072.251904
1072.378020
1078.874849
1078.902743
1079.973970
1080.031109
1080.165130
1080.214528
1080.262533
1080.318239
1080.415764
1080.468070
1080.487936
1080.504812
1080.511160
1080.514642
1080.518738
1080.533402
1080.550154
1080.643174
1080.718991
1080.775475
1080.795791
1080.846418
1080.953692
1081.018450
1081.049498
1081.108398
1081.115771
1081.124905
1081.131131
1081.207562
1081.258885
1081.313198
1081.371116
1081.538314
1081.630024
1081.862226
1081.978266
1082.017219
1082.040852
1082.063872
1082.165453
1082.200023
1082.291732
1082.492764
1082.676019
1082.732708
1082.770473
1082.810409
1082.852024
1082.944676
1083.047240
1083.090944
1083.340759
1083.417313
1083.449508
1083.575091
1083.589386
1083.627684
1083.754373
1083.817861
1083.995750
1084.067185
1084.140667
1084.161475
1084.183060
1084.318228
1084.420588
1084.430705
1084.441108
1084.560138
1084.683919
1084.765553
1084.769239
1084.774359
1084.909896
1084.995625
1085.031670
1085.066076
1085.091348
1085.173228
1085.790986
1085.800530
1085.908460
1086.049444
1086.144594
1086.366556
1086.371799
1086.589911
1086.841774
1086.916485
1086.999757
1087.249367
1087.424307
1087.500861
1088.176824
1088.259727
1088.322847
1088.401818
1088.483738
1088.745308
1089.020109
1089.062257
1089.068564
1089.240269
1089.309737
1089.603584
1089.654620
1089.761362
1089.814815
1089.882153
1089.926267
1089.970012
1090.017198
1090.175549
1090.244567
1090.314076
1090.434826
1090.560655
1090.762465
1090.949489
1091.036938
1091.140772
1091.331645
1091.344138
1091.453501
1091.584573
1091.663872
1091.812147
1091.868221
1091.879690
1091.887063
1092.043244
1092.168008
1092.228424
1092.293345
1092.448707
1092.456694
1092.461036
1093.585879
1093.651866
1093.689139
1093.711053
1093.749883
1093.790761
1093.845402
1093.871370
1093.924372
1093.974630
1093.999247
1094.034596
1094.065562
1094.110740
1094.195241
1094.368625
1094.441984
1094.454395
1094.481715
1094.535619
1094.672998
1094.750167
1094.887752
1094.933832
1095.177011
1095.211991
1095.442432
1095.520338
1095.605535
1095.711334
1095.737098
1095.833518
1095.865754
1095.878615
1095.932436
1095.985562
1096.005181
1096.031150
1096.084193
1096.089190
1096.093491
1097.072108
1097.230377
1097.321021
1097.369846
1097.420677
1097.475031
1097.517588
1097.599263
1097.618391
1097.627812
1097.643172
1097.740165
1097.791611
1097.944310
1098.009846
1098.074890
1098.263388
1098.540155
1098.581852
1098.599956
1098.653901
1098.692198
1098.744791
1098.817454
1098.858701
1098.948076
1100.617073
1100.621455
1100.737208
1100.754330
1100.827156
1100.860539
1100.879585
1100.931482
1100.947620
1100.957286
1101.058662
1101.085450
1101.092864
1101.115965
1101.125100
1101.128253
1101.133783
1101.140664
1101.650371
1101.778166
1101.945651
1102.059274
1102.072136
1102.204273
1102.211236
1102.377165
1102.614159
1102.773903
1102.838948
1103.013970
1103.158764
1103.249695
1103.390392
1103.411732
1103.536538
1103.624724
1103.801303
1103.872737
1104.118170
1104.268861
1104.409149
1104.567378
1104.594043
1104.721961
1104.858726
1104.891003
1105.156751
1105.242563
1105.411768
1105.449984
1105.504788
1105.534648
1105.546691
1105.609933
1105.616445
1106.570691
1106.667643
1106.767094
1106.846843
1106.917048
1106.924257
1106.977055
1107.048735
1107.053363
1107.057254
1107.060244
1107.167273
1107.241820
1107.299287
1107.355894
1107.384812
1107.408036
1107.424829
1107.516006
1107.539968
1107.617219
1107.688858
1107.912991
1107.949404
1108.186112
1108.422042
1108.522271
1108.585308
1108.795965
1108.895457
1108.904960
1108.912005
1108.926833
1108.980040
1109.040333
1109.105951
1109.167923
1109.178573
1109.184143
1109.190820
1109.353349
1109.427896
1109.498921
1109.575803
1109.613404
1109.727109
1109.754307
1109.800509
1109.868216
1109.892301
1109.950259
1110.011945
1110.080512
1110.180168
1110.306447
1110.357565
1110.406390
1110.461153
1110.502359
1110.571008
1110.734275
1110.754263
1110.829875
1110.864527
1110.872965
1110.883082
1110.891602
1110.895903
1110.908682
1110.916465
1111.038894
1111.078298
1112.622858
1112.702730
1112.706540
1112.713585
1112.757125
1112.834089
1112.860918
1112.906711
1112.968561
1113.006572
1113.031967
1113.042780
1113.049661
1113.053266
1113.071944
1113.078252
1113.401016
1113.532375
1113.708462
1113.946358
1114.028114
1114.174546
1114.425098
1114.506117
1114.555105
1114.645832
1114.745815
1114.972283
1115.116585
1115.201905
1115.231150
1115.346944
1115.410432
1115.480187
1115.513119
1115.635999
1115.775386
1115.855831
1115.934720
1116.008858
1116.168110
1116.249088
1116.361810
1116.466749
1116.519956
1116.634481
1116.646482
1116.888883
1116.945162
1116.988539
1117.010371
1117.057229
1117.208863
1117.224018
1117.292544
1117.394248
1117.469204
1117.506355
1117.549855
1117.558948
1117.669007
1117.691863
1117.871391
1117.908541
1117.949583
1117.991731
1118.018888
1118.076232
1118.108017
1118.130831
1118.189691
1119.260221
1119.263498
1119.443517
1119.512125
1119.587492
1119.607480
1119.668060
1119.865283
1119.915622
1119.926968
1120.027116
1120.286761
1120.357704
1120.410092
1120.496517
1120.513024
1120.903660
1120.913940
1120.917791
1120.996966
1121.116119
1121.234002
1121.337590
1121.424384
1121.675346
1121.685299
1121.689395
1121.693123
1121.698120
1121.942897
1122.029199
1122.128404
1122.202378
1122.268488
1122.443551
1122.541199
1122.663834
1122.839347
1122.920858
1123.019121
1123.050824
1123.056435
1123.068723
1123.164774
1123.194429
1123.227771
1123.286139
1123.370967
1123.653509
1123.974226
1124.071506
1124.099850
1124.102676
1124.114227
1124.135404
1124.190413
1124.205363
1124.233052
1124.241818
1124.245422
1124.251730
1124.257178
1124.274217
1124.386284
1124.560200
1124.575109
1124.624179
1124.638269
1124.726129
1124.876165
1124.955668
1125.073101
1125.179269
1125.216502
1125.265285
1125.344952
1125.723668
1125.963366
1126.044303
1126.091203
1126.329754
1126.488310
1126.564045
1126.696264
1126.727475
1126.857933
1126.904832
1126.999163
1127.068017
1127.226737
1127.356211
1127.501005
1127.515668
1127.522181
1127.634821
1127.678239
1127.768801
1127.811318
1127.876239
1127.979090
1128.096113
1128.170168
1128.250491
1128.356004
1128.410112
1128.819057
1128.905728
1128.958976
1129.009971
1129.034834
1129.096602
1129.112617
1129.165947
1129.180733
1130.136863
1130.388029
1130.546012
1130.690560
1130.780140
1130.803159
1130.850345
1130.887782
1130.912317
1130.954260
1130.987192
1131.020001
1131.058545
1131.128095
1131.201536
1131.225743
1131.244544
1131.248599
1131.258429
1131.264164
1131.269939
1131.277107
1131.554693
1131.572470
1131.690107
1132.242371
1132.251013
1132.257976
1132.261212
1132.606013
1132.801884
1132.846039
1132.973916
1133.013852
1133.072957
1133.180723
1133.226476
1133.231309
1133.245440
1133.248225
1133.327606
1133.378806
1133.427057
1133.556204
1133.584957
1133.682729
1133.831373
1133.916856
1134.009754
1134.076928
1134.258340
1134.364713
1134.430495
1134.449009
1134.479237
1134.546821
1134.622228
1134.752317
1134.859141
1134.963220
1135.047475
1135.119729
1135.183503
1135.258952
1135.298929
1135.374868
1135.422013
1135.514911
1135.680307
1135.692308
1135.697756
1135.703163
1135.874130
1135.893955
1136.008274
1136.069673
1136.149873
1136.215613
1136.293028
1136.408044
1136.439173
1136.481853
1136.486646
1136.542228
1136.581796
1136.652452
1136.718725
1139.514450
1139.570934
1139.663544
1139.845407
1139.916186
1140.012360
1140.224860
1140.264100
1140.548362
1140.665672
1140.674519
1140.678943
1140.925932
1141.001667
1141.145436
1141.230633
1141.515059
1141.523620
1141.529436
1141.532303
1141.810790
1141.878006
1141.970739
1142.004613
1142.117786
1142.709862
1142.858424
1142.877676
1142.900449
1142.928671
1143.008174
1143.068795
1143.073997
1143.114424
1143.170417
1143.226245
1143.301407
1143.348511
1143.378985
1143.397212
1143.401677
1143.405240
1143.413146
1143.421993
1143.523615
1145.708052
1145.738568
1145.750118
1145.754092
1145.757573
1145.913754
1145.964257
1146.016604
1146.242089
1146.324173
1146.345636
1146.358948
1146.481500
1146.653041
1146.670858
1146.694001
1147.030241
1147.154555
1147.162747
1147.309875
1147.397489
1147.420058
1147.453071
1147.480515
1147.485512
1147.488829
1147.492639
1147.777229
1148.014674
1148.087501
1148.207759
1148.300943
1148.496691
1148.546458
1148.739666
1148.818022
1148.900065
1148.984156
1149.067100
1149.165609
1149.236183
1149.517251
1149.635174
1149.692600
1149.785989
1149.880730
1150.065869
1150.247813
1150.347551
1150.689157
1151.119114
1151.152415
1151.257477
1151.337308
1151.581798
1151.712051
1151.861842
1151.949783
1151.986237
1153.163100
1153.428644
1153.482629
1153.525228
1153.616855
1153.691935
1153.775165
1153.921597
1154.026045
1154.137784
1154.381128
1154.398085
1154.591334
1155.036652
1155.159818
1155.332956
1155.361341
1155.379364
1155.385754
1155.389891
1155.394232
1155.602145
1155.645440
1155.718185
1155.780116
1156.021412
1156.283556
1156.446822
1156.698931
1156.707901
1156.713308
1156.719124
1156.722278
1156.935844
1156.995195
1157.102879
1157.176566
1157.265859
1157.346836
1157.422858
1157.554954
1157.640028
1157.685862
1157.859369
1157.905449
1157.982126
1158.028984
1158.078710
1158.101524
1158.108242
1158.113690
1158.233989
1160.520376
1161.327452
1161.368044
1161.422193
1161.437266
1161.528648
1161.639281
1161.695109
1161.736479
1161.754870
1161.770516
1162.076447
1162.203996
1162.360873
1162.483876
1162.689741
1162.723738
1162.837975
1162.894254
1162.924564
1162.989609
1163.082015
1163.506237
1163.630510
1163.809096
1163.902648
1163.997061
1164.074476
1164.191580
1164.283044
1164.485059
1164.629811
1164.683960
1165.147423
1165.271613
1165.438935
1166.008689
1166.110515
1166.119199
1166.291681
1166.316503
1166.321705
1166.383759
1166.434181
1166.517780
1166.554317
1166.604247
1166.644511
1166.708326
1168.432251
1168.518472
1168.523674
1168.527073
1168.644669
1168.648192
1168.869868
1168.990659
1169.044316
1169.164247
1169.173176
1169.179156
1169.662034
1170.269635
1170.435932
1170.961736
1171.042386
1171.142615
1171.255378
1171.492536
1171.610378
1171.708559
1172.130734
1172.214579
1172.369695
1172.521492
1172.802888
1172.917330
1172.998349
1173.108982
1173.315953
1173.491712
1173.508424
1173.654774
1173.723996
1173.782815
1173.798871
1173.802312
1173.883576
1173.955584
1174.894346
1175.418184
1176.003297
1176.023450
1176.040980
1176.060887
1176.199741
1176.209695
1176.213914
1176.217518
1176.222188
1176.324833
1176.446034
1176.511365
1176.557855
1176.799560
1176.970527
1177.041428
1177.116058
1177.244795
1177.337201
1177.415639
1177.507676
1177.561375
1177.674506
1178.021642
1178.124493
1178.130964
1178.190275
1178.276495
1178.327122
1178.417848
1178.514391
1178.522092
1178.525860
1178.626130
1178.696827
1178.771251
1178.851000
1178.861650
1178.943365
1178.974659
1179.908915
1179.978424
1180.111421
1180.164465
1180.201001
1180.219597
1180.253266
1180.416041
1180.444262
1180.506808
1180.590776
1180.661432
1180.823470
1180.856771
1181.119365
1181.248225
1181.377741
1181.426565
1181.518520
1181.662863
1181.775340
1181.806100
1181.997220
1182.094541
1182.308557
1182.389780
1182.553702
1182.601912
1182.607892
1182.653850
1182.683996
1182.756495
1182.810399
1182.825677
1182.915830
1182.978908
1183.049400
1183.125996
1183.137341
1183.265997
1183.319818
1183.409521
1183.466291
1183.543501
1183.677358
1183.810355
1184.115917
1184.249242
1184.301793
1184.486810
1184.570040
1184.822600
1184.851026
1184.984842
1185.029079
1185.042063
1185.046610
1185.256489
1185.323540
1186.056192
1186.170675
1186.232566
1186.295398
1186.302034
1186.309612
1186.312724
1186.564014
1186.745672
1186.816614
1187.084247
1187.561800
1187.801989
1187.983729
1187.999539
1188.089037
1188.209336
1188.250214
1188.378460
1188.392018
1188.397711
1188.402381
1188.406149
1188.584079
1188.678820
1188.737270
1188.905984
1189.021614
1189.178204
1189.274378
1189.345485
1189.426258
1189.511987
1189.688648
1189.865677
1190.052372
1190.322176
1190.630318
1190.693683
1190.707896
1190.760489
1190.846833
1191.046881
1191.130685
1191.277691
1191.418593
1191.619953
1191.782031
1191.951565
1192.088003
1192.179425
1192.294973
1192.410972
1192.465818
1192.573624
1192.804188
1192.844780
1192.905359
1192.939848
1193.091400
1193.210102
1193.511117
1193.526026
1193.841091
1193.986335
1194.107699
1194.191872
1194.307133
1194.409411
1194.477363
1194.538435
1194.617979
1194.756219
1194.791035
1194.893804
1195.005583
1195.017830
1195.022828
1195.026555
1195.280630
1195.386798
1195.458478
1195.514470
1195.582710
1195.674051
1195.867013
1195.997143
1196.053750
1196.187116
1196.343910
1196.603351
1196.738028
1196.811387
1196.850872
1196.890767
1196.916572
1196.950774
1196.978954
1197.026386
1197.043098
1197.046047
1197.057516
1198.111048
1198.162616
1198.259896
1198.288200
1198.303928
1198.430863
1198.484316
1198.531174
1198.630257
1198.761083
1198.842020
1198.931395
1199.063245
1199.132590
1199.218033
1199.409603
1199.624438
1199.647293
1199.804252
1199.885107
1200.272384
1200.593306
1200.665027
1200.742277
1200.839598
1200.961987
1201.268163
1201.607516
1201.946051
1201.986028
1202.024243
1202.062746
1202.068931
1202.084905
1202.088182
1202.094490
1202.213806
1202.299494
1202.370519
1202.399887
1202.952233
1203.478364
1203.649167
1203.711345
1203.816817
1204.105994
1205.101937
1205.365596
1205.545943
1205.708104
1205.855887
1205.933916
1205.996585
1206.091612
1206.156083
1206.192824
1206.445834
1206.981181
1207.318651
1207.573094
1207.763763
1207.860306
1208.056054
1208.312054
1208.449925
1208.525906
1208.695030
1208.874680
1208.947302
1209.091604
1209.207112
1209.290998
1209.323069
1209.492316
1209.550316
1209.579725
1209.662136
1209.702687
1210.777518
1210.906337
1210.979983
1211.071037
1211.296522
1211.312374
1211.318231
1211.321590
1211.598561
1211.973878
1212.814008
1213.160612
1213.529580
1213.643981
1213.692027
1214.015734
1214.211973
1214.294917
1214.403748
1214.587453
1214.804951
1214.947983
1215.027978
1215.080161
1215.103017
1215.363113
1215.382569
1215.482716
1215.513354
1216.633283
1216.661873
1216.669491
1216.673464
1216.676864
1217.026908
1217.035264
1217.205412
1217.767711
1218.297569
1218.427453
1218.525676
1218.651136
1218.878669
1218.974679
1218.992251
1219.068150
1219.168215
1219.196273
1219.318170
1219.410207
1219.631227
1219.857080
1220.016538
1220.181402
1220.297769
1220.371907
1220.446659
1220.551557
1220.628070
1220.730634
1220.853514
1220.867686
1220.942766
1221.607752
1221.724242
1221.959721
1222.042296
1222.438543
1222.595379
1222.604431
1222.623887
1222.757663
1222.809477
1222.911918
1222.932562
1223.020995
1223.114834
1223.247135
1223.395123
1223.493100
1223.609057
1223.724892
1223.822377
1223.835402
1223.920312
1223.932027
1223.936532
1224.189092
1224.420966
1224.476508
1224.694661
1225.130967
1225.478881
1225.523814
1225.589596
1225.625559
1225.685647
1225.936445
1225.995059
1226.102415
1226.124657
1226.314342
1226.529260
1226.637640
1226.688348
1226.792591
1226.823311
1226.898514
1226.953687
1227.053261
1227.217265
1227.376763
1227.438080
1227.493335
1227.567309
1227.647427
1227.657626
1227.661804
1227.666350
1227.671675
1227.678351
1227.689206
1227.909571
1228.261458
1228.406620
1228.418621
1228.593029
1228.656886
1228.677079
1228.715704
1228.750479
1228.762685
1228.828508
1228.911043
1228.939919
1230.165647
1230.193377
1230.267474
1230.278410
1230.282015
1230.354227
1230.434959
1230.539121
1230.562099
1230.663803
1230.790820
1230.914519
1230.944338
1231.012250
1231.085732
1231.202714
1231.450849
1231.518188
1231.690588
1231.864873
1232.026665
1232.096420
1232.184402
1232.258990
1232.636559
1232.756900
1233.082982
1233.250345
1233.370849
1233.634263
1233.760829
1234.029445
1234.106900
1234.378342
1234.385756
1234.624430
1234.833367
1234.890220
1234.934374
1235.075482
1235.112919
1235.205734
1235.272499
1235.322348
1235.329556
1235.332669
1235.336397
1235.467592
1236.402831
1236.488151
1236.566630
1236.705690
1236.718223
1236.725432
1236.728463
1236.734321
1236.919337
1237.223178
1237.824717
1238.354780
1238.530785
1238.602383
1238.705644
1238.850314
1238.989414
1239.000883
1239.067238
1239.318118
1239.415726
1239.553270
1239.655260
1239.739474
1240.464138
1240.490435
1240.886067
1241.020170
1241.145549
1241.174385
1241.301647
1241.356083
1241.472369
1242.860954
1243.054776
1243.407483
1243.524137
1243.578696
1243.650540
1243.683103
1243.721482
1243.782595
1243.806024
1243.831214
1243.902853
1243.927429
1244.002550
1244.033802
1244.088525
1244.170813
1244.227052
1244.251914
1244.262769
1244.266414
1244.381184
1244.446351
1244.558500
1244.634644
1244.744212
1244.781527
1244.866806
1244.887368
1244.964741
1245.026017
1245.208084
1245.254615
1245.283820
1245.366108
1245.447373
1245.504676
1245.618995
1245.968671
1246.001930
1246.327685
1246.514995
1246.580900
1246.813102
1246.857953
1246.866678
1247.063900
1247.126528
1247.330632
1247.471043
1247.477801
1247.483781
1247.486894
1247.587287
1247.780946
1247.810437
1247.851643
1248.677519
1249.112105
1249.183867
1249.191608
1249.282376
1249.312973
1249.423606
1249.472430
1249.562665
1249.748091
1249.832632
1249.950679
1250.149786
1250.279424
1250.590884
1250.707866
1250.757960
1250.861711
1250.882642
1251.313336
1251.321201
1251.327631
1251.331686
1251.526984
1251.588547
1251.633562
1251.737108
1251.819479
1251.947930
1252.045332
1252.090798
1252.147200
1252.245955
1252.278886
1252.350362
1252.391813
1253.822341
1253.831148
1253.836923
1253.839995
1253.934817
1253.954724
1254.093210
1254.148137
1254.192005
1254.290555
1254.372147
1254.436209
1254.447514
1254.563103
1254.663946
1254.678446
1254.691430
1254.695567
1254.699663
1254.948086
1255.078093
1255.083540
1255.088046
1255.091282
1255.252869
1255.677952
1255.774904
1255.885742
1256.015544
1256.104468
1256.270438
1256.305091
1256.364687
1256.430961
1256.498176
1256.613888
1256.706540
1256.842363
1257.140797
1257.165496
1257.547284
1257.591972
1257.725051
1257.882788
1258.148495
1258.266583
1258.481541
1258.549699
1258.649969
1258.869678
1258.919240
1258.975478
1259.042734
1259.092828
1259.217797
1259.323802
1259.398799
1259.538678
1259.838546
1259.851366
1260.022374
1260.059116
1260.084101
1260.122726
1260.136612
1260.224758
1260.269281
1262.633411
1267.243336
1273.656361
1273.733980
1273.787474
1273.883156
1273.889055
1273.893519
1274.003743
1274.053345
1274.075668
1274.088448
1274.172170
1274.186138
1274.190438
1274.196296
1274.282066
1274.408428
1274.461594
1274.576323
1274.660250
1274.731438
1274.825687
1274.974945
1275.048059
1275.114537
1275.230167
1275.401871
1275.465277
1275.492966
1275.555226
1275.576361
1275.583201
1275.586191
1275.725455
1275.756544
1275.823841
1275.917967
1276.023439
1276.027331
1276.098150
1276.160614
1276.205711
1276.353249
1276.509061
1276.614124
1276.672696
1276.801516
1276.808479
1276.814950
1276.818842
1276.977316
1277.085737
1277.266903
1277.338051
1277.400719
1277.495788
1277.509755
1277.596303
1277.700874
1277.729096
1277.933240
1278.016020
1278.076436
1278.147133
1278.180884
1278.270218
1278.489272
1278.605558
1278.674985
1278.780375
1278.860247
1278.889001
1278.905426
1278.982513
1279.012372
1279.059722
1279.155118
1279.206892
1279.249900
1279.303803
1279.410094
1280.182026
1280.209019
1280.345211
1280.395592
1280.422380
1280.456868
1280.463462
1280.466330
1280.471736
1280.864543
1281.224581
1281.359790
1281.456906
1281.504092
1281.871831
1281.964360
1282.073723
1282.327470
1282.387272
1282.527314
1282.574868
1282.635694
1282.713764
1282.810225
1282.881454
1282.930893
1282.946130
1282.963988
1283.044966
1283.063890
1283.237478
1283.318989
1283.346309
1283.395666
1283.576914
1283.609108
1283.655762
1283.776717
1283.788186
1283.796091
1283.801170
1284.026286
1284.296499
1284.704051
1284.806820
1284.863713
1284.932649
1284.967096
1285.026939
1285.062861
1285.124301
1285.231411
1285.318861
1285.371781
1285.442970
1285.475369
1285.490524
1285.496177
1286.254510
1286.455132
1286.470328
1286.552863
1286.584197
1286.682255
1286.814065
1286.838804
1286.842778
1286.935921
1286.971884
1287.041475
1287.206584
1287.290962
1287.362355
1287.800832
1287.837819
1287.894467
1288.022098
1288.036680
1288.078705
1288.088617
1288.131297
1288.265892
1288.512471
1288.566784
1288.652882
1288.716861
1288.795341
1288.941322
1289.073787
1289.144402
1289.231770
1289.293251
1289.346212
1289.662259
1289.775596
1289.859727
1290.088735
1290.192732
1290.295951
1290.557276
1290.747249
1290.891878
1291.139031
1291.190764
1291.268342
1291.317002
1291.444838
1291.537449
1291.624448
1292.117647
1292.197601
1292.469535
1292.705915
1293.111583
1293.249208
1293.311304
1293.415793
1293.623460
1293.739909
1293.821501
1293.831946
1293.960684
1293.985300
1294.013686
1294.076518
1294.176952
1294.188257
1294.197801
1294.305731
1294.480753
1294.553088
1294.652908
1294.747402
1294.777016
1294.897439
1295.028756
1295.237980
1295.337062
1295.694889
1295.803269
1295.918735
1296.086589
1296.184484
1296.205332
1296.267796
1296.358236
1296.430285
1296.538542
1296.855368
1296.954819
1297.077740
1297.240556
1297.678705
1297.776722
1297.858560
1297.963745
1298.047877
1298.253496
1298.347049
1298.477588
1298.598134
1298.620129
1298.721219
1298.887762
1298.961244
1299.004457
1299.064463
1299.249725
1299.614106
1299.639747
1299.845939
1299.940270
1300.068516
1300.301824
1300.433633
1300.532838
1300.611318
1300.673167
1300.932198
1301.040292
1301.422039
1301.494579
1301.801247
1301.934531
1302.122701
1302.214738
1302.476431
1302.638019
1302.646743
1302.651372
1302.884434
1302.977905
1305.001943
1305.024471
1305.209283
1305.358295
1305.469583
1305.580298
1305.718497
1305.758515
1305.806234
1305.812828
1305.893274
1305.911951
1306.059448
1306.103030
1306.226688
1306.282639
1306.309919
1306.389914
1306.415718
1306.427924
1306.433782
1306.438574
1306.446848
1306.929807
1306.937549
1307.046830
1307.133297
1307.237171
1307.249541
1307.309957
1307.345469
1307.517706
1307.726397
1307.876844
1307.955200
1308.204032
1308.313518
1308.450324
1308.541747
1308.609085
1308.696412
1309.220577
1309.318185
1309.495747
1309.664911
1309.887816
1310.027203
1310.377370
1310.543380
1310.553088
1310.660362
1310.772593
1310.809948
1310.943150
1311.072952
1311.106294
1311.266857
1314.063032
1314.156380
1314.250670
1314.350285
1315.199877
1315.444408
1315.526943
1315.704095
1315.739402
1315.764593
1315.902218
1315.984753
1316.078961
1316.207452
1316.426588
1316.609106
1316.692378
1316.775158
1316.985283
1317.101117
1317.246689
1317.252465
1317.256847
1317.259633
1317.498225
1317.681234
1317.779825
1317.939446
1317.970657
1318.048604
1318.066340
1318.107177
1318.150390
1318.174228
1318.206054
1318.216540
1318.218998
1318.225715
1318.366986
1318.575636
1319.456236
1319.605207
1319.707730
1319.727104
1319.786619
1320.149115
1320.357192
1320.394547
1320.478351
1320.549376
1320.559124
1320.977981
1321.090785
1321.173156
1321.722716
1322.111508
1322.256998
1322.342646
1322.768753
1322.839695
1322.952212
1323.426734
1323.585249
1324.055634
1324.116091
1324.457738
1324.576850
1324.673106
1324.892406
1325.029581
1325.122478
1325.348946
1325.816914
1325.881467
1325.946962
1326.031667
1326.150902
1326.177690
1326.220165
1326.254326
1326.900429
1326.904934
1327.122391
1327.199396
1327.717007
1328.203325
1328.346112
1328.481894
1330.351104
1330.455429
1330.714419
1330.721915
1330.830172
1331.301868
1331.426181
1331.535176
1331.541975
1331.546890
1331.549757
1332.060897
1332.068844
1332.072407
1332.076626
1332.433797
1332.523991
1332.586004
1332.723917
1332.936909
1333.035909
1333.182505
1333.192008
1333.195325
1333.689836
1333.975859
1334.039511
1334.286213
1334.481142
1334.644204
1335.006536
1335.263928
1335.327703
1335.410770
1335.534141
1335.609999
1335.757824
1335.769498
1335.885414
1336.729559
1337.017057
1337.116631
1337.124741
1337.264005
1337.381888
1337.450127
1337.497231
1337.543025
1337.658245
1337.750651
1337.766666
1338.476339
1338.497884
1338.558956
1338.749665
1338.763305
1339.106017
1339.277230
1339.358536
1340.941763
1341.069681
1341.250150
1341.769769
1341.919191
1342.059028
1342.327153
1342.408909
1342.467727
1342.551368
1342.584013
1342.675436
1342.768620
1342.783283
1343.725527
1343.816417
1343.852544
1343.857541
1343.871836
1344.031744
1344.127427
1344.230728
1344.328253
1344.516547
1345.156055
1345.364828
1345.836564
1345.939497
1346.023014
1346.126397
1346.218803
1346.907955
1347.068436
1347.135775
1347.360563
1349.066342
1349.154898
1349.183160
1349.226455
1349.296538
1349.341389
1349.534802
1349.606564
1349.666652
1349.718303
1349.793300
1349.838520
1349.889147
1350.006374
1350.127084
1350.212731
1350.249595
1350.265160
1350.561587
1350.780355
1350.856786
1350.954967
1351.090422
1351.771873
1352.083620
1352.646328
1352.938660
1353.170412
1353.464177
1353.554534
1353.647391
1353.727263
1353.872998
1353.941074
1354.006528
1354.108682
1354.189947
1354.243768
1354.309181
1354.600571
1354.686095
1354.690683
1354.693960
1354.697277
1355.025162
1355.090002
1355.104788
1355.174666
1355.331092
1355.658363
1355.736515
1356.040274
1356.212101
1356.303032
1356.358083
1356.432179
1356.547973
1356.570337
1356.576113
1356.579471
1356.583363
1356.666470
1356.722053
1356.776079
1356.840468
1357.164462
1357.372006
1357.471089
1357.858529
1357.955400
1358.037606
1358.178959
1358.316872
1358.389248
1358.485217
1358.600315
1358.820516
1358.950646
1359.063613
1359.110267
1359.160033
1359.316910
1359.538340
1359.554109
1361.086996
1361.355612
1361.484145
1361.612841
1361.741332
1361.859215
1362.253046
1362.692014
1363.073966
1363.198771
1363.322225
1363.337994
1363.457270
1363.755786
1363.921224
1364.094157
1364.386734
1364.428472
1364.470620
1364.500398
1364.535910
1364.579492
1364.618281
1364.721459
1365.693809
1365.914419
1366.031688
1366.072812
1366.097797
1366.168453
1366.204129
1366.314967
1366.329262
1366.462751
1366.618972
1366.684754
1366.768476
1366.841631
1366.906307
1367.524516
1367.676273
1367.780516
1367.889142
1367.937147
1367.999242
1368.461353
1368.543478
1368.656814
1368.731320
1368.748687
1368.764129
1368.771666
1368.774328
1369.171927
1369.664922
1369.749258
1369.853092
1369.967043
1370.175775
1370.570097
1370.699489
1370.731315
1371.003699
1371.112079
1371.399004
1371.577508
1374.650900
1374.879662
1375.167857
1375.348859
1375.634227
1375.724872
1376.075858
1376.257925
1376.374415
1376.577372
1377.039401
1379.613245
1379.874120
1379.886449
1379.890463
1379.893453
1379.969188
1380.125368
1380.185948
1380.199752
1380.296827
1380.379935
1380.473487
1380.481065
1380.484710
1380.695286
1380.867400
1380.916920
1381.035827
1381.072036
1381.079286
1381.083382
1381.086618
1381.104599
1381.112422
1381.117747
1381.123277
1381.227479
1381.293138
1381.357568
1381.393203
1381.495153
1381.612462
1381.642404
1381.681971
1381.733417
1381.747057
1381.750374
1381.896806
1381.944893
1381.950587
1381.953700
1381.958124
1382.060646
1382.084157
1382.202286
1382.308413
1382.387057
1382.492979
1382.959104
1383.034225
1383.461233
1383.583171
1383.603528
1383.641416
1383.733043
1383.820206
1383.946977
1384.065393
1384.084890
1384.094966
1384.211825
1384.238817
1384.264417
1384.318321
1384.360632
1384.713626
1384.791163
1384.862474
1384.887828
1384.957706
1385.049375
1385.105203
1385.151242
1385.242132
1385.279201
1385.309266
1385.475195
1385.634734
1385.728082
1385.748808
1385.930220
1386.359849
1386.571530
1386.739507
1386.817167
1387.073700
1387.177247
1387.262116
1387.300700
1387.338752
1387.457659
1387.473183
1387.510129
1387.517133
1387.522335
1387.525366
1388.298772
1388.409938
1388.545475
1388.549325
1388.553912
1388.730819
1388.795494
1388.884910
1388.940739
1389.021676
1389.066322
1389.208822
1389.245891
1389.461340
1389.580042
1389.652050
1389.749985
1389.753672
1389.834854
1389.854106
1389.943562
1390.003896
1390.146314
1390.419231
1390.510367
1390.617559
1390.699315
1390.936924
1390.969692
1390.979195
1390.984356
1390.990459
1391.123374
1391.259156
1391.361720
1391.446139
1391.531213
1391.545180
1391.551037
1391.553987
1391.558656
1391.648399
1391.768822
1391.842386
1391.937741
1392.042230
1392.146637
1392.322232
1392.499712
1392.673341
1392.699884
1392.806298
1392.931185
1392.947569
1392.951869
1392.954737
1393.212129
1393.224950
1393.340908
1393.358397
1393.486561
1393.567703
1393.673626
1393.736663
1393.766031
1393.783890
1394.035384
1394.559549
1394.571715
1394.650931
1394.762220
1394.810388
1394.850406
1394.955837
1395.031491
1395.071549
1395.209175
1395.291791
1395.313869
1395.399352
1395.591332
1395.673907
1395.720520
1395.729080
1395.825377
1395.838484
1395.853435
1395.856179
1395.954278
1396.973691
1396.982292
1396.985979
1397.058191
1397.245665
1397.294121
1397.340119
1397.381407
1397.396275
1397.423350
1397.453373
1397.502607
1397.558477
1397.658788
1397.663334
1397.668454
1398.032179
1398.210888
1398.282486
1398.390006
1398.416794
1398.426255
1398.430925
1398.439567
1398.691963
1398.784860
1399.226450
1399.271383
1399.395000
1399.459717
1399.473480
1399.550034
1399.852114
1399.956562
1400.046264
1400.077025
1400.214077
1400.386191
1400.390042
1400.487117
1400.624415
1400.715837
1400.939971
1401.061458
1401.175613
1401.264333
1401.285919
1401.376481
1401.421005
1401.569485
1401.796485
1401.950003
1402.031022
1402.109870
1402.148209
1402.292593
1402.374226
1402.679992
1402.719396
1403.151319
1403.253883
1403.286159
1403.404288
1403.436687
1403.511685
1403.604419
1403.891220
1404.970066
1404.979364
1405.020733
1405.137920
1405.166019
1405.189857
1405.275095
1405.315973
1405.346652
1405.372867
1405.434511
1405.583688
1405.639639
1405.784146
1405.894779
1405.983130
1406.133166
1406.483743
1406.682399
1406.699192
1406.709268
1406.721147
1406.724547
1406.727619
1407.034573
1407.431148
1407.495864
1407.606989
1407.726961
1407.751537
1407.871386
1410.677473
1410.760745
1410.818417
1410.971812
1411.061268
1411.070566
1411.131515
1411.155272
1411.165020
1411.171246
1411.174154
1411.327754
1411.495567
1411.588751
1411.660227
1411.710157
1411.728548
1411.847045
1411.917619
1412.082688
1412.189880
1412.319396
1412.453417
1412.538204
1412.580884
1412.848640
1412.861460
1412.866376
1412.870554
1412.880589
1413.167514
1413.368545
1413.388124
1413.474959
1413.608980
1413.690081
1413.790310
1414.048891
1414.252421
1414.299484
1414.327173
1414.383206
1414.387425
1414.460539
1414.511124
1414.601032
1414.677217
1414.689055
1414.697124
1414.700933
1414.706258
1415.003996
1415.152517
1415.165829
1415.229891
1415.272612
1415.340073
1415.570063
1415.721288
1415.811236
1415.963156
1416.022426
1416.051589
1416.072970
1416.091320
1416.176394
1416.237220
1416.312709
1416.333107
1416.384389
1416.422195
1417.204695
1417.207767
1417.375375
1417.459712
1417.492521
1417.528074
1417.600983
1417.630392
1417.765478
1417.889792
1418.269942
1418.347233
1418.398556
1418.512343
1418.600407
1418.623877
1418.626621
1418.629693
1418.976174
1419.149844
1419.200102
1419.215053
1419.278746
1419.347395
1419.504804
1419.600241
1419.809137
1419.821588
1419.950940
1420.088402
1420.372623
1420.615393
1420.894536
1420.920627
1421.104251
1421.375406
1421.621617
1421.655327
1421.685228
1421.740769
1421.780214
1421.837885
1421.920666
1421.946266
1422.071071
1422.080737
1422.217994
1422.387773
1422.528266
1422.581473
1422.698209
1422.732657
1422.796800
1422.919475
1422.935941
1424.135373
1424.244204
1424.279388
1424.301507
1424.387727
1424.473866
1424.553329
1424.604406
1424.684605
1424.929055
1425.441096
1425.540260
1425.545708
1425.554022
1425.564918
1425.571594
1425.578312
1425.591337
1425.849180
1425.990369
1426.193613
1426.323497
1426.409554
1426.484756
1426.620744
1426.729615
1426.813624
1426.898248
1426.908652
1426.954813
1427.320218
1427.428557
1427.461734
1427.531203
1427.605709
1427.739812
1428.044431
1428.057539
1428.064993
1428.078264
1428.080927
1428.085514
1428.175053
1428.239524
1428.287078
1428.317102
1429.630853
1429.821399
1429.892014
1429.927404
1429.935841
1429.941453
1429.945262
1430.023086
1430.075515
1430.113362
1430.132654
1430.264136
1430.347284
1430.443254
1430.493880
1430.606438
1430.728827
1430.841139
1430.909542
1431.013581
1431.153009
1431.174267
1431.265935
1431.338394
1431.393239
1431.401267
1431.418266
1431.667589
1431.766016
1431.855514
1431.873536
1431.955743
1432.083210
1432.499036
1432.582717
1432.742420
1432.893932
1432.926781
1433.044746
1433.111962
1433.206292
1433.245696
1433.307791
1433.317540
1433.394995
1433.449144
1433.515008
1433.643827
1433.750569
1433.797427
1433.945129
1434.077266
1434.319094
1434.447380
1434.498826
1434.581238
1434.668114
1434.994156
1435.280056
1435.404698
1435.443651
1435.512873
1435.517010
1435.579720
1435.617362
1435.716485
1435.788739
1435.958641
1435.991859
1436.032082
1436.078572
1436.087910
1441.374577
1442.596946
1443.023012
1443.068682
1443.146588
1443.156746
1443.161211
1443.163750
1443.169362
1443.298632
1443.340616
1443.363758
1443.368550
1443.381699
1443.385590
1443.394232
1443.448300
1443.509207
1443.533619
1443.581174
1443.595182
1443.658629
1443.697213
1443.795026
1443.807601
1443.837788
1444.276634
1444.391772
1444.424131
1444.659077
1444.889354
1444.933468
1444.940268
1444.944527
1444.947354
1445.273149
1445.331763
1445.497979
1448.693719
1448.831836
1448.932721
1448.997274
1449.044009
1449.067151
1449.083290
1449.092301
1449.107907
1449.112986
1449.130353
1449.143624
1449.151734
1449.156116
1449.161523
1449.329213
1449.365258
1449.415762
1449.537823
1449.589678
1449.658655
1449.728492
1449.760850
1449.797796
1449.872507
1450.038600
1450.140918
1450.231603
1450.258391
1450.262651
1450.267689
1450.270761
1450.438328
1450.487071
1450.559611
1450.607288
1450.646651
1450.658898
1450.662420
1450.666803
1450.770842
1450.903839
1450.969989
1451.161395
1451.171430
1451.176960
1451.181343
1451.189699
1451.316101
1451.397120
1451.453604
1451.582751
1451.595530
1451.648041
1451.749253
1451.792425
1451.819909
1451.864842
1451.876557
1451.907154
1451.925996
1451.978260
1451.989934
1451.998945
1452.016435
1452.022702
1452.029174
1452.297667
1452.376515
1452.405187
1452.482191
1452.542075
1452.601836
1452.659712
1452.678758
1452.741100
1452.772147
1452.837356
1452.883476
1452.993823
1453.046702
1453.095117
1453.142958
1453.164012
1453.256253
1453.333873
1453.382205
1453.417267
1453.485711
1453.549773
1453.579100
1453.665321
1453.728850
1453.742080
1453.859062
1453.943562
1454.011351
1454.033510
1454.046290
1454.114284
1454.172324
1454.211154
1454.235361
1454.241464
1454.372659
1454.801469
1454.889861
1454.934835
1455.029494
1455.111782
1455.151309
1455.288484
1455.365120
1455.421194
1455.490458
1455.542354
1455.666053
1455.731671
1455.814042
1455.853363
1455.978947
1456.749158
1456.851845
1456.979149
1457.306583
1457.341563
1457.552015
1457.786593
1457.905664
1458.073559
1458.163057
1458.177516
1458.263327
1458.335416
1458.388992
1458.552627
1458.729165
1458.880143
1458.982298
1459.135324
1459.401810
1459.455427
1459.739525
1459.874652
1459.982418
1460.056760
1460.103209
1460.290970
1460.390666
1460.453458
1460.560241
1460.685906
1460.735672
1460.845240
1461.033329
1461.165220
1461.207532
1461.400084
1461.471601
1461.498921
1461.776261
1462.034514
1462.137078
1462.166446
1462.256640
1462.334136
1462.817137
1462.833766
1462.915891
1471.059354
1471.905669
1472.438436
1472.507781
1472.551649
1472.600596
1472.625500
1472.699146
1472.715899
1472.764355
1472.808223
1472.816415
1472.822682
1472.826122
1472.903946
1472.937820
1472.992010
1473.024041
1473.172398
1473.201439
1473.232445
1473.248256
1473.263043
1473.268941
1473.393336
1473.420083
1473.432781
1473.500692
1473.514209
1473.544151
1473.639219
1473.691935
1473.781228
1473.791795
1473.797980
1473.801216
1473.979515
1474.037309
1474.070528
1474.144666
1474.159288
1474.163057
1474.172068
1474.182308
1474.198569
1474.206392
1474.436342
1474.661417
1474.710200
1474.810552
1474.842870
1475.099607
1475.210076
1475.288228
1475.302973
1475.425772
1475.560366
1475.825705
1475.840901
1475.926262
1475.968778
1476.107756
1476.317716
1476.392305
1476.427121
1476.519649
1476.565361
1476.663624
1476.749148
1476.885586
1476.980982
1477.053276
1477.091369
1477.117952
1477.284905
1477.366006
1477.463613
1477.554831
1477.592064
1477.718385
1485.906698
1486.831780
1486.988861
1487.023677
1487.056241
1487.067505
1487.070126
1487.166628
1487.225651
1487.233475
1487.348081
1487.386214
1487.389532
1487.401820
1487.407186
1487.411855
1487.463629
1487.504015
1487.514378
1487.562138
1487.584297
1487.600067
1487.654830
1487.692349
1487.795937
1487.871713
1487.901368
1488.002089
1488.154378
1488.222986
1488.310518
1488.557588
1488.708444
1488.769720
1488.829112
1488.876339
1488.926556
1489.042391
1489.169531
1489.230848
1489.277379
1489.324237
1489.339597
1489.440891
1489.506836
1489.705861
1489.764925
1489.828209
1489.909023
1489.984184
1490.047754
1490.087281
1490.159124
1490.253988
1490.406523
1490.442199
1490.447565
1490.585272
1490.773484
1490.819031
1490.849260
1490.889851
1490.941010
1490.976440
1491.075195
1491.125780
1491.217818
1491.319030
1491.405414
1491.451249
1491.535708
1491.588547
1491.601695
1491.785073
1491.897303
1491.961733
1491.983729
1492.026204
1492.113736
1492.176527
1492.259881
1492.283924
1492.310671
1492.358963
1492.379935
1492.445307
1495.468892
1495.560806
1495.626957
1495.641416
1495.643668
1495.717028
1495.933420
1495.983432
1496.040940
1496.119050
1496.136786
1496.144200
1496.196628
1496.204288
1496.207892
1496.212152
1496.269824
1496.324301
1496.391516
1496.586527
1496.619459
1496.699576
1496.791286
1496.844739
1496.938701
1497.052488
1497.114665
1497.171476
1497.227715
1497.305047
1497.427067
1497.448735
1497.455084
1497.458770
1497.644155
1497.724559
1497.759990
1497.854444
1497.936937
1497.967452
1497.991782
1498.057400
1498.194575
1498.265764
1498.324828
1498.395853
1498.476257
1498.532004
1498.550395
1498.598523
1498.669384
1498.716488
1498.782024
1498.879672
1498.960200
1499.042816
1499.081032
1499.149844
1499.249418
1499.346371
1499.399414
1499.483341
1499.543142
1499.613880
1499.683512
1499.790746
1499.845878
1499.890074
1499.955159
1500.022333
1500.076974
1500.137636
1500.196004
1500.204933
1500.211118
1500.213903
1500.226806
1500.233933
1500.706284
1500.814418
1500.847227
1500.870246
1500.893020
1500.916244
1500.932628
1500.935946
1501.003080
1501.136486
1501.168067
1501.286523
1501.328876
1501.369999
1501.460029
1501.501563
1501.532774
1501.599744
1502.226473
1502.361887
1502.579999
1502.600028
1502.741299
1502.872412
1502.940570
1502.992630
1503.013356
1503.123497
1503.298232
1503.323873
1503.409234
1503.510979
1503.568814
1503.666176
1503.742607
1503.869133
1503.943434
1504.004833
1504.100966
1504.112886
1504.119316
1504.123372
1504.286024
1504.412426
1504.490619
1504.514826
1504.647537
1504.856474
1504.952975
1505.025065
1505.050214
1505.106575
1505.130619
1505.199268
1505.240310
1505.292534
1505.394237
1505.440727
1505.447731
1505.453507
1505.456742
1505.710285
1505.827389
1505.858478
1507.292570
1507.371827
1507.460874
1507.485942
1507.768361
1508.156703
1508.288963
1508.361953
1508.440392
1508.937810
1509.021000
1509.159690
1509.295145
1509.301658
1509.311324
1509.316485
1509.534843
1509.652439
1509.788058
1509.887590
1509.893775
1510.077276
1510.441820
1510.556590
1510.571745
1510.765117
1510.902620
1510.922240
1511.044301
1511.379968
1511.458120
1511.513784
1511.561789
1511.593370
1511.646372
1511.723540
1511.748403
1511.789609
1512.977818
1513.186877
1513.244099
1513.314714
1513.383199
1513.430794
1513.548964
1513.569321
1513.649603
1513.670246
1513.722634
1514.275185
1514.455941
1515.017708
1515.026432
1515.410842
1515.592090
1515.814298
1516.313272
1516.373156
1516.493128
1516.567798
1516.656886
1516.839404
1516.905431
1517.099049
1517.157253
1517.229588
1517.281976
1517.324493
1517.379666
1517.447578
1518.666424
1518.768005
1518.784717
1518.792622
1518.800241
1518.803354
1518.986936
1519.126856
1519.199846
1519.250883
1519.331983
1519.424061
1519.528632
1519.625257
1519.717990
1519.796634
1520.215491
1520.353894
1520.364708
1520.519209
1520.667402
1520.783278
1520.821985
1520.954614
1520.977060
1521.020150
1521.208361
1521.369539
1521.446298
1521.523917
1521.609728
1521.618944
1521.628570
1521.638687
1521.641841
1521.747517
1521.799700
1521.825587
1521.883136
1521.965548
1522.020024
1522.077491
1522.101412
1522.130371
1522.137825
1522.144338
1522.151383
1522.158019
1522.303017
1522.376786
1522.444534
1522.510602
1522.577449
1522.599076
1522.695168
1522.728468
1522.810143
1522.890097
1526.195610
1526.398894
1526.470164
1526.484746
1526.544998
1526.566871
1526.591488
1526.612419
1526.680330
1526.750413
1526.783836
1526.815744
1526.831841
1526.931620
1526.951117
1527.053230
1527.094682
1527.137935
1527.148421
1527.151288
1527.166280
1527.322255
1527.446405
1527.586447
1527.788626
1527.845888
1527.915643
1527.996416
1528.015421
1528.022671
1528.145551
1528.454717
1528.512020
1528.597668
1528.704942
1528.748728
1529.061294
1529.143910
1529.236808
1529.410560
1529.439273
1529.486254
1529.503580
1529.597829
1529.651364
1529.717146
1529.804841
1529.885409
1529.999114
1530.125722
1530.229268
1530.287596
1530.347028
1530.369597
1530.396631
1530.420634
1531.229716
1531.355341
1531.488625
1531.564810
1531.579105
1531.637391
1531.649925
1531.665531
1531.671183
1531.675853
1531.680072
1531.945820
1531.993416
1532.046950
1532.153078
1532.235530
1532.282716
1532.353413
1535.160279
1536.711475
1536.757268
1536.789504
1536.880763
1536.911442
1536.986849
1537.009951
1537.014374
1537.053942
1537.071964
1537.077166
1537.082696
1537.087037
1537.102725
1537.121157
1537.131233
1537.142743
1537.155891
1537.210040
1537.295401
1537.312809
1537.378345
1537.442243
1537.474642
1537.503150
1537.611366
1537.705288
1537.781719
1537.833697
1537.912054
1537.941668
1538.165432
1538.272461
1538.409144
1538.514862
1538.530099
1538.610708
1538.645770
1538.790441
1539.090432
1539.210854
1539.253658
1539.264512
1539.276718
1539.281019
1539.385385
1539.544228
1539.596042
1539.750461
1539.807068
1539.979346
1540.032020
1540.046070
1540.069786
1540.089856
1540.157768
1540.220477
1540.344832
1540.409303
1540.425073
1540.521206
1540.605010
1540.661576
1540.724531
1540.808049
1540.865720
1541.023416
1541.052621
1541.118689
1541.156946
1541.219820
1541.282447
1541.346591
1541.422776
1541.498798
1541.544387
1541.587272
1541.622538
1541.681439
1541.699215
1541.703721
1541.802353
1541.918310
1541.981102
1542.067487
1542.146253
1542.190449
1542.224773
1542.232146
1542.236160
1542.245786
1542.448333
1542.500639
1542.540984
1542.550815
1542.554542
1542.558351
1543.397294
1543.429202
1543.484826
1543.505388
1543.533404
1543.661036
1543.771750
1543.791534
1543.798047
1543.801283
1543.955743
1544.043192
1544.083251
1544.483062
1544.625603
1544.915886
1545.072845
1545.152061
1545.318400
1545.659884
1545.709076
1545.747374
1545.810452
1545.861243
1545.916293
1545.931366
1546.015990
1546.099057
1546.230948
1546.374185
1546.410230
1546.483835
1546.722632
1546.808975
1546.855465
1546.929234
1546.976174
1547.056005
1547.289600
1547.384955
1547.521679
1547.795128
1547.916206
1548.138496
1548.337930
1548.354888
1548.412764
1548.466749
1548.515697
1548.524175
1548.526961
1548.538880
1548.638208
1548.689859
1548.746998
1548.791726
1550.251336
1550.364426
1550.391337
1550.415913
1550.486487
1550.537155
1550.631731
1550.656717
1550.761820
1550.778491
1550.788731
1550.793687
1550.803517
1551.017533
1551.178260
1551.210045
1551.261327
1551.393260
1551.449661
1551.552020
1551.732040
1551.810929
1551.877693
1551.966044
1552.011264
1552.103588
1552.193536
1552.414310
1552.468460
1552.512246
1552.609853
1552.649708
1552.724173
1552.786432
1552.800072
1552.826122
1552.923402
1552.995942
1553.059144
1553.126605
1553.248502
1553.378550
1553.413120
1553.468047
1553.545667
1553.762877
1553.802035
1553.912996
1553.992622
1554.057462
1554.111939
1554.185462
1554.220605
1554.241413
1554.274468
1554.280202
1554.318377
1554.460140
1554.515313
1555.613204
1555.895788
1555.902382
1555.910492
1556.020920
1556.068434
1556.122706
1556.186685
1556.229898
1556.276347
1556.347044
1556.510228
1556.523909
1556.530545
1556.533740
1556.651254
1556.770324
1556.949770
1556.980040
1557.057126
1557.410365
1557.657928
1557.702124
1557.721539
1557.725102
1557.728707
1558.041764
1558.136668
1558.271222
1558.288425
1558.291743
1558.294651
1558.405693
1558.484541
1558.518907
1558.576579
1558.600663
1558.633513
1558.762783
1558.837740
1558.922076
1558.939607
1558.954066
1558.956810
1558.970491
1558.974546
1559.117251
1559.181763
1559.235215
1559.368335
1559.397253
1559.503995
1561.029059
1561.172828
1561.176842
1561.182822
1561.275474
1561.324667
1561.449185
1561.975235
1562.134487
1562.388152
1562.655867
1562.919035
1563.102700
1563.479040
1563.817615
1563.821916
1563.907768
1564.003738
1564.102042
1564.328141
1564.443525
1564.512543
1564.572426
1564.634276
1564.718817
1564.815196
1565.211566
1565.224509
1565.365412
1565.497139
1565.555917
1565.634150
1565.869179
1565.993001
1566.178959
1566.284472
1566.466662
1566.531420
1566.546657
1566.668390
1566.750679
1566.772961
1566.877819
1567.013560
1567.063491
1567.219753
1567.342633
1567.577211
1567.607890
1567.647785
1567.738593
1567.799460
1568.003973
1568.067502
1568.157450
1568.356680
1568.452444
1568.515236
1568.550543
1568.684278
1568.825221
1568.971162
1569.011876
1569.120911
1569.255178
1569.331528
1569.588716
1570.054554
1570.085396
1570.169979
1570.263245
1570.482135
1570.865971
1571.154371
1571.372933
1571.445391
1571.507937
1571.588424
1571.740467
1571.795026
1571.845734
1571.900047
1571.924869
1571.942154
1572.537467
1572.548936
1572.617298
1572.646830
1572.706304
1572.744356
1572.790190
1572.846551
1572.933632
1573.045699
1573.178655
1573.434409
1573.758034
1573.866045
1574.187581
1574.292849
1574.345810
1574.505677
1574.814433
1574.892380
1574.939197
1575.068631
1575.689421
1575.738860
1575.829176
1575.994081
1576.056504
1576.164721
1576.240538
1576.258847
1576.346706
1576.403149
1576.430428
1576.494735
1576.599060
1576.638833
1576.651858
1576.705311
1576.758804
1576.801935
1576.862351
1576.884675
1576.946278
1577.276826
1578.056827
1578.192323
1578.416333
1578.427884
1578.491699
1578.521559
1578.566615
1578.639401
1578.658079
1578.662912
1578.665943
1578.671841
1578.790380
1578.956841
1579.239137
1579.366523
1579.384996
1579.749294
1579.956511
1579.987436
1580.020490
1580.484403
1580.585656
1580.640256
1580.796232
1580.816712
1581.038060
1581.101097
1581.228933
1581.294264
1581.383311
1581.642916
1581.727212
1581.840343
1581.944381
1582.025728
1582.277714
1582.292541
1582.391214
1582.560092
1582.651597
1582.863565
1582.978294
1583.104573
1583.116329
1583.129887
1583.156797
1583.240069
1583.329321
1583.384904
1583.429509
1583.504261
1583.527567
1583.553004
1583.575654
1583.582413
1583.589417
1583.597814
1584.686490
1584.801710
1584.816292
1584.874045
1584.954655
1584.989676
1585.033667
1585.067008
1585.115546
1585.501594
1585.509827
1585.612390
1586.111078
1586.276639
1586.342748
1586.447974
1586.554102
1586.640404
1586.757714
1587.034112
1587.226706
1587.382559
1587.693978
1587.751240
1587.843482
1587.918438
1588.008632
1588.340408
1588.430029
1588.546724
1588.675789
1588.834058
1588.936376
1589.052744
1589.162107
1589.506458
1589.671567
1589.738988
1589.884436
1590.028657
1590.254060
1590.398607
1590.537380
1590.630400
1590.763643
1590.797722
1590.850724
1590.886441
1590.925066
1590.988677
1591.052902
1591.170990
1591.188603
1591.193805
1591.255368
1591.817830
1591.917691
1591.933829
1592.042783
1592.064737
1592.134697
1592.217149
1592.264335
1592.328069
1592.379638
1592.555725
1592.796897
1592.808120
1592.811930
1593.107210
1593.226035
1593.288458
1593.368822
1593.447916
1593.985229
1594.078167
1594.185318
1594.309837
1594.345472
1594.366362
1594.458112
1594.637640
1594.722263
1594.844447
1594.916987
1595.046584
1595.348582
1595.474412
1595.673149
1595.756134
1595.882988
1595.930665
1596.091392
1596.349563
1596.421652
1596.524626
1596.638208
1596.966625
1596.980634
1596.992553
1596.996035
1597.000253
1597.004595
1597.219185
1597.410386
1597.518561
1597.723689
1597.794591
1597.879501
1597.905428
1597.978132
1598.042030
1598.046618
1598.224302
1598.276157
1598.357586
1598.414889
1598.542807
1598.637056
1598.785044
1598.829404
1598.843085
1598.845993
1598.851318
1598.858486
1598.864138
1598.869463
1599.285903
1599.929180
1600.011592
1600.092406
1600.277094
1600.398377
1600.443597
1600.652452
1600.760463
1600.978452
1601.014784
1601.266975
1601.300439
1601.395466
1601.450312
1601.547919
1601.626399
1601.904312
1602.164326
1602.358927
1602.475500
1602.562662
1602.815918
1602.877112
1602.962350
1602.971484
1603.081585
1603.141386
1603.210363
1603.334021
1603.392840
1603.669770
1603.734446
1603.808461
1658.400154
1661.093396
1664.061972
1668.407624
1671.853957
1679.072993
1683.272663
1690.833961
1690.866074
1703.377715
1707.670241
1711.087616
1715.225764
1717.644657
1717.667594
1717.670011
1718.506291
1726.228685
1732.475331
1734.364078
1735.526400
1738.349363
1741.502710
1746.839757
1749.128274
1753.995182
1757.279232
1761.769144
1765.325005
1765.884887
1765.888082
1765.890540
1765.894144
1765.899059
1772.645908
1777.661379
1781.360804
1785.725501
1807.380849
1812.757668
1813.152399
1815.172588
1816.431288
1819.376804
1822.114529
1837.266534
1852.542689
1896.120771
1901.387080
1908.246979
1910.460785
1947.429356
1962.408632
1974.592102
1977.522627
1977.526559
1977.537495
1977.545400
1977.550193
1978.362266
1978.371768
1978.374308
1978.377421
1978.609623
1989.470085
1990.729605
1994.033807
1995.352924
2008.679014
2015.209308
2028.733358
2034.057011
2047.536701
2061.863690
2086.202163
2086.990807
2094.788854
2117.364818
2117.478113
2121.794396
2166.459023
2168.631624
2179.296829
2192.834601
2204.022374
2206.200340
2206.206566
2206.208983
2206.211932
2367.945441
2369.144791
2377.573663
2410.192077
2413.275177
2434.165801
2438.191882
2438.206341
2438.210068
2438.212731
2440.512102
2443.438449
2446.161674
2446.426153
2447.367782
2447.654748
2447.659745
2447.662653
2447.774065
2456.592589
2456.687944
2456.692736
2456.697815
2456.700477
2457.009603
2457.028198
2457.032008
2457.034916
2457.203999
2458.693509
2459.034665
2459.706696
2480.024084
2489.780593
2495.155651
2506.574848
2509.128172
2509.274849
2514.837627
2515.680952
2516.303094
2520.213832
2520.224399
2520.228168
2520.231117
2525.127926
2525.313024
2529.483858
2529.544397
2529.549476
2537.434604
2542.293033
2545.679688
2546.544026
2546.869289
2551.367721
2556.888023
2564.803584
2569.566454
2573.423657
2579.354870
2579.645972
2579.651215
2579.654410
2579.657482
2580.723466
2586.215014
2596.393697
2596.647322
2596.654449
2596.659569
2596.663009
2598.274744
2604.225331
2610.305229
2611.737641
2620.010127
2623.546327
2634.457580
2668.077507
2670.152991
2670.157701
2670.162657
2670.165729
2670.615839
2677.499494
2681.220628
2697.569935
2697.939599
2698.170737
2698.176594
2698.179297
2698.182779
2698.186179
2733.485056
2737.298473
2828.635300
2852.538573
2881.794171
2882.229330
2882.750669
2882.864046
2893.512212
2893.888471
2904.496783
2928.318423
2928.459817
2937.797181
