48.093266
48.172810
48.194642
48.568074
48.677765
49.009582
49.077821
49.525350
49.610138
49.850040
50.017075
50.240840
50.276680
50.296832
50.805801
51.064791
51.100590
51.138806
51.303875
51.323044
51.588219
51.803464
51.867156
51.987210
52.131471
52.357734
52.578427
52.583424
52.671242
53.037875
53.327872
53.554790
53.954765
54.139249
54.188073
54.243369
54.274662
54.517473
55.163822
55.226696
55.382589
55.639204
56.417403
56.488796
56.560763
56.724480
56.826020
56.905155
56.922399
57.044050
57.061949
57.184788
57.572065
57.596846
57.716163
57.897779
57.976381
57.987932
58.090373
58.171023
58.230129
58.570752
58.981253
59.298202
59.710751
59.857306
59.974287
60.243190
60.371190
60.377661
60.688998
60.795003
60.840100
60.854968
60.870328
61.087703
61.201859
61.314540
61.416448
61.488046
61.547479
61.646725
61.721436
62.120755
62.341079
62.815150
63.074386
63.162081
63.290696
63.395185
63.837143
63.860122
64.017080
64.415212
64.905257
64.910172
65.185505
65.394237
65.444782
65.472840
65.557422
65.728512
65.749074
66.389156
66.509414
66.517238
66.672312
66.901320
66.978939
67.137208
67.285074
67.367813
67.546604
67.600220
68.601119
68.757832
69.091369
69.185249
69.196431
69.972500
70.084076
70.143754
70.217974
70.360474
70.402908
70.873006
70.942638
71.074693
71.656653
71.853466
71.982080
72.095375
72.104919
72.177377
72.224686
72.283546
73.095946
73.824543
73.837814
74.047734
74.060964
74.065224
74.127155
74.232300
74.268508
74.513900
74.611057
74.695148
74.776986
74.939802
75.129610
75.368612
75.404329
75.951145
76.014019
76.642877
76.796641
76.920709
77.143163
77.179658
77.358653
78.164705
78.224589
78.470062
78.554808
78.781768
78.846935
78.875976
78.981857
79.192883
79.262106
79.370977
79.534572
79.793234
79.935857
80.092078
80.354877
80.565617
80.834355
80.986931
81.726341
81.740022
81.963622
82.012938
82.166211
82.168709
82.407096
82.479923
82.661581
82.956780
83.054838
83.331686
84.034355
84.072202
84.093952
84.106691
84.167229
84.185211
84.210442
84.344832
84.559749
84.702495
84.788183
84.828201
84.965663
84.992164
85.119099
85.315830
85.340611
85.434819
85.500846
85.579203
85.705277
85.744026
85.750579
86.161613
86.304604
86.361252
86.508421
86.772695
86.856745
86.916055
86.939812
87.165829
87.450173
87.574610
88.090624
88.237425
88.708506
88.848466
89.250120
89.332081
89.367306
89.495552
90.976911
91.133829
91.190313
91.221033
91.271700
91.272929
91.361034
91.417395
91.446518
91.848704
91.889459
92.170977
92.681585
93.001646
93.117153
93.121536
93.345874
93.381714
93.463265
93.836657
94.152458
94.229750
94.314742
94.363853
94.487798
94.864466
94.901740
95.166013
95.317320
95.344435
95.707628
96.185958
96.247480
96.851026
96.934134
97.040548
97.065492
97.195827
97.227776
97.317806
97.572536
97.580114
97.590067
97.693942
97.894236
98.256691
98.306990
98.382766
98.740879
98.859868
98.879406
98.930360
98.988155
99.059466
99.235676
99.418153
99.511665
99.639378
99.646751
99.816202
99.914793
100.305388
100.916306
101.099151
101.500559
101.526077
101.575844
101.737185
101.790269
102.023537
102.216540
102.372884
102.445138
102.477332
102.497649
102.584402
102.666854
102.730588
102.884147
102.910198
102.910976
103.216783
103.315087
103.331308
103.404667
103.537582
103.790592
103.905935
103.964099
104.115814
104.207401
104.377344
104.428749
104.445583
104.611308
104.868905
105.002721
105.011773
105.199165
105.331343
105.340191
105.553674
106.077594
106.380370
106.826097
107.561247
107.574436
107.678556
107.725455
107.743232
107.807826
107.907072
108.011151
108.020449
108.378481
108.601999
108.720538
108.943360
108.991611
109.461053
109.465518
109.520486
109.722993
110.088151
110.140211
110.592614
110.875976
111.191122
111.239332
111.363359
111.639101
111.721718
111.909478
111.952773
111.958221
112.065823
112.114442
112.164413
112.202629
112.291144
112.423281
112.435773
112.618250
112.695296
112.722903
112.869540
112.934134
112.967148
112.968909
113.062871
113.081590
113.094574
113.179238
113.187103
113.674527
114.285937
114.302280
114.693693
114.915205
115.025838
115.278684
115.293676
115.328492
115.333775
115.589693
115.596329
115.621315
115.710362
115.759596
115.872891
115.887800
115.906560
115.992535
116.053811
116.590019
116.690985
116.813742
116.962591
117.053686
117.068390
117.086536
117.387633
117.743247
117.900861
118.057247
118.146212
118.255411
118.312837
118.350807
118.378332
118.493102
118.699991
118.851215
118.906429
119.073505
119.147561
119.406510
119.461151
119.481057
119.551427
119.662879
119.687987
119.831839
120.022958
120.043110
120.153211
120.708465
120.761139
120.767447
121.100780
121.202647
121.211126
121.361121
121.462292
121.478144
121.958973
122.458276
122.583654
122.726728
122.966016
122.988462
123.132314
123.341292
123.382702
123.923866
123.947459
124.040397
124.247450
124.706693
124.911452
125.154181
125.368115
125.647176
125.950157
125.995254
126.432584
126.605844
126.763950
127.257477
127.354143
127.446098
127.618662
127.857623
127.872737
127.930409
128.123822
128.283156
128.415703
128.652329
128.764232
129.569833
129.619313
129.634509
129.708646
129.976812
130.034156
130.508349
130.594488
130.700534
131.094733
131.231539
131.286630
131.888128
132.134748
132.258570
132.434330
132.452803
132.680622
133.225841
133.310833
133.415567
133.861499
134.048154
134.070190
134.148260
134.294077
134.305915
134.486221
134.514811
134.617907
134.715597
134.867108
134.969344
135.129129
135.420723
135.564001
135.685612
135.744922
135.827128
135.830282
135.953818
136.043397
136.261632
136.317379
136.357478
136.406712
136.472986
136.514028
136.873288
137.043476
137.131213
137.308979
137.517302
137.661071
137.990431
138.006610
138.194534
138.341745
138.382828
139.002225
139.483095
139.587912
139.706573
139.872870
139.952538
140.265718
140.267807
140.457697
140.459868
140.921938
141.096428
141.112279
141.510902
141.713490
141.864509
141.981368
142.042153
142.053949
142.099087
142.121411
142.297211
142.345257
142.369014
142.778409
142.931558
143.676703
144.095601
144.302039
144.602358
145.519698
145.552835
147.078881
147.606815
147.673129
147.710484
147.823329
148.014776
148.202168
148.302479
148.415693
148.725432
149.344993
149.964022
150.162964
150.620324
151.488635
151.517430
151.724278
151.782072
151.990682
152.155546
152.274330
152.330895
152.805908
152.940667
153.249587
153.277399
153.977283
154.352640
154.506732
154.518979
154.617487
154.745897
155.194573
155.476787
155.594998
155.950899
156.024955
156.077752
156.105728
156.147794
156.219146
156.702884
156.790211
157.006316
157.062472
157.495214
157.614899
157.715292
157.743514
157.931274
158.271652
158.679859
158.858363
158.936637
159.461335
160.901120
161.122304
161.224008
161.340211
161.415823
161.629184
161.689272
161.753866
161.899643
161.973658
162.143601
162.155684
162.230927
162.281390
162.598093
162.651546
163.105669
163.134505
163.713884
163.849667
164.041687
164.686193
165.027348
166.511534
166.705275
167.934771
168.091197
168.333722
169.118925
169.235579
169.611305
169.812664
170.202522
170.339164
170.909532
170.975601
171.630305
172.180972
172.249539
172.311839
172.413501
172.892365
173.164708
173.369303
173.450895
173.495173
173.556941
173.559890
173.661307
173.713940
173.871964
174.002668
174.440325
175.065293
175.590646
175.857009
175.918039
176.307855
176.556155
177.396777
177.480253
177.497784
178.317558
178.761810
178.852209
179.007775
179.139092
179.872276
179.895050
180.180091
180.270244
180.795638
181.808333
182.447022
182.964101
183.061873
183.214203
183.736238
184.588493
184.938496
185.738854
185.826591
186.438246
186.609213
186.977362
188.553462
188.806922
189.017334
189.817119
191.324938
192.035553
192.672358
193.098916
193.244160
193.262387
193.430200
193.584579
193.584947
193.809121
193.824522
193.955717
197.179924
197.290557
197.494252
197.518295
197.897912
199.460741
199.550976
200.932925
201.305866
201.481626
201.739141
201.770271
201.979535
202.111754
203.151688
203.160781
203.243725
203.324170
203.471708
204.203418
205.804093
206.100398
206.508974
206.525891
207.446753
207.574467
208.329851
208.457400
209.030021
209.621811
210.560942
210.715402
211.766026
212.009370
212.028744
212.113367
212.130816
212.272660
212.398121
212.454932
213.445550
215.260815
216.036024
216.151572
217.540280
218.415923
218.735452
219.160863
219.493990
220.956549
221.719142
222.486323
222.499021
224.021340
225.201152
226.716221
227.694182
227.794780
227.863429
227.879322
228.004127
228.451369
228.972052
229.634662
232.131256
233.345311
233.921208
233.943982
234.838262
236.124938
238.215250
238.596669
238.914929
239.254610
239.669985
240.142500
242.291548
242.296504
243.488440
246.328893
246.728253
246.735544
246.945628
247.084851
248.426578
248.543519
248.842281
249.622938
250.083983
251.000259
251.291116
251.443241
252.361974
253.529047
254.052106
254.459576
255.773245
256.085688
256.197509
256.449577
257.584579
258.164408
258.196275
258.579866
259.008594
259.009618
260.164813
260.250788
260.824924
260.932977
261.212078
261.441864
263.862272
264.279613
264.335401
265.399337
267.586273
267.606467
267.788124
268.440371
268.455895
268.488663
269.454295
270.316134
271.410012
271.833948
273.697423
273.893048
274.059878
274.256609
274.616934
275.155599
276.185539
276.597965
276.988518
278.075269
278.257623
279.005676
279.112335
279.633142
280.402862
280.890778
281.678643
282.182246
282.207969
282.362593
282.372465
282.495222
282.569523
282.954793
283.701944
287.015895
287.363564
287.809044
288.345170
289.036370
289.532887
289.943224
290.553119
290.601861
291.477914
292.167926
293.300716
293.787484
295.115776
295.312302
295.481098
296.862802
296.866898
298.321060
300.068372
300.725125
300.928369
301.117235
301.855457
302.491525
302.983619
303.092326
304.305684
304.879657
305.698529
305.752392
305.981030
306.049311
306.056684
306.245878
306.489999
307.625329
307.759555
307.855483
308.289372
308.646380
308.676157
308.814029
308.910449
309.195776
309.344297
309.747098
309.806612
309.837865
309.939896
310.209823
310.945997
310.990684
311.095747
311.106314
311.121633
311.202324
311.327949
311.351091
311.869686
312.692204
313.326797
313.678397
315.321999
315.930870
316.836332
317.534659
318.281318
318.436106
319.121408
319.157494
319.382077
319.518802
319.525970
319.552799
320.410665
320.959816
320.962847
321.005650
321.163100
321.295032
321.309245
321.399357
321.504911
321.885839
321.900913
322.224169
322.525102
322.800640
322.805760
322.942034
323.243090
323.788431
323.913277
323.948831
324.506296
324.642898
324.708106
325.141668
325.901844
325.942067
326.376489
326.397133
326.410076
326.573384
327.285105
328.185856
328.577024
328.810086
328.831959
328.925594
329.003868
329.037046
329.106473
329.254543
331.524219
331.531469
331.591721
331.700511
331.903140
332.079227
333.519544
333.547848
334.617764
334.866514
334.894285
336.363356
336.721224
336.984965
337.139917
337.718723
337.760133
337.841766
338.108211
338.307113
338.417910
338.427085
338.619351
339.778150
339.806822
340.405535
340.411679
340.822344
340.894228
341.182628
341.410898
341.508178
341.513585
341.713388
342.245990
342.379684
342.461604
342.491914
342.581412
342.743286
342.781952
343.333356
343.340728
343.602135
343.890043
344.204657
344.449679
344.562770
344.591237
344.670208
344.886845
344.956969
345.608684
346.060431
346.139894
346.423706
346.904330
347.835474
347.904696
347.990139
348.304589
348.490383
349.005865
349.020897
349.102490
349.278618
349.308436
349.368934
349.452165
349.689856
349.934387
350.230241
350.392566
350.788362
351.604285
353.553244
353.957642
354.159739
354.250875
354.389975
354.648146
354.810184
355.307520
355.689923
355.782574
355.805880
356.021985
356.373094
356.565320
356.600791
356.959642
357.042872
358.290473
358.315131
358.421463
358.635971
359.468319
360.235540
360.257372
360.373699
360.670372
360.747090
361.278751
361.430385
362.048102
362.149806
362.169262
362.331873
362.722591
362.808033
362.826629
362.931773
363.579638
363.905556
364.160000
364.267725
364.736102
364.988006
365.001974
365.098148
365.180682
365.244580
365.605683
365.771530
366.197760
366.225981
366.939259
366.943969
367.154217
367.195996
367.763456
367.983043
368.180101
368.344146
368.688906
368.888463
369.113825
369.410458
369.603092
370.686730
371.334267
371.737190
371.964887
372.088259
372.167229
372.338852
372.502979
372.707697
372.874117
373.143921
373.152154
373.633843
373.640151
373.665260
373.739479
373.878211
373.973279
374.916792
375.008993
375.312179
376.067645
376.112620
376.347525
376.501944
378.149601
378.330726
378.454098
378.771456
378.838221
379.197317
379.235164
379.421983
379.693097
379.854029
380.038963
380.186214
380.276777
380.287345
380.377252
380.577546
380.959539
381.788897
382.070825
382.500086
382.619484
382.661755
383.379087
383.394447
383.605268
383.684649
383.708488
384.392888
384.779756
384.879247
384.912302
385.559101
386.140160
386.347090
386.481684
386.547220
387.097928
387.663380
387.855360
387.940925
389.898486
390.261924
390.293504
390.537134
390.731899
391.491502
393.090253
393.296159
393.536840
393.707561
393.868042
394.134733
394.205266
394.619535
394.832691
395.063091
395.599667
395.790991
396.218450
396.543427
396.596961
396.690391
397.082132
397.105562
397.389742
397.534454
397.660733
397.978952
398.171013
398.303109
398.445691
398.537155
398.870036
400.223232
400.355942
400.485908
400.607150
403.185664
404.190126
404.194304
404.810588
404.822876
404.851999
404.871537
405.098414
406.004081
406.379561
407.583457
409.242829
409.258557
409.360630
409.626993
410.217144
410.327081
410.414531
410.594591
411.070095
411.122278
411.286938
411.454587
411.657093
411.773911
412.169093
413.511270
414.324777
414.943437
415.020278
415.451709
415.558861
415.698166
415.746662
416.436470
416.638730
416.886333
417.064878
417.295974
417.605427
418.285240
418.291876
418.588426
419.344179
420.011418
420.627046
420.958700
422.637158
422.691758
422.963937
423.132406
423.212933
423.228416
423.798006
423.853875
423.900692
424.619704
424.742380
424.864522
424.867594
425.329910
425.577841
425.586237
425.708257
425.759539
425.790423
425.793085
425.825567
426.209690
426.263265
426.769531
426.887414
426.920059
426.974781
427.027005
427.106058
427.248271
427.489239
427.594220
427.652792
427.669914
428.135342
428.197601
428.980797
429.019996
429.055877
429.662454
429.737533
429.919273
429.973258
429.979116
430.106460
430.237532
430.272020
431.146557
431.164539
431.293153
432.512942
432.797286
433.056317
433.106780
433.129636
433.164616
435.802890
435.976724
436.308869
437.118730
437.773844
439.024722
439.183278
439.403069
439.642767
440.027628
440.274739
440.854856
441.597010
441.911665
442.538230
442.665042
442.828268
442.918994
443.030405
443.334451
443.423703
443.797176
443.885896
444.235530
444.446556
444.559442
444.815933
445.013770
445.180764
445.191209
445.245891
445.706158
446.397153
446.603182
446.774190
447.222702
447.258624
447.279596
447.367455
447.508152
447.683502
447.798804
447.845130
447.862661
447.958262
449.298022
449.560904
449.953464
450.056847
450.655027
450.741248
451.153428
451.368550
451.492250
451.552051
452.314726
452.710195
452.806083
453.098332
453.357199
453.369815
453.499085
453.858877
454.930801
454.979502
454.987899
455.194952
455.410606
456.035574
456.412979
456.846909
458.052485
458.077512
458.664428
458.755359
458.831872
461.204193
461.481861
461.643407
461.731635
461.755679
461.834240
462.145987
462.497833
462.858732
463.162409
464.654377
465.138811
465.343775
465.503232
466.010808
466.837258
467.225887
467.256484
467.521372
467.720561
467.806331
467.850158
468.577034
470.371901
470.373786
470.671565
470.799319
470.817505
471.081820
471.338025
472.214610
472.243528
472.661320
472.710062
472.898888
474.252042
474.369516
475.299430
475.601019
476.610724
477.095281
478.289142
479.194235
479.338168
479.353897
479.689892
480.093553
481.132708
481.159209
481.558405
482.451292
483.002204
483.289211
483.667722
484.261765
484.775813
485.198520
485.213880
485.242593
485.471027
485.571625
485.854003
486.097838
486.263849
486.377431
486.421914
486.648545
486.954803
487.355720
487.371899
487.490273
487.595704
487.972987
487.982776
488.027013
488.192082
488.224072
488.264253
488.607048
488.611226
488.693596
488.786125
488.803287
488.982528
489.749914
490.104136
490.235576
490.340721
490.571366
490.632602
490.641695
490.748559
490.768957
490.847232
492.020941
492.271780
492.713615
492.857098
493.090734
493.364060
493.390070
493.478953
493.599744
494.058086
495.112970
495.150735
496.225321
497.586299
497.794785
498.007695
498.299044
499.411067
500.311654
500.329472
500.958167
501.002158
501.098291
501.587640
502.490317
502.730711
503.146701
503.333683
503.435878
503.697981
503.827907
503.834337
504.276378
504.400691
504.421622
504.956723
505.001042
505.188188
505.983427
506.395075
506.576159
506.642186
506.903716
507.568783
507.798446
507.976950
508.185313
508.299018
508.309176
508.522619
508.652012
508.728607
509.341409
509.643735
510.251704
510.514299
510.520566
510.965555
511.057428
512.146309
512.274309
512.333414
512.483615
512.837059
513.304003
514.016256
514.186363
514.402017
514.971156
515.072164
515.477996
515.743867
515.852575
516.069949
517.104353
519.110492
519.175291
520.028774
520.645304
521.210020
521.687982
521.809756
521.988465
522.226278
523.699528
524.278006
524.298117
524.711813
525.561774
526.207140
527.340667
528.344187
528.345293
528.630415
529.146511
529.755218
530.589655
531.546235
532.665262
532.862034
534.109921
534.333358
535.285555
535.295468
535.454188
536.231608
536.867185
537.450988
537.479700
537.670697
537.953157
537.990595
538.186220
538.991124
539.209605
539.700142
541.203620
541.768950
541.894246
543.077663
544.074793
544.164004
544.351928
544.610632
545.009582
545.261609
545.480786
545.976975
546.719089
546.891284
547.970908
548.073759
548.832993
549.302272
549.418639
549.768724
550.172672
550.367519
552.093245
552.597258
553.842893
554.445414
554.565468
555.795046
556.848210
557.258424
558.154056
558.476698
558.979359
559.820390
560.216228
560.346931
560.988611
561.080238
562.181325
562.240307
562.563277
562.625577
562.701312
563.201556
564.154409
564.413604
565.047706
565.287731
565.791171
566.352609
566.381650
566.793134
568.130273
569.641411
570.108109
570.664018
570.690847
571.040399
571.271332
571.358331
571.584266
572.932997
573.539000
573.753139
574.764933
574.909481
575.561564
576.392192
576.530514
576.846070
576.942572
576.970670
577.261076
577.558077
577.943429
578.099896
578.102968
578.219500
578.369987
578.422211
578.621358
578.722693
578.755748
578.807808
578.840699
579.032310
579.071058
579.088548
579.357082
579.690578
579.736617
579.744932
579.913441
580.510515
580.553400
580.571054
580.654940
580.658749
580.740588
580.871045
580.955832
581.202575
581.441249
581.749268
581.809152
582.393938
583.054500
583.093412
583.282688
583.481139
583.567524
583.914701
584.000840
584.336630
584.456888
584.561992
584.642478
584.671314
585.366159
586.190152
586.217185
586.785710
586.861568
586.923213
587.204444
587.503206
588.955730
589.334938
589.578527
590.648033
591.720284
591.941755
592.656671
592.893133
593.621934
593.952645
595.003228
595.131474
595.408036
595.653509
595.966648
596.139663
596.520919
597.132616
597.214208
597.348393
597.548810
597.859451
597.995438
598.219121
598.720799
598.819676
599.037379
599.242179
599.497564
599.512064
599.666934
599.717192
599.744471
600.038728
600.387871
600.802632
602.361774
602.629243
602.646979
602.754990
602.916372
603.508900
603.746058
603.757199
603.875328
603.941069
604.544983
604.868116
604.928942
605.209518
605.488497
605.516349
605.522248
605.953188
606.716191
607.583478
607.811215
608.252723
608.600965
610.336604
610.979021
611.011461
611.077243
611.217285
611.765740
611.796009
612.153672
612.321976
613.910159
614.676439
615.036764
615.211008
615.274947
615.285023
615.310131
615.338107
615.348060
616.029143
616.393196
616.511775
616.694620
616.704082
617.097708
617.279816
617.518612
617.704571
617.804104
618.407854
618.986004
619.177861
619.407442
619.620188
619.932631
620.190147
621.218693
621.728850
621.853000
621.889618
622.195016
622.485545
622.680269
623.139389
623.319245
623.612723
623.982756
624.058860
625.445315
625.825997
626.463334
628.623688
629.178163
630.248530
630.566093
631.052984
631.163494
631.906796
634.068173
634.877051
692.798382
692.881162
693.207941
693.254185
693.562122
694.014730
694.073344
694.302188
695.238287
696.099512
697.130885
697.306522
698.417562
699.523973
699.662336
699.751956
700.342190
700.346081
700.401951
700.539208
700.626862
700.749414
700.830884
700.849152
701.158687
702.044447
702.547927
702.887567
703.744287
704.628818
705.346314
705.535058
705.946542
706.151752
706.463171
706.664448
706.747269
706.833900
706.912010
707.405005
707.480248
707.809157
708.612178
708.964475
709.269832
709.441454
709.459436
709.636260
709.796127
710.075556
710.215844
710.837862
710.839419
710.847365
710.877757
711.237181
711.465370
711.689339
711.972618
712.491909
712.803820
713.284280
713.490309
713.625068
713.743811
713.836052
713.882501
713.980150
714.029629
714.265518
714.376561
714.717102
714.809262
715.461796
715.985388
716.347720
716.587868
717.053092
717.240771
717.640212
717.712138
717.781156
718.075535
718.423572
718.476329
718.790861
718.993940
719.101870
719.253627
719.304049
719.569142
719.618458
719.687066
719.731466
719.870894
719.951872
720.057590
720.082043
720.097280
720.156836
720.255345
720.291471
720.526950
720.567747
720.671212
720.845988
720.942203
721.089946
721.715855
722.326036
722.400297
722.473574
722.663916
723.015475
723.221791
723.263406
723.337380
723.360031
723.504783
723.555656
723.618365
724.466442
724.573757
724.856955
724.979548
725.013750
725.143921
725.628150
726.252544
726.739231
726.835814
727.105208
727.219200
727.291085
727.528530
727.594271
727.628841
727.752131
728.296612
728.470200
728.683028
728.920023
729.572024
730.011156
730.112778
730.132603
730.304307
730.552443
730.710303
731.086520
731.119002
731.264369
731.574518
731.601101
732.796068
732.866068
733.076849
733.566771
733.612728
733.798851
733.897933
734.083850
734.264975
735.091835
735.403868
735.672525
736.269394
736.815391
737.134264
737.157652
737.201889
737.564836
739.501343
741.210522
741.646787
742.129869
742.394470
742.996296
743.385457
743.414088
743.482982
743.532995
743.786209
743.904256
744.827781
745.423626
745.543148
745.822536
746.279035
746.289439
747.594793
747.757281
748.190761
750.327972
750.353449
750.511841
750.521631
750.785618
750.871306
752.239616
752.456909
753.159496
753.609687
753.627259
753.713029
753.956454
754.139464
754.188861
754.418893
754.768364
754.893865
754.959852
755.178291
755.974799
756.042138
756.080353
756.153795
756.162109
756.198318
756.261233
756.321690
756.452106
756.567081
756.666286
757.742633
758.009160
758.026895
758.080676
758.383411
758.481306
758.649487
758.850396
758.915891
759.016571
759.197082
759.377633
759.529021
759.720346
760.126464
760.589271
760.690360
761.030984
761.987768
763.722629
763.938161
764.752691
765.581885
765.630587
765.903094
766.289224
766.446060
766.498038
766.517862
766.706606
767.003607
767.522284
767.778406
767.852913
768.494797
769.921352
770.557501
770.756035
771.183043
771.593503
772.086661
772.120494
772.630856
773.192172
773.777039
774.554501
774.913188
775.061340
775.169761
775.405814
775.763927
776.341709
777.415967
777.480765
777.850798
777.950044
778.333471
778.705265
778.732421
778.964419
779.213660
780.214927
780.835635
780.851610
781.784187
781.848084
782.721229
782.744699
782.796431
782.856929
782.863442
783.826944
784.074670
784.671703
784.674980
784.895017
785.129636
785.315758
785.410580
785.509294
786.017280
786.066391
786.646426
786.658836
786.833244
786.833900
786.896036
787.035791
787.171533
787.451372
787.464643
787.726787
787.869778
788.088873
788.172923
788.226540
788.263076
788.635320
788.773356
788.776100
788.991713
789.077484
789.085307
789.306204
789.384765
789.690122
790.191145
790.699704
790.801613
790.806528
791.023206
791.091323
791.676969
793.974948
794.773709
794.785341
794.792182
794.906132
795.097498
795.452662
795.618591
795.962614
796.022579
797.180396
797.311754
797.319250
797.348045
797.825065
797.902807
797.938893
798.014423
798.146068
798.160568
798.376387
800.182436
800.864051
801.603092
802.794742
803.389112
803.624509
804.862116
805.166612
805.345075
805.638717
805.734892
806.722437
806.800998
807.008133
807.036068
807.493509
807.510753
807.673774
807.970079
808.266670
808.336998
809.026068
809.493586
809.782026
810.109706
810.513695
810.525614
811.072676
811.334287
811.513897
811.820728
812.012257
812.198748
812.626821
812.798484
812.928082
813.166838
813.448192
814.606868
815.085650
815.118541
815.173345
815.396086
815.706440
816.041042
816.224051
816.471982
816.484925
816.552468
817.812849
818.014945
818.811986
819.765576
819.830743
819.869573
820.007936
820.442481
820.580311
820.635116
820.869284
821.277983
823.428833
823.889879
823.943209
824.494326
824.799232
824.811725
824.981135
825.655665
826.161644
827.147059
828.286648
828.297994
828.374508
828.576891
828.785254
829.130260
829.575414
830.041907
830.173962
830.671340
830.671708
830.737244
830.775296
831.072256
831.190139
831.202796
831.366717
831.903089
831.917711
832.006431
832.267551
832.351887
833.059840
833.113784
833.698775
833.923277
833.941955
834.009047
834.773238
834.890097
835.116851
835.445514
835.703726
836.143350
837.329879
838.012928
838.132695
838.791127
838.960701
838.976102
839.078093
839.550321
839.652966
839.834501
839.967375
841.061253
841.223045
841.671270
841.934397
842.169262
842.349896
842.498867
842.734674
843.257037
843.922719
843.935949
844.105605
844.271411
844.352348
845.880812
847.745843
847.808143
847.853978
849.057014
849.329439
849.594819
849.888870
850.997084
851.402793
851.563602
851.800187
851.945226
852.851261
853.208965
853.559624
853.591613
853.621678
853.767250
854.400614
854.543401
854.619832
855.200113
855.404544
856.551956
857.451807
857.748234
858.054001
858.373939
858.872136
859.053834
859.337851
859.408015
860.435702
860.636283
860.736430
860.913500
860.995052
861.016596
861.023601
861.224468
861.408174
861.473300
861.505577
862.252401
862.352261
862.434591
862.570701
862.781481
862.798275
863.398830
863.604736
863.825592
863.898460
863.978947
863.991357
864.086958
864.120054
864.401162
865.732526
866.088059
867.151872
867.518792
867.854828
868.113981
868.263158
869.410447
869.750620
870.041641
870.210355
870.682378
871.145062
871.232881
871.550321
871.649116
871.654851
871.735665
871.915643
871.923507
872.335565
873.496904
873.953608
874.398556
875.255972
875.395359
875.697029
876.614164
876.841206
876.992143
877.474529
877.569311
878.025564
878.581432
879.270789
879.917752
880.554803
881.038008
882.222203
882.422170
882.620948
882.989793
883.140485
883.267543
883.787858
884.859331
885.315338
885.337907
885.533942
885.548401
885.736120
886.834176
886.978888
887.037215
887.747953
888.449393
888.908718
889.245409
889.335480
889.537249
891.272151
891.429192
891.611668
891.613962
892.498534
892.655534
892.820480
892.908626
893.816791
893.827604
894.007460
894.177485
895.347671
895.460844
896.100106
896.562340
896.665190
896.817070
896.874865
897.295770
897.744445
898.559795
899.616563
899.784376
900.093297
900.125164
900.688732
900.982825
901.135729
901.288509
901.467341
902.512067
902.830121
902.962586
903.110328
903.441244
903.947960
904.357356
904.378614
904.947917
904.952300
905.075835
905.157386
905.259131
905.462006
905.691218
906.119660
906.345718
907.356733
909.083894
909.188710
910.100685
910.255964
910.801551
910.947656
911.336653
911.519498
911.831859
912.058204
912.276234
913.451540
913.664778
914.033132
914.086953
914.274058
914.492539
914.918236
915.247636
915.996672
916.243374
917.029315
917.767946
917.841633
917.910692
918.121103
918.361743
918.505062
919.454392
919.722639
919.828972
920.009482
920.337695
920.562442
920.585544
920.590828
921.042985
921.044255
921.169633
921.291735
921.384059
922.695434
922.742333
922.882621
922.997924
923.461960
923.956388
924.673147
924.753961
924.859515
925.378150
925.835960
926.499185
927.460270
927.481405
927.842959
927.994388
928.431391
928.594248
929.558815
930.647654
930.752307
931.501670
931.914138
933.616681
933.888942
934.005023
934.557778
934.825247
934.853222
934.989578
935.658906
936.232509
936.292966
936.403313
936.512881
936.586895
936.608604
937.642598
937.646694
938.162954
938.345431
938.531308
938.914652
940.130468
940.497183
942.132756
943.262597
943.278408
943.479439
944.561684
944.685588
945.281720
945.603994
946.376745
946.628567
947.022111
948.197171
948.624916
949.588214
949.599969
949.908931
950.082437
950.532915
950.738739
951.506084
951.530455
951.555072
951.637320
951.904133
952.030822
952.072151
952.309309
952.560517
953.074196
953.661112
953.704980
953.916375
954.075136
954.253681
954.289725
954.616996
954.922394
954.940580
955.086316
955.351859
955.444060
955.498578
955.541504
955.705836
955.936686
956.042322
956.310692
956.567839
956.758589
957.429678
957.947740
957.969777
958.012662
958.102241
958.254080
958.354637
958.741094
959.040799
959.284920
959.340175
959.377531
959.617270
959.819244
960.094003
960.713769
961.553981
962.908774
964.089897
964.126884
964.170056
965.097185
965.727846
966.110659
966.926213
967.163658
968.236483
968.384676
968.452751
968.460288
968.739717
968.797839
968.865710
969.070961
970.109993
970.759700
970.864353
970.872668
971.232420
971.487191
971.831951
971.912847
972.187075
972.339569
972.521595
972.767928
973.091389
973.109412
973.392732
973.622968
973.708329
973.719306
973.758874
973.786563
975.815926
975.930450
976.347996
976.455885
976.902513
977.094369
978.348196
978.654740
978.984632
979.746816
980.194877
981.079286
981.734932
982.347162
982.351380
982.401434
982.488064
982.740009
982.847160
983.185121
983.402004
984.203387
984.357560
984.505754
984.518083
984.602051
985.412649
986.762936
986.828472
986.852680
986.898637
987.561574
987.748803
987.872502
988.147753
988.231434
988.290007
988.632064
989.141524
989.417267
990.712177
992.100229
992.485827
993.160520
993.395548
993.469317
993.669612
993.795645
993.895178
994.037924
995.142492
996.253082
996.797850
997.006213
997.408276
997.415854
998.199583
998.206628
998.319677
998.387180
998.409052
998.556180
998.616678
998.841016
999.414292
999.546511
999.822909
1000.124457
1000.741396
1000.992645
1001.178399
1002.040443
1002.709156
1002.847887
1003.149435
1003.262239
1003.399455
1003.915141
1004.498575
1004.687852
1004.848128
1004.943073
1005.251092
1006.519050
1006.708204
1007.392522
1007.493530
1007.715369
1007.779021
1007.873761
1008.370688
1008.769679
1009.185055
1009.199636
1009.351598
1009.718641
1009.767506
1010.011095
1011.409961
1011.506340
1011.825132
1011.983237
1012.269220
1012.792852
1013.990728
1014.491668
1014.684631
1014.833193
1015.192945
1015.289610
1015.884677
1015.972413
1016.353300
1016.541102
1016.851866
1017.798328
1017.806356
1017.952010
1018.254418
1018.857554
1019.871642
1020.275876
1020.943974
1021.377782
1021.555220
1021.783081
1021.813105
1022.075740
1022.239416
1022.258381
1022.647050
1022.965473
1023.001846
1023.057551
1023.061279
1023.195464
1024.085361
1024.228188
1025.062994
1026.144993
1026.147369
1026.781020
1026.819236
1027.362611
1027.514245
1027.701023
1028.323246
1028.327875
1028.705567
1029.339259
1030.219162
1030.495109
1030.536643
1030.685573
1031.061258
1031.182909
1031.474135
1031.477944
1031.573586
1033.026683
1033.032335
1033.567969
1033.647759
1033.836421
1034.139238
1034.421453
1034.429686
1034.614784
1034.867548
1035.321631
1035.476009
1035.562557
1036.370780
1037.424558
1038.116823
1038.495990
1039.697797
1039.757640
1040.183419
1040.230687
1040.648520
1040.650732
1040.814162
1041.025352
1041.253868
1041.259028
1041.478369
1041.605919
1041.612104
1042.360689
1042.753208
1042.841190
1042.845164
1043.350897
1043.598254
1044.300063
1044.791378
1045.398241
1045.641052
1046.407250
1046.584689
1047.290102
1048.435261
1048.451645
1048.453161
1048.820818
1048.921498
1049.085542
1049.198182
1049.232261
1049.568051
1049.771786
1049.973883
1050.612040
1050.626540
1050.713907
1051.085496
1051.109294
1051.565957
1051.687936
1052.060099
1052.136940
1052.212716
1052.219228
1052.645581
1053.160407
1053.183386
1053.216195
1053.365903
1053.445202
1053.458842
1053.561037
1054.100521
1054.788444
1054.963425
1056.138404
1056.282337
1057.445069
1057.533583
1057.691402
1058.090312
1058.383340
1058.582077
1058.626847
1058.703933
1058.715812
1059.332096
1061.493719
1061.550367
1061.649777
1062.156042
1062.213960
1062.262415
1062.470615
1063.082926
1063.399055
1063.664640
1063.820001
1064.476344
1064.616387
1065.105981
1065.361531
1065.468355
1065.657754
1065.885942
1065.899950
1066.013655
1066.188145
1066.285425
1066.318561
1066.532577
1066.612613
1066.799759
1066.966426
1067.699323
1068.014182
1068.117320
1068.157420
1068.601754
1068.687688
1069.259039
1069.363077
1070.463345
1070.886380
1071.463055
1072.711762
1072.775782
1072.793149
1072.991437
1073.135575
1073.573028
1074.316780
1075.059261
1075.628892
1075.907215
1075.935764
1076.123320
1076.200079
1076.246405
1078.154691
1080.266629
1080.906547
1081.128468
1082.302915
1082.779525
1082.910515
1083.681546
1084.512502
1085.014057
1085.020692
1085.034537
1085.323428
1085.391544
1086.229668
1086.500659
1086.521795
1086.760018
1086.990418
1087.230321
1087.726264
1088.232899
1088.248586
1090.114806
1090.129388
1090.161459
1090.941747
1090.952520
1091.060859
1092.087521
1092.169974
1092.185170
1092.503921
1093.303951
1093.855191
1094.603612
1095.256433
1095.560724
1095.755039
1095.947633
1096.123802
1096.655749
1097.077596
1098.158039
1098.233160
1098.438451
1098.725007
1099.342930
1100.954747
1102.459576
1102.883840
1104.443392
1104.513229
1104.601211
1104.784548
1105.307238
1105.693041
1105.813176
1106.496799
1106.705162
1107.142451
1108.581949
1108.662231
1109.377106
1110.100091
1110.551265
1110.811116
1111.643955
1111.734764
1111.743816
1111.799644
1112.844861
1113.004933
1114.150543
1114.644562
1114.799227
1115.124244
1115.527373
1116.233073
1116.239462
1116.259082
1116.703949
1116.960891
1116.998328
1117.035397
1117.134111
1117.313188
1117.640909
1117.870244
1118.006477
1118.301143
1118.536376
1118.965023
1119.448187
1120.378348
1120.953303
1121.161421
1121.628201
1122.046648
1122.057011
1122.733793
1122.806374
1123.155067
1123.916513
1124.198482
1124.226703
1124.468736
1124.736737
1124.757381
1125.000888
1125.420401
1125.558026
1125.687378
1126.076498
1126.080307
1126.362030
1127.098860
1127.131382
1127.296000
1127.473029
1128.078787
1128.642888
1128.753562
1128.883364
1129.070510
1129.215222
1131.359519
1131.931197
1132.331827
1133.517128
1134.817976
1134.852055
1135.676088
1135.717499
1135.835177
1136.212419
1136.353403
1136.611533
1137.001882
1137.074790
1139.053363
1139.306291
1139.881206
1140.459520
1140.643758
1140.665303
1140.807926
1141.402132
1141.757379
1141.760655
1142.904586
1143.736893
1144.150221
1144.283300
1144.376852
1145.072681
1145.445786
1145.479455
1145.799803
1145.909494
1146.042532
1146.087711
1147.430994
1147.694326
1148.201370
1148.432056
1149.010412
1149.067428
1149.649920
1149.816750
1150.078075
1150.218977
1150.404813
1150.577295
1150.704804
1151.086715
1151.756739
1151.898132
1152.024904
1152.202056
1152.477225
1152.516751
1153.096581
1153.135206
1153.508721
1153.536246
1153.639875
1153.694679
1153.774223
1153.842872
1154.342298
1154.788065
1154.906194
1154.995978
1155.175711
1155.297075
1155.303793
1155.598787
1155.751731
1155.971482
1156.152771
1156.688650
1156.793754
1157.143142
1157.219983
1157.796823
1157.912084
1158.516613
1158.748201
1159.023084
1159.745741
1160.164598
1160.563753
1160.954225
1161.840394
1162.750935
1162.875044
1162.900439
1163.282268
1163.608924
1164.874629
1165.714637
1165.771612
1166.250721
1166.636278
1170.103665
1170.229412
1170.442117
1170.532065
1170.880307
1171.005235
1172.917821
1173.331108
1173.458493
1173.582193
1173.676237
1175.745659
1176.967045
1177.133998
1177.774326
1178.130555
1178.478469
1178.545766
1178.665902
1179.419156
1179.426488
1180.311224
1182.407188
1182.443848
1182.965678
1184.700457
1184.706068
1184.971776
1185.723556
1185.924506
1186.379080
1186.413076
1186.857329
1187.215401
1187.932611
1188.298834
1188.336353
1188.807270
1189.164237
1189.325414
1189.419704
1191.120650
1191.297843
1191.448740
1192.063836
1192.179958
1192.417485
1192.526111
1193.984737
1194.295542
1194.488300
1195.382170
1195.489894
1195.857797
1196.437176
1197.033718
1197.047194
1198.009057
1198.768988
1198.771651
1198.959944
1199.232860
1199.914435
1200.137544
1200.230154
1200.299008
1200.686735
1201.579745
1204.237148
1204.316119
1205.658337
1205.874442
1206.201549
1206.272410
1206.656492
1207.722312
1208.092918
1208.903475
1209.764454
1209.851412
1209.980928
1210.191626
1210.901586
1211.447992
1211.626496
1212.134318
1212.432753
1212.455854
1212.510413
1212.657787
1212.700795
1213.307290
1213.465272
1213.618463
1213.893427
1214.243963
1214.730117
1214.978212
1215.013642
1215.086387
1215.275008
1215.517164
1216.000942
1216.116326
1216.311378
1216.544236
1217.596047
1218.109972
1218.374410
1218.397594
1218.829681
1218.869371
1219.049923
1220.713144
1220.833034
1221.862810
1221.897175
1221.930557
1222.113526
1222.841754
1223.021445
1223.089971
1223.741358
1224.430305
1224.931574
1225.004564
1225.053102
1225.332081
1225.341665
1225.392087
1226.493665
1227.689329
1229.078733
1229.156557
1229.331005
1229.387284
1229.405102
1231.900590
1232.416195
1232.499589
1232.514089
1232.653435
1232.845701
1233.055048
1233.216143
1233.622016
1234.700902
1235.338281
1235.648881
1236.715028
1237.081580
1238.066668
1238.485279
1238.486098
1238.679388
1239.656243
1240.166728
1240.277484
1240.304189
1240.410931
1240.463483
1240.570143
1240.712274
1241.250447
1242.367918
1243.998822
1244.161147
1245.715988
1245.865165
1246.278902
1246.828298
1247.045386
1247.548539
1248.359916
1249.235313
1249.446339
1249.541325
1251.386409
1251.681772
1252.006380
1252.351877
1253.252710
1254.730424
1255.370916
1255.472210
1255.623475
1257.067602
1257.737626
1257.870746
1259.273298
1259.364475
1261.785252
1265.627013
1265.814364
1267.005399
1267.613532
1267.871252
1268.775281
1270.516572
1270.709494
1271.235461
1271.272694
1271.353631
1271.391478
1271.516733
1271.688847
1271.930921
1272.684298
1272.719401
1273.342075
1273.424691
1275.135795
1275.172577
1275.461878
1275.789025
1276.006482
1276.020122
1276.240282
1276.296274
1277.814866
1278.015283
1278.313882
1278.442168
1278.537851
1278.610309
1278.892114
1279.281152
1279.399731
1280.452690
1280.732856
1280.772547
1280.846111
1281.238180
1281.246126
1281.342874
1281.687839
1281.934418
1281.984307
1282.042880
1282.255176
1284.312392
1284.339753
1285.139866
1285.315420
1286.485934
1286.982451
1287.125770
1287.402086
1287.484211
1287.554253
1287.561544
1287.728579
1288.097096
1288.152515
1289.202647
1289.716900
1291.005993
1291.977441
1292.110684
1292.987187
1293.818225
1294.312202
1295.125340
1295.391949
1295.423078
1295.643484
1295.676539
1295.987343
1296.089825
1296.176660
1296.185180
1297.619067
1297.712865
1297.771315
1298.822103
1299.679683
1300.289372
1300.298588
1300.467180
1300.520223
1300.622868
1300.942193
1302.586737
1302.936125
1303.095869
1303.898604
1305.785836
1306.641203
1306.651156
1307.549123
1308.774359
1309.359227
1309.448397
1310.123254
1310.234296
1310.239949
1310.728643
1311.218401
1311.349637
1311.659418
1311.809536
1312.002294
1312.258540
1316.021862
1316.281262
1317.005271
1317.514117
1318.226002
1318.283633
1318.512804
1318.905487
1318.975734
1319.114711
1319.117660
1319.583416
1320.340562
1320.584151
1321.616261
1321.856246
1322.605199
1323.332936
1323.572511
1323.635180
1324.211405
1324.281815
1325.458964
1327.099740
1327.268905
1327.353078
1328.447980
1329.029571
1331.432940
1331.974185
1331.982336
1332.171366
1334.995436
1335.067075
1335.309681
1335.909458
1336.110981
1336.208671
1336.216986
1336.817295
1340.161638
1340.821176
1340.902318
1341.001851
1341.247816
1341.606339
1341.652828
1341.698007
1341.783532
1342.078812
1342.100890
1342.674248
1343.115059
1343.862948
1344.101007
1344.263905
1344.369254
1344.382648
1344.747971
1345.077862
1345.132298
1345.282171
1345.310556
1345.507983
1345.675919
1346.564588
1346.693120
1346.905170
1347.473039
1347.867484
1347.876086
1347.939164
1348.620452
1348.638147
1348.945715
1349.027348
1349.581373
1351.322173
1351.343268
1351.700439
1352.766136
1355.144806
1355.914445
1356.138496
1356.164383
1357.494067
1358.029128
1358.083154
1358.854963
1359.431066
1359.859507
1360.095314
1360.696975
1361.393295
1363.382764
1364.116603
1364.161987
1364.682138
1364.781425
1365.634703
1365.969388
1366.211052
1366.455828
1366.892093
1366.973317
1367.003423
1367.320289
1367.451361
1368.389673
1368.501289
1368.765768
1368.830157
1369.060639
1369.273836
1369.618268
1370.562437
1372.747489
1372.840714
1373.556859
1374.081843
1374.289101
1374.502175
1375.684444
1376.427827
1376.820879
1377.086915
1377.684480
1377.729004
1377.854464
1378.001183
1379.232072
1379.407872
1379.420447
1379.999048
1380.194796
1381.047419
1381.344420
1381.390746
1381.909791
1382.064701
1382.106317
1382.984131
1383.143506
1383.235461
1383.609344
1383.762248
1384.284979
1384.619131
1384.638341
1384.820326
1385.139364
1385.236193
1385.321062
1385.433498
1385.775022
1386.053878
1386.478551
1386.713702
1386.805166
1387.551826
1387.586355
1387.590492
1387.986493
1388.227174
1388.446433
1389.462159
1389.732700
1390.481981
1390.930125
1391.905300
1392.759685
1392.892887
1394.704056
1395.463209
1395.497615
1396.099850
1396.869079
1398.688031
1399.165256
1399.200236
1400.665539
1400.844739
1401.340559
1401.602253
1401.765356
1402.040279
1402.535240
1402.641818
1402.728161
1402.790380
1403.205304
1403.757281
1404.742615
1404.901704
1407.795364
1408.411320
1409.314161
1410.080154
1410.319606
1410.348646
1410.758738
1411.890012
1411.909304
1412.218716
1412.334223
1412.937892
1413.540946
1414.413353
1415.351992
1416.303739
1417.211372
1417.733571
1418.273751
1418.324296
1418.575053
1419.481907
1419.538596
1419.807293
1420.402033
1421.923533
1422.645821
1423.317197
1423.841034
1424.055992
1424.657695
1424.772014
1425.184727
1425.371587
1425.562501
1426.280899
1426.551439
1426.559549
1426.717286
1426.958705
1426.967511
1427.412296
1427.703276
1427.884319
1427.901481
1427.992412
1428.023255
1428.174520
1428.363837
1428.826890
1429.312922
1429.410652
1429.704212
1429.786255
1431.041966
1431.403602
1432.359526
1432.408269
1432.867226
1433.129697
1433.228288
1433.346007
1433.455124
1433.471099
1433.482813
1433.562235
1433.738117
1433.864110
1434.498826
1434.539581
1434.826097
1435.015250
1435.190436
1435.197768
1435.733893
1435.936522
1436.070093
1436.242493
1437.531136
1438.203208
1438.213161
1438.254940
1438.489477
1439.084462
1439.115510
1439.131075
1439.641272
1440.475054
1440.531169
1440.602522
1440.859054
1441.333862
1441.393336
1441.634263
1441.738097
1441.744568
1441.750221
1441.860772
1442.921759
1443.597967
1443.820913
1444.447887
1444.809073
1444.834140
1445.749678
1446.774374
1447.875748
1448.419615
1448.601436
1448.761795
1448.841748
1449.063588
1449.183683
1449.974907
1450.228081
1450.353664
1450.814915
1451.301478
1452.847186
1453.301637
1454.846689
1455.121940
1456.252436
1456.427704
1456.508600
1456.892969
1457.014088
1457.016340
1457.880801
1458.144461
1458.328494
1458.426102
1458.447852
1458.570076
1458.684559
1458.822676
1460.029112
1460.184965
1462.276096
1462.474056
1464.217641
1464.310866
1465.072026
1465.425633
1465.829499
1466.319094
1466.730824
1466.883359
1466.972856
1467.481375
1468.588196
1469.589012
1469.660037
1470.328463
1470.429553
1470.722540
1471.144960
1472.007660
1472.375357
1472.563405
1472.595722
1472.752353
1472.818135
1473.979064
1474.092605
1474.540134
1474.736292
1475.407790
1475.602104
1476.338606
1476.996424
1477.278474
1477.700280
1477.711831
1478.023741
1478.327828
1478.480364
1478.634250
1479.245046
1479.264788
1479.431086
1480.234025
1481.322168
1481.583985
1481.677783
1482.219848
1482.615398
1483.615396
1483.817492
1484.017050
1484.949463
1485.158154
1485.185393
1485.729628
1486.395802
1486.420296
1486.721270
1487.057633
1487.195300
1554.141307
1554.502328
1554.658140
1554.705285
1555.257549
1555.290685
1555.542548
1555.658834
1556.229325
1556.466360
1556.724244
1557.358141
1557.555446
1558.488310
1559.104266
1559.641907
1559.707320
1559.876239
1560.359158
1560.416584
1560.582267
1560.638423
1561.051300
1561.182003
1561.300746
1561.322660
1561.328681
1561.628099
1561.790136
1562.745692
1562.961224
1563.309466
1563.429192
1563.473838
1563.675894
1563.735122
1564.127887
1564.539945
1564.700262
1564.843827
1565.384049
1565.431603
1566.122967
1566.242406
1567.204229
1567.696978
1568.505324
1569.586504
1570.082488
1570.389238
1570.898698
1571.295027
1571.543286
1571.837051
1571.935027
1572.079657
1572.123402
1572.421509
1572.671078
1572.890010
1572.949565
1572.984955
1573.069578
1573.827461
1574.279864
1574.602793
1574.821724
1575.081902
1575.245824
1575.259668
1575.495803
1576.126095
1576.200192
1576.270684
1576.469381
1576.658002
1576.769413
1577.082225
1577.201541
1577.223168
1577.493463
1577.523610
1577.574851
1578.122772
1578.264084
1578.512957
1578.927391
1579.008901
1579.037491
1579.046339
1579.512668
1580.228526
1580.507054
1580.995256
1581.034742
1581.333176
1581.577708
1581.769974
1581.781197
1582.073446
1582.197146
1582.223360
1582.454006
1582.573896
1582.578156
1583.103099
1583.526748
1583.879578
1583.989391
1584.154255
1584.955105
1584.957891
1584.969523
1585.299825
1585.803919
1586.303590
1587.031368
1587.137577
1587.367322
1587.481068
1587.526697
1587.966362
1588.140524
1588.404593
1588.620124
1588.890296
1588.908360
1588.964966
1589.036155
1589.110497
1589.135237
1589.392015
1589.487903
1589.744148
1590.188810
1590.577234
1591.359037
1591.776829
1591.802184
1592.040202
1592.057938
1592.440955
1592.474214
1592.613724
1592.685691
1592.791450
1593.114010
1593.562235
1593.670369
1593.739305
1593.861652
1593.901056
1593.958728
1594.090988
1594.147062
1594.215752
1594.576486
1594.718249
1594.974700
1594.983834
1595.344077
1596.055388
1596.422840
1596.510249
1596.689613
1596.832645
1597.080904
1597.189202
1597.581804
1597.717176
1597.722706
1597.726597
1597.964370
1597.990707
1598.037197
1598.512579
1598.721393
1598.761697
1598.840218
1598.854144
1598.963712
1598.994145
1599.082947
1599.417508
1599.676580
1599.917343
1600.076636
1600.259277
1600.513720
1600.717496
1600.916316
1600.980828
1601.301258
1601.311703
1601.965834
1602.184765
1602.309202
1602.368307
1602.373140
1602.452726
1602.737725
1603.151053
1603.347415
1603.361710
1604.345979
1604.600340
1604.721951
1604.842865
1604.898980
1605.192704
1605.439488
1605.821932
1607.616676
1607.703798
1607.787479
1607.926948
1608.386150
1608.741356
1609.019433
1610.662584
1610.681057
1610.779034
1610.800988
1611.183063
1611.476541
1611.492475
1612.060099
1612.566487
1612.751053
1612.755149
1613.492716
1613.541908
1613.606830
1613.679575
1613.876716
1614.167900
1614.175560
1614.619935
1614.737572
1615.886213
1616.136888
1616.146596
1616.867901
1618.898248
1619.313295
1619.587482
1620.405617
1620.665344
1620.890993
1621.427651
1621.750497
1621.876695
1622.218424
1623.748485
1623.750287
1623.777239
1623.994573
1624.698061
1624.782684
1625.100370
1625.756877
1625.794847
1626.588733
1627.208458
1628.338135
1628.394824
1628.973548
1629.015286
1630.258258
1630.967480
1631.299748
1631.390638
1631.833498
1632.221102
1632.333496
1632.523182
1632.911565
1633.016750
1633.454326
1633.466778
1633.468703
1633.805435
1634.149581
1634.217820
1634.439373
1634.985615
1635.079782
1635.256115
1636.204708
1636.311122
1636.656210
1637.004411
1637.141094
1637.482004
1637.707325
1638.042378
1638.481633
1638.832210
1639.343800
1639.614382
1639.669760
1639.734477
1639.796326
1639.894589
1640.497848
1640.777441
1641.368003
1642.348995
1642.351288
1642.942013
1643.203666
1644.036465
1644.796396
1644.878766
1645.068698
1645.409526
1645.608059
1645.722583
1645.732454
1646.480302
1646.672937
1647.338332
1648.101048
1648.813629
1649.524367
1649.958584
1649.974313
1650.084782
1650.235679
1650.737029
1651.180462
1651.193938
1651.518095
1651.699630
1651.857654
1652.276797
1652.358431
1652.457185
1653.993595
1654.084362
1654.924247
1655.101891
1655.298499
1656.374354
1656.400732
1656.491540
1656.864154
1657.156608
1657.805169
1657.847521
1657.886638
1657.971384
1658.406298
1658.673316
1658.739343
1658.786652
1659.830518
1660.207923
1660.416614
1660.670444
1660.848210
1660.986819
1661.155820
1661.316956
1662.253343
1662.269030
1662.832599
1663.130747
1664.450847
1665.876582
1666.087444
1666.100838
1666.749809
1667.278438
1667.538739
1667.733627
1667.860111
1667.918275
1668.176323
1673.688883
1673.723535
1673.825198
1674.201825
1674.509189
1674.545684
1674.581320
1674.705469
1674.806231
1675.155210
1675.621622
1675.836580
1675.914568
1675.951186
1676.017910
1676.025938
1676.157665
1676.313190
1676.526920
1676.557394
1676.564562
1676.734915
1677.480632
1677.512458
1677.525565
1677.582418
1677.816750
1678.536417
1678.636155
1678.679613
1678.753505
1678.994924
1679.256084
1679.653274
1679.884820
1679.944991
1680.549356
1680.940483
1681.012081
1681.183375
1681.249567
1681.265336
1681.270948
1681.287168
1681.435075
1681.635082
1681.768694
1681.822515
1682.016993
1682.059100
1682.079457
1682.091827
1682.116321
1682.118656
1682.354954
1682.426593
1682.502533
1682.512077
1682.670756
1682.680750
1682.749071
1682.768445
1682.787164
1682.929541
1683.014492
1683.088753
1683.237478
1683.692257
1683.818578
1684.412948
1684.517151
1684.764549
1684.790600
1684.846346
1684.899267
1684.927652
1685.003756
1685.182013
1685.239931
1685.294039
1685.703311
1685.798420
1685.949563
1686.236938
1686.360105
1686.465249
1686.574285
1686.771425
1687.040778
1687.043768
1687.048561
1687.145677
1687.174349
1687.459881
1687.585751
1687.885251
1688.029676
1688.158945
1689.061540
1689.296773
1689.366159
1689.460163
1689.779569
1689.805537
1690.854851
1690.879345
1691.511972
1691.565629
1692.269855
1692.788736
1695.791227
1695.853322
1696.489103
1696.982671
1697.307197
1697.455718
1698.102395
1698.271232
1699.189555
1699.688448
1700.273070
1700.334592
1700.467016
1700.772413
1701.243331
1701.325947
1701.450383
1701.877187
1702.443827
1702.579528
1702.878208
1703.240745
1703.491953
1703.540654
1703.644037
1703.731855
1703.846257
1703.928627
1704.046592
1704.049828
1704.094884
1704.112538
1704.145306
1704.173158
1704.287314
1704.418550
1704.429404
1704.439726
1704.499528
1704.534630
1704.842445
1705.206907
1705.284485
1705.318482
1706.442998
1706.675364
1706.804920
1706.919322
1707.012997
1707.131167
1707.194163
1707.242824
1707.334246
1707.586478
1707.621130
1707.663114
1707.820442
1707.983176
1708.091433
1708.348580
1708.738683
1708.875817
1709.130629
1709.234995
1709.527695
1709.686333
1709.704356
1709.878067
1709.929841
1709.942374
1710.019215
1710.209884
1710.426604
1710.826537
1710.858772
1711.181906
1711.606579
1711.910011
1712.201482
1712.246743
1712.417341
1712.436511
1712.580444
1712.853852
1713.508106
1713.577165
1713.790853
1714.083676
1714.087813
1714.957353
1715.292406
1715.400950
1715.483853
1715.905659
1716.036608
1716.121354
1716.193608
1716.475003
1716.651418
1716.993311
1717.327217
1717.503836
1717.913436
1718.184837
1719.419658
1720.261796
1720.392745
1720.486134
1720.795300
1720.865423
1720.965243
1721.321390
1721.547407
1722.060022
1722.268058
1722.346168
1722.414817
1722.490061
1722.548879
1722.589143
1722.603930
1722.682737
1722.746429
1723.000750
1723.044168
1723.070423
1723.098604
1723.171471
1723.271905
1723.334574
1723.343749
1723.722424
1723.956019
1724.591841
1724.609577
1724.807578
1724.842476
1724.938650
1724.982313
1725.028434
1725.500211
1726.468506
1726.576230
1726.586921
1726.980628
1727.124234
1727.748547
1727.811256
1727.867863
1727.926354
1727.941632
1727.959245
1728.039158
1728.129516
1728.206316
1728.666542
1729.075241
1729.225892
1729.241170
1729.248870
1729.448632
1729.495122
1729.606492
1729.630822
1729.668301
1729.804780
1729.824358
1729.895178
1729.991475
1730.614927
1730.756895
1730.761482
1730.809487
1731.201147
1731.726500
1732.021617
1732.453335
1732.549059
1732.562944
1732.896563
1733.014528
1733.103165
1733.503590
1733.616271
1733.654774
1733.722522
1733.728420
1733.780562
1733.842207
1733.932401
1734.174556
1734.316196
1734.439977
1734.548152
1734.697042
1734.846382
1734.998057
1735.372390
1735.501455
1736.033362
1736.180449
1736.689582
1737.344369
1737.532580
1737.608192
1737.652388
1738.173358
1738.228859
1738.753597
1738.815652
1738.871808
1739.038433
1739.418337
1739.511726
1739.525243
1739.669914
1739.770880
1739.986575
1740.063375
1740.342313
1740.453315
1741.062881
1741.151478
1741.426074
1741.842924
1742.123336
1742.279885
1742.757806
1743.464858
1743.683461
1744.170557
1744.780411
1745.296753
1746.134303
1746.332877
1746.587648
1746.922906
1746.945761
1747.211510
1747.278316
1747.417006
1747.442237
1747.618898
1747.639747
1747.640689
1749.154775
1749.261435
1749.887836
1750.032056
1750.151168
1750.426296
1750.684426
1751.057408
1751.096525
1751.608197
1751.918428
1752.105615
1752.286740
1753.015501
1753.028977
1753.139569
1753.245573
1753.337774
1753.448612
1753.598034
1753.614909
1753.618227
1753.821757
1755.193754
1755.230863
1755.375657
1755.640627
1755.911537
1755.988951
1756.583854
1756.781445
1756.904980
1757.320069
1757.470638
1757.578199
1758.187561
1758.361805
1758.404895
1758.466744
1758.562345
1758.644388
1759.215206
1759.918776
1760.541082
1763.450511
1763.538821
1763.686769
1763.711140
1763.963453
1764.113981
1764.295844
1764.481147
1764.810138
1765.639127
1766.733169
1766.801940
1766.819553
1766.943212
1766.981714
1767.017390
1767.086121
1767.145718
1767.321559
1767.538483
1767.574282
1767.949271
1768.226734
1768.404296
1768.508539
1768.529388
1768.643461
1768.723866
1768.793211
1769.701827
1769.783214
1769.832038
1770.196787
1770.389996
1770.670694
1770.731438
1771.011809
1771.073905
1771.190477
1771.244708
1771.321713
1771.389379
1771.485184
1772.103229
1772.196782
1772.283085
1772.339773
1772.389868
1772.641935
1772.925870
1772.941844
1772.947661
1772.979077
1773.130793
1773.540557
1773.792092
1773.955359
1774.176952
1774.660936
1774.938972
1775.084134
1775.901983
1776.065044
1776.316211
1776.629678
1777.591583
1777.836892
1778.068480
1779.628032
1779.643556
1779.914138
1779.924132
1780.274749
1780.470415
1780.492943
1781.062164
1781.203190
1781.303296
1781.320212
1781.483438
1781.668905
1781.846303
1782.280233
1782.661284
1782.731203
1783.183319
1783.830118
1784.616059
1784.726897
1784.760771
1785.259991
1785.880781
1785.946317
1787.315282
1787.431936
1787.565138
1787.681833
1787.705180
1787.839652
1787.850220
1788.035113
1788.524339
1788.616950
1789.326746
1789.421568
1789.630382
1789.830636
1790.037852
1790.508974
1790.613545
1790.662410
1790.747034
1790.965023
1791.032402
1791.090074
1791.327764
1791.346483
1791.758459
1791.793562
1791.892726
1792.018514
1792.199803
1792.270131
1792.332759
1792.435814
1792.476856
1792.523674
1792.630129
1792.712499
1792.843653
1793.014211
1793.060700
1793.180836
1793.369907
1793.402880
1793.467924
1793.503191
1793.597071
1793.970668
1793.992827
1794.284626
1794.443674
1794.492580
1794.512527
1794.605588
1794.881004
1795.025101
1795.244155
1795.366625
1795.518956
1795.556803
1796.083098
1796.265411
1796.378870
1796.580229
1796.651049
1797.185167
1797.606687
1797.698970
1797.812265
1797.943378
1798.424863
1799.348675
1799.435919
1799.766958
1799.886193
1799.898235
1800.943903
1801.125356
1801.234145
1801.318400
1801.337364
1801.518285
1802.055229
1802.174628
1803.311759
1803.464622
1803.519508
1803.559444
1803.845427
1803.914977
1804.563415
1804.574188
1804.644966
1804.669297
1804.710011
1804.747448
1804.815770
1805.369303
1805.548749
1805.550756
1805.778330
1805.943439
1806.045512
1806.048420
1806.100439
1806.431150
1806.649631
1806.967439
1807.195668
1807.361024
1807.377285
1807.420457
1807.771607
1807.816008
1807.858442
1808.053699
1808.122593
1808.125174
1808.931021
1809.233306
1809.412014
1809.455800
1809.559060
1809.826243
1810.092728
1810.662687
1810.833285
1811.100262
1811.158344
1811.260047
1811.798999
1811.909960
1811.960218
1812.095508
1812.257260
1812.852449
1813.090058
1813.165670
1813.363671
1813.377229
1813.697577
1813.748941
1813.959270
1814.098821
1814.342124
1814.650143
1814.801818
1814.850929
1815.183852
1815.557120
1815.733289
1815.871283
1815.945830
1816.598118
1816.707154
1816.879964
1817.068380
1817.274245
1817.301729
1818.165412
1818.319667
1818.390364
1818.618470
1819.074683
1819.226685
1819.425546
1819.865375
1820.250767
1820.497797
1820.758385
1820.904202
1821.631447
1822.216233
1822.509711
1823.544033
1823.621652
1823.678095
1823.792046
1823.937208
1824.103956
1824.222495
1824.474112
1825.165885
1825.432822
1825.468170
1825.655316
1825.767916
1825.872814
1826.419016
1826.824724
1827.038986
1827.533619
1828.024402
1828.419338
1828.734853
1828.930314
1829.593170
1830.022758
1830.074778
1830.432932
1831.093002
1831.116104
1831.150715
1831.652147
1831.790510
1831.859364
1831.863951
1832.053883
1832.074895
1832.193188
1832.426250
1833.004155
1833.648783
1833.851576
1833.858007
1834.066289
1834.120765
1834.396017
1834.597089
1834.608394
1834.980762
1835.220091
1835.510825
1835.703910
1835.738317
1836.089958
1836.100076
1836.184740
1836.557681
1836.704891
1836.939919
1836.947415
1837.246341
1837.464494
1837.864878
1838.402314
1838.681948
1838.887772
1839.010570
1839.560253
1839.808840
1840.310723
1840.392315
1840.426885
1840.559473
1840.899686
1841.143398
1841.246208
1841.488814
1842.222244
1842.828452
1842.831196
1843.547177
1843.980288
1844.226376
1844.463534
1844.826604
1845.046723
1845.212815
1845.518746
1845.650514
1845.860803
1846.205809
1846.241690
1846.274294
1846.727721
1846.832865
1846.870958
1847.103816
1847.174513
1847.713710
1847.718093
1848.066662
1848.342774
1848.751309
1849.479823
1849.505669
1849.999442
1850.274857
1850.721731
1850.938778
1851.252695
1851.284316
1852.219802
1852.344115
1853.180191
1853.290045
1853.726761
1854.113137
1854.395720
1854.627799
1854.729175
1854.790615
1854.891991
1856.948920
1857.552097
1858.548326
1858.610586
1859.083756
1859.305021
1859.357204
1859.360154
1859.579453
1859.771843
1859.848602
1859.902259
1860.216095
1860.417290
1861.362647
1861.491876
1861.641585
1861.805998
1862.228091
1862.407741
1862.449684
1862.724731
1862.932931
1863.409459
1863.648707
1864.666563
1865.025085
1865.090130
1865.095127
1865.397289
1866.041795
1867.069317
1867.769856
1868.006195
1868.306637
1869.815931
1870.076436
1870.425580
1870.638531
1871.564595
1872.685957
1872.963584
1873.202463
1873.316250
1873.685422
1874.179645
1874.549023
1875.009864
1875.085107
1875.089981
1875.099689
1875.210936
1875.286016
1875.443630
1875.688940
1875.899965
1876.242555
1876.705362
1876.952351
1877.552251
1877.761556
1877.812961
1878.333440
1878.488596
1879.497974
1879.511982
1879.561667
1879.777362
1879.802225
1879.812792
1880.118723
1880.232550
1880.236769
1880.246845
1880.445747
1880.576655
1880.633180
1880.673485
1880.701215
1880.744673
1880.828477
1880.890286
1880.896799
1881.459671
1881.899827
1881.964421
1881.980969
1884.165202
1884.273091
1884.729303
1885.396910
1885.607035
1886.000169
1886.539981
1886.968545
1887.190180
1887.490662
1887.645532
1887.666094
1888.009175
1888.028221
1889.973658
1890.640036
1892.142817
1892.853842
1893.006090
1893.135811
1893.970330
1894.236733
1894.816399
1895.170867
1895.582720
1895.893770
1896.773222
1896.801608
1896.966717
1897.458893
1897.539133
1897.608643
1897.649521
1897.680241
1897.843425
1897.933332
1899.288576
1899.376927
1899.392860
1899.865211
1900.075377
1900.190474
1900.254085
1900.293448
1900.414853
1900.677202
1901.894083
1902.071235
1902.998815
1903.064023
1903.234540
1903.238840
1903.520768
1903.532114
1903.551242
1903.631606
1903.647416
1903.657984
1903.731180
1903.772303
1903.873188
1904.138486
1904.267387
1904.283853
1904.308552
1904.382239
1904.415539
1904.483123
1904.545096
1904.554394
1904.651018
1904.765174
1904.863232
1904.953385
1905.028628
1905.341686
1905.603625
1905.630740
1905.796424
1905.851064
1905.941176
1906.123858
1906.124923
1906.210611
1906.245100
1906.342707
1906.413117
1906.917130
1906.924175
1907.013018
1907.189187
1907.311002
1907.662070
1907.704054
1907.738051
1907.926057
1907.951084
1908.073472
1908.198892
1908.800143
1908.863017
1908.879974
1909.175009
1909.564129
1909.761188
1910.073631
1910.227927
1910.385091
1910.530540
1910.717932
1910.809108
1910.871654
1911.312097
1911.374356
1912.389509
1912.556913
1912.753357
1912.799027
1912.988631
1913.456435
1913.715917
1914.096312
1914.137395
1914.147717
1914.243277
1914.475848
1914.776781
1915.912479
1916.016599
1916.128584
1916.480061
1917.017661
1917.177160
1917.266330
1917.312573
1917.331784
1917.436027
1917.549609
1917.824164
1917.829120
1917.841654
1918.020362
1918.610432
1918.667489
1918.957732
1919.081021
1919.120056
1919.197430
1919.250637
1919.315763
1919.353487
1919.401861
1919.530516
1919.669780
1919.762186
1919.853896
1919.943639
1920.053125
1920.135864
1920.172237
1920.235233
1920.287744
1920.363807
1920.377324
1920.611574
1920.642580
1920.781271
1920.880763
1921.102725
1921.405542
1921.474970
1921.498194
1921.545953
1921.584087
1921.611612
1921.792860
1921.813340
1922.072412
1922.087772
1922.099364
1923.018015
1923.132334
1923.143270
1923.418644
1923.551068
1923.596083
1923.622093
1923.757875
1923.826934
1923.978527
1924.088750
1924.315300
1924.453335
1924.506051
1924.516332
1924.610785
1924.755374
1924.804035
1925.052170
1925.303828
1925.596242
1926.183526
1926.423306
1926.478029
1926.752788
1926.997361
1927.110820
1927.152230
1927.655383
1927.793091
1928.178934
1928.381972
1928.522097
1928.646656
1929.019843
1929.138831
1929.375171
1929.463357
1929.552077
1929.562399
1929.632399
1929.798164
1929.830810
1929.970401
1930.043843
1930.068869
1930.692403
1930.923868
1931.184251
1931.185889
1931.300045
1931.343913
1931.428372
1931.796931
1931.978260
1932.053012
1932.138906
1932.265349
1932.382945
1932.502180
1932.691825
1932.797460
1932.806226
1933.177405
1933.472481
1933.837312
1933.872169
1933.930209
1934.027940
1934.135992
1934.286602
1934.296637
1934.706483
1934.762885
1934.793810
1934.837596
1934.859919
1934.998077
1935.268004
1935.341199
1935.501967
1935.588024
1936.284918
1936.656998
1936.830996
1936.999260
1937.051689
1937.076961
1937.183048
1937.309614
1937.424343
1937.540874
1937.778770
1938.190868
1938.223923
1938.416026
1939.430892
1939.538575
1940.049183
1940.069458
1940.081992
1940.175176
1940.496056
1940.854538
1941.077484
1941.835121
1941.859860
1942.060155
1942.252954
1942.341427
1942.701711
1942.751437
1942.941368
1943.432847
1943.813202
1943.978066
1944.267448
1944.850801
1946.453484
1947.102044
1947.106714
1947.308155
1947.312087
1947.372298
1947.535729
1947.610767
1947.832156
1947.888108
1948.022702
1948.389581
1948.548628
1948.709683
1948.896461
1949.013893
1949.083607
1949.395558
1949.638861
1949.674045
1949.768663
1949.846938
1949.937828
1949.964739
1950.051410
1950.171791
1950.317076
1950.377574
1950.559355
1950.842593
1950.876344
1950.897562
1951.162696
1951.395635
1951.408660
1951.466988
1951.499059
1951.565087
1951.623127
1951.699599
1951.733105
1952.213606
1952.395633
1952.446833
1952.567624
1952.583148
1952.726630
1952.775414
1953.239245
1953.339720
1953.396449
1953.505976
1953.654374
1953.710572
1953.736458
1953.827635
1953.917215
1954.090803
1954.198241
1954.538496
1954.610749
1954.981110
1955.246981
1955.391324
1955.651297
1955.743990
1955.853312
1955.955261
1956.184146
1956.727316
1956.949402
1957.054382
1957.196595
1957.424210
1957.533123
1957.615043
1957.904630
1957.964349
1958.047744
1958.185779
1958.213714
1958.314025
1958.816850
1958.975898
1959.126057
1959.205765
1959.624991
1960.278671
1960.383406
1962.079314
1962.367795
1962.537042
1962.681672
1962.778993
1963.318026
1963.564360
1963.876721
1964.369756
1964.767068
1964.786115
1964.915917
1965.200589
1965.607485
1966.158438
1966.229422
1966.549320
1966.587044
1966.771569
1966.975918
1967.065334
1968.235069
1968.286884
1968.561439
1969.649541
1969.782211
1969.934541
1970.058854
1970.147410
1970.203197
1970.474598
1970.594775
1970.650522
1970.761564
1971.589571
1971.702702
1971.783025
1971.896074
1971.974717
1972.276019
1972.391076
1972.585267
1973.370429
1973.582766
1973.595095
1973.931540
1974.310175
1974.317466
1974.550610
1974.613934
1975.275356
1976.030577
1976.457052
1978.372178
1978.394583
1978.684088
1979.025162
1979.460321
1979.585372
1979.628667
1979.872379
1979.935662
1981.007094
1981.120758
1981.158154
1981.845627
1981.927547
1982.202716
1982.354883
1982.428365
1982.603059
1982.762557
1983.318876
1983.786271
1983.886541
1984.111985
1984.293274
1984.423690
1984.434627
1984.577782
1984.871301
1984.944538
1985.015194
1985.020436
1985.026703
1985.274388
1985.524982
1985.937080
1986.278031
1986.483692
1986.653757
1986.830868
1986.867364
1986.869166
1986.930115
1987.262013
1987.429745
1987.565691
1987.919749
1988.039393
1988.492329
1988.508058
1988.536033
1989.817426
1989.907825
1990.004244
1990.024847
1990.125117
1990.181519
1990.189097
1990.338970
1991.119217
1991.286456
1991.439811
1991.624950
1991.852974
1992.113070
1992.883692
1993.065800
1993.524838
1993.624371
1994.200310
1994.646364
1994.887864
1995.005788
1995.161600
1995.869061
1996.664300
1997.080412
1997.204849
1997.600481
1997.822976
1997.986898
1997.994025
1998.238843
1998.325637
1998.441349
1998.725120
1998.807900
1999.144428
1999.279432
1999.390269
1999.688458
2000.201073
2000.753705
2001.316004
2001.449902
2001.519985
2001.567293
2001.824563
2001.826161
2002.646508
2002.673623
2002.739282
2002.923889
2002.941051
2003.053445
2003.445023
2003.504251
2003.604972
2003.701350
2004.153098
2004.392878
2004.625326
2005.802148
2006.226371
2006.297436
2006.471967
2006.481879
2006.567199
2007.141908
2007.944684
2008.413430
2008.916500
2009.588040
2009.916047
2010.081034
2010.419323
2010.426245
2010.568827
2010.883482
2011.665121
2012.957614
2013.159055
2013.311386
2013.661389
2013.775954
2014.015324
2014.586962
2014.768783
2015.508685
2016.758497
2016.858808
2018.541076
2019.162685
2019.406275
2019.718308
2020.026860
2021.441577
2021.814108
2021.914665
2022.029271
2022.124708
2022.355190
2022.444278
2022.785393
2022.928712
2023.168000
2023.347077
2023.388897
2023.421379
2023.522755
2023.732470
2024.420803
2024.598651
2024.990474
2025.080177
2025.197814
2025.327084
2025.443082
2025.606267
2025.765642
2026.019348
2026.087997
2026.257695
2026.335437
2026.730783
2027.149885
2027.176796
2027.243233
2027.497103
2027.773420
2027.857306
2028.001894
2028.034826
2028.139356
2028.823757
2028.841615
2028.846490
2029.038182
2029.198049
2029.225615
2029.272801
2029.336412
2029.339484
2029.378642
2029.473096
2029.504143
2029.544980
2029.625590
2029.732168
2029.747610
2029.810360
2029.973340
2030.116987
2030.195016
2030.255350
2030.356890
2030.583439
2030.717747
2031.210414
2031.422423
2031.600230
2032.039199
2032.124723
2032.153068
2032.234660
2032.335135
2032.443064
2032.692388
2033.425285
2033.615053
2033.941299
2034.026742
2034.084946
2034.443100
2034.808463
2035.519119
2035.632210
2036.188570
2036.332134
2036.711711
2036.828078
2036.844954
2036.849992
2037.159895
2037.319885
2037.381775
2037.664522
2037.675991
2037.832499
2038.021161
2038.856991
2038.902989
2039.083622
2039.144120
2039.406019
2039.714406
2039.724892
2039.931822
2039.983063
2040.044626
2040.131052
2040.310292
2040.318730
2040.458813
2040.597053
2040.608113
2040.767488
2040.997724
2041.162629
2041.386394
2041.886392
2042.276905
2042.293330
2042.524221
2042.974085
2043.077018
2043.236065
2044.418703
2044.577423
2044.981780
2045.496730
2045.816300
2046.427750
2046.607647
2046.621204
2046.660116
2046.863606
2046.958715
2046.998774
2047.271281
2047.311995
2047.348449
2047.352136
2047.384863
2047.401656
2047.443272
2047.532687
2047.700296
2047.900877
2047.938929
2048.094740
2048.689029
2049.063322
2049.297490
2049.381499
2049.727242
2050.135368
2050.914222
2051.153879
2051.248292
2051.259433
2051.569869
2051.689882
2051.786138
2051.937157
2051.983360
2052.296335
2052.395540
2052.863058
2052.867113
2052.909916
2053.099684
2053.141217
2053.195612
2053.289288
2054.312305
2054.412411
2054.699049
2055.077970
2055.098860
2055.187497
2055.316029
2055.388406
2055.491994
2055.746191
2055.806607
2055.976264
2056.344699
2056.348754
2056.369070
2056.932188
2057.018245
2057.105203
2057.382052
2057.467372
2057.808814
2057.852477
2057.905439
2057.978020
2058.037412
2058.050109
2058.866360
2059.089101
2059.132887
2059.140710
2059.491942
2059.808768
2059.827405
2059.888599
2059.893760
2060.046131
2060.093440
2060.318966
2060.329984
2060.562473
2060.948808
2061.128172
2062.256824
2062.894326
2063.656550
2064.352420
2064.414802
2064.651633
2064.861716
2065.022034
2065.798595
2065.800847
2065.880924
2066.416845
2067.066716
2067.261686
2067.428598
2067.806372
2067.904799
2067.913400
2068.323451
2068.602184
2069.248901
2069.357158
2069.569454
2069.925601
2070.358548
2070.458122
2071.004979
2071.102996
2071.183852
2071.981711
2072.241644
2072.987976
2073.599263
2073.659187
2074.647880
2074.899333
2075.054531
2075.652301
2075.866522
2076.163277
2076.658688
2076.666716
2076.876882
2076.891300
2076.903465
2076.946719
2077.635502
2077.767434
2078.198907
2078.314824
2079.308718
2079.366922
2079.635456
2080.049848
2080.449700
2080.520356
2080.823091
2081.180467
2081.219789
2081.581711
2082.026045
2082.408980
2082.611118
2082.691686
2082.762056
2083.488154
2083.858842
2084.029891
2084.305838
2084.370801
2084.487700
2084.668621
2085.393613
2085.708063
2085.724037
2085.736817
2085.787607
2086.458860
2086.498877
2086.818652
2087.237550
2087.860920
2088.493711
2088.695112
2089.502147
2090.392781
2090.487480
2090.785219
2091.407565
2091.624694
2092.318802
2092.696003
2092.697313
2092.956058
2093.154468
2093.346365
2093.360824
2093.710828
2093.879992
2094.267556
2094.283571
2094.432584
2094.585692
2094.846075
2095.495291
2095.629271
2095.673754
2095.712952
2095.751782
2095.803597
2095.842591
2095.849718
2095.871713
2096.107684
2096.120627
2097.844429
2097.998807
2098.168996
2098.495447
2098.755052
2098.930811
2099.789046
2100.218470
2100.300923
2100.546765
2100.616929
2101.198602
2101.393777
2101.551145
2102.143959
2102.172467
2102.457713
2102.639534
2102.699090
2103.082967
2103.102013
2103.113236
2103.187251
2103.197450
2103.319757
2103.357112
2103.476347
2103.874028
2104.030085
2104.181924
2104.250286
2104.292065
2104.913224
2104.923464
2105.063670
2105.216369
2106.628874
2107.098604
2107.166351
2107.182408
2107.540234
2108.040561
2108.227584
2108.431032
2109.101138
2109.116293
2109.129277
2109.283451
2109.357957
2109.472563
2109.791969
2109.949706
2109.978460
2110.149222
2110.376059
2110.382858
2110.498775
2110.514586
2110.981898
2111.034573
2111.282340
2111.374500
2111.507005
2111.542149
2111.602606
2111.683707
2111.702057
2111.719096
2111.798641
2111.803761
2111.835628
2111.899894
2112.013189
2113.286144
2113.301791
2113.338204
2113.405256
2113.492419
2113.828332
2114.166129
2114.477425
2114.636063
2114.828042
2115.021414
2115.231416
2115.326444
2115.744727
2116.311613
2116.520182
2116.558029
2116.745789
2116.909998
2117.168374
2117.369610
2117.462630
2118.477865
2118.985892
2119.021240
2119.325614
2119.438664
2119.547863
2119.926702
2120.443044
2120.921457
2121.027215
2121.548349
2122.303078
2122.382049
2122.824663
2123.183923
2125.763707
2125.787259
2126.206403
2126.762107
2126.897889
2127.306465
2127.480177
2127.601869
2128.746701
2129.491845
2129.798349
2130.058076
2130.207744
2130.243953
2130.341478
2130.693202
2131.544310
2133.219287
2133.243904
2134.148465
2134.157804
2134.279209
2134.305915
2134.396068
2134.557491
2134.698189
2134.899016
2135.061340
2135.693435
2136.004690
2136.104755
2136.638013
2136.866939
2136.943043
2137.151734
2137.410109
2137.622200
2139.333632
2139.440538
2139.684905
2139.891302
2140.145213
2140.364759
2140.405228
2140.408709
2140.428370
2140.479652
2140.870820
2141.109330
2141.139436
2141.294346
2141.362463
2141.436846
2141.706199
2142.201078
2143.075000
2144.384164
2144.394772
2144.490619
2145.331692
2145.377567
2146.642330
2146.666947
2146.876006
2147.550126
2147.682550
2148.330414
2148.502692
2148.577894
2149.773804
2149.886484
2149.939814
2149.965660
2150.016860
2150.411919
2150.677217
2150.716744
2150.855516
2151.094600
2151.298580
2151.471022
2151.497810
2151.789158
2151.900447
2152.147108
2152.719032
2152.823767
2152.876564
2152.981750
2153.007473
2153.091891
2153.113846
2153.132237
2153.260278
2153.325445
2153.375826
2153.441526
2153.493299
2153.604137
2153.800090
2153.808855
2153.890775
2153.918259
2153.971548
2154.088817
2154.248110
2154.376561
2154.455163
2154.751181
2155.131617
2240.538255
2240.644588
2240.716022
2240.767672
2240.889610
2241.056809
2241.166828
2241.523425
2241.528709
2241.621074
2241.669161
2241.773117
2241.944003
2242.090189
2242.149663
2242.416517
2242.696315
2242.760704
2242.989015
2243.064422
2243.194634
2243.242967
2243.287040
2243.294085
2243.478979
2243.539517
2243.634504
2243.767869
2243.794125
2244.077404
2244.249354
2244.312146
2244.510761
2245.251113
2245.739192
2245.909258
2245.922857
2246.573548
2246.704128
2246.898237
2246.969999
2247.178363
2248.308736
2248.401347
2248.455332
2248.503501
2248.636498
2248.918098
2248.925102
2249.134121
2249.251144
2249.310618
2249.353626
2249.440338
2249.661440
2250.150707
2250.283745
2250.311557
2250.544660
2251.264451
2251.710095
2251.919811
2252.003164
2252.048876
2252.340429
2252.512297
2252.514591
2252.565709
2252.713370
2253.383844
2253.616087
2253.647299
2253.660856
2253.992755
2254.421197
2254.706115
2254.724628
2254.922383
2255.089132
2255.586181
2255.862661
2256.069755
2256.342753
2256.406979
2256.457196
2256.479027
2256.502538
2256.794706
2256.980869
2257.376297
2257.428767
2257.459077
2257.785692
2257.821614
2257.903084
2257.976975
2258.021786
2258.173952
2258.562171
2258.628936
2258.721178
2258.852127
2259.214909
2259.222405
2259.695084
2259.770409
2259.797443
2260.040131
2260.085105
2260.687626
2260.783964
2260.888986
2260.994580
2261.158994
2261.254881
2261.283430
2261.323121
2261.330616
2261.408686
2261.547377
2262.088008
2262.489948
2262.629417
2262.687703
2262.770074
2262.775890
2262.901637
2262.958899
2263.119380
2263.301120
2263.715308
2263.886520
2264.060191
2264.143012
2264.304681
2264.349327
2264.426004
2264.475976
2264.596562
2264.630477
2264.799724
2265.133261
2265.243566
2265.554289
2265.714524
2265.745244
2265.833718
2265.862062
2266.227712
2266.344530
2266.405396
2266.501038
2266.632643
2266.731971
2266.757407
2266.761216
2266.850632
2266.955244
2267.397325
2267.631780
2267.828675
2268.235203
2268.395233
2268.585574
2268.988662
2269.227827
2269.335798
2269.443318
2269.671916
2269.686620
2269.790945
2269.905306
2270.108140
2270.165565
2270.551081
2270.882365
2271.298028
2271.447613
2271.550382
2271.615181
2271.717622
2271.744532
2271.816172
2271.848735
2273.046077
2273.073521
2273.255670
2273.317560
2273.456087
2273.607598
2273.749156
2273.767301
2274.057134
2274.357576
2274.521006
2274.661622
2274.815549
2274.826568
2274.955387
2275.299000
2275.372483
2275.672924
2275.802276
2275.816407
2276.233093
2276.341350
2276.413891
2276.633682
2276.889068
2276.991468
2277.372641
2277.563802
2278.338068
2278.463406
2278.494126
2279.073587
2279.078994
2279.259628
2279.379190
2279.816561
2280.827740
2280.957092
2281.061949
2281.294684
2281.410437
2281.759089
2281.868657
2281.909412
2282.331628
2282.561618
2282.693427
2283.198259
2283.363656
2283.461468
2283.773256
2284.184781
2284.338258
2284.364964
2284.927222
2285.026468
2285.167698
2285.221110
2285.746299
2285.826130
2285.901169
2286.545592
2286.709842
2286.770749
2287.064678
2287.227290
2287.285740
2287.392973
2287.483412
2287.674409
2288.207708
2288.721797
2289.089004
2289.182679
2289.269473
2289.543291
2289.600553
2289.784259
2289.969480
2290.134303
2290.181489
2290.218557
2290.485002
2290.533704
2290.844672
2290.991964
2291.159654
2291.363062
2291.470991
2291.542958
2291.608044
2291.834798
2291.968287
2292.005970
2292.080681
2292.160184
2292.381327
2292.417618
2292.619428
2292.838031
2293.099356
2293.361582
2293.477540
2293.555200
2294.124749
2294.129910
2294.345933
2294.472417
2294.533775
2294.601441
2294.610330
2294.682870
2294.853181
2294.880829
2294.979830
2295.192699
2295.384719
2295.713014
2295.733289
2295.744102
2295.936532
2295.999693
2296.052572
2296.053883
2296.170701
2296.244797
2296.348713
2296.422810
2296.516567
2296.832246
2296.865833
2297.068913
2297.159270
2297.377055
2297.708995
2298.460324
2298.702930
2298.880164
2299.472282
2299.596268
2299.623956
2299.715666
2299.897037
2300.321300
2300.767150
2301.121208
2301.194363
2301.263913
2301.667410
2302.011474
2302.239252
2302.342554
2302.565089
2302.570414
2302.624604
2302.906163
2303.359181
2303.637914
2303.772262
2303.880724
2303.939174
2304.083067
2304.282747
2304.463012
2304.717455
2304.949207
2305.034199
2305.085153
2306.596413
2306.931876
2306.954486
2307.088916
2307.117384
2307.439534
2307.445432
2307.773235
2308.299244
2308.662190
2308.710154
2308.977418
2309.097800
2309.125120
2309.214126
2309.342085
2309.388001
2309.489787
2310.200361
2310.257746
2310.453084
2310.623764
2310.673818
2310.770115
2310.919537
2311.163372
2311.212728
2311.595418
2311.826473
2312.239432
2312.287764
2312.470200
2312.920678
2313.423053
2313.693184
2313.994404
2314.153861
2314.436813
2314.657260
2314.791526
2314.849239
2314.957087
2315.071816
2315.128709
2315.381596
2316.162826
2316.307046
2316.401254
2316.646236
2316.903014
2317.055549
2317.145252
2317.166592
2317.213532
2317.342474
2317.430006
2317.548462
2317.676216
2318.204436
2318.644797
2318.703862
2319.038300
2319.231140
2319.353856
2319.375114
2319.484764
2319.785452
2319.900795
2320.048742
2320.055583
2320.294052
2321.064919
2321.241661
2321.267343
2321.550131
2321.764147
2321.908900
2322.052465
2322.535506
2322.684887
2323.097518
2323.155313
2323.258491
2323.714376
2323.835249
2324.805345
2325.372969
2325.623972
2325.925069
2326.244762
2326.276792
2326.348882
2327.913554
2328.459756
2328.604590
2328.909578
2329.055846
2329.218458
2329.346212
2329.410888
2329.434522
2329.480602
2330.128343
2330.244178
2330.286326
2330.341499
2330.384302
2330.688143
2331.282964
2331.332690
2331.596227
2331.993866
2332.220129
2332.632515
2332.656558
2333.969654
2334.036173
2334.121492
2334.152704
2334.275912
2334.284923
2334.496113
2335.022694
2335.130255
2335.703777
2335.821414
2335.912223
2336.321495
2336.343982
2336.811868
2337.051607
2337.119150
2337.272259
2337.353073
2338.066227
2338.197750
2338.275615
2338.488361
2338.603704
2338.833408
2338.886943
2339.163873
2339.392758
2339.530834
2339.563315
2339.644252
2340.150477
2340.326973
2340.400824
2340.530176
2340.555366
2340.607959
2340.711752
2340.831642
2341.017149
2341.141258
2341.380751
2341.610168
2341.724119
2341.954888
2342.474342
2342.691840
2343.114506
2343.173407
2343.182950
2343.264215
2343.306772
2343.472251
2343.589315
2343.640515
2343.656366
2344.078418
2344.129413
2344.229765
2344.230871
2344.428093
2344.680735
2344.902451
2344.967168
2345.058345
2345.097093
2345.441567
2345.741476
2345.843712
2346.080256
2346.246636
2346.368901
2346.500710
2346.539090
2346.612081
2346.751345
2346.982236
2347.555103
2347.743314
2347.822490
2347.864187
2347.950776
2347.985797
2348.252324
2348.564972
2348.583567
2348.727091
2348.815565
2348.860703
2348.872212
2349.066936
2349.162414
2349.174374
2349.476291
2350.175191
2350.380483
2350.593843
2350.722990
2350.914191
2351.204434
2351.230444
2351.782502
2352.190546
2353.128448
2353.696113
2353.710408
2353.962025
2354.458337
2354.540257
2354.688983
2354.839716
2355.032187
2355.094241
2355.285443
2355.424379
2355.734897
2355.979469
2355.984876
2356.401480
2356.446986
2356.723384
2357.300716
2358.157066
2358.226412
2358.569206
2358.678897
2358.832210
2359.760077
2359.912038
2360.287601
2360.288707
2360.368497
2360.698225
2360.891515
2361.027871
2361.045688
2361.646653
2361.807176
2361.882829
2361.939149
2362.080993
2362.199532
2362.220216
2362.273055
2362.500219
2362.557276
2362.719601
2362.875863
2362.932470
2363.731845
2363.977196
2364.261622
2364.310856
2364.670689
2365.016105
2365.177405
2365.268951
2365.553213
2365.744865
2366.090854
2366.334403
2366.760509
2367.017574
2367.082086
2367.396413
2367.483863
2367.586386
2367.591260
2367.802409
2367.913738
2368.353280
2368.590234
2368.720118
2368.814408
2368.896410
2369.035428
2369.155973
2369.257144
2369.342013
2369.361674
2369.614438
2371.374940
2371.629711
2371.997860
2372.157153
2373.272412
2373.541315
2374.148301
2374.308987
2374.409667
2375.336264
2375.874232
2376.028856
2376.198676
2376.738775
2377.081733
2377.452093
2377.503949
2378.257654
2378.989486
2380.257812
2380.332114
2380.451267
2380.952207
2381.606953
2382.558413
2383.000330
2383.261286
2383.423078
2383.425823
2384.043909
2384.893747
2385.153065
2386.038252
2386.090107
2386.597478
2387.745505
2388.209009
2388.742472
2389.390828
2389.703639
2390.102876
2390.738575
2392.360837
2393.416950
2393.465364
2393.643008
2393.728205
2394.174300
2395.150500
2395.371971
2395.372749
2395.464991
2395.882086
2397.471375
2398.297375
2398.298481
2398.549565
2398.786232
2399.426478
2400.343081
2400.425165
2400.938353
2402.350531
2402.617467
2406.495969
2407.136420
2408.508989
2408.615854
2408.963645
2409.115566
2409.410683
2410.024755
2410.098565
2413.428941
2413.706363
2413.891707
2414.120468
2414.289592
2414.765261
2415.156224
2415.660483
2415.689482
2415.965921
2416.621855
2417.271194
2417.539604
2417.801626
2417.917379
2417.929134
2418.001551
2418.096742
2418.441830
2418.609111
2419.183124
2419.811656
2420.015718
2420.320584
2421.160960
2422.083052
2422.120858
2422.289981
2423.431250
2423.553270
2423.695770
2423.737221
2423.800750
2423.904543
2423.914824
2423.969546
2423.970693
2424.169349
2424.271585
2424.477778
2424.732590
2425.075876
2425.145917
2425.159025
2425.234924
2425.377178
2425.484411
2425.577800
2425.702892
2426.241475
2426.464215
2426.955407
2427.149394
2427.655660
2427.753021
2428.403671
2428.566159
2428.810076
2428.824207
2429.370941
2429.572219
2429.621658
2430.368317
2430.512824
2430.700216
2430.709187
2431.131156
2431.405261
2431.511880
2431.925494
2432.788070
2432.803103
2432.874578
2433.385718
2433.682964
2433.845166
2433.884815
2434.199634
2434.687099
2434.802196
2434.812232
2435.048530
2436.278600
2436.305633
2436.451860
2437.210563
2437.370470
2438.111560
2438.234563
2438.319063
2438.683279
2439.715881
2440.386765
2441.208013
2441.555517
2441.912852
2441.975726
2441.993339
2442.082058
2442.592420
2443.477443
2443.667866
2444.297708
2444.799181
2445.251748
2445.377004
2445.556654
2445.670318
2445.765222
2445.871309
2446.142874
2446.318674
2446.519050
2447.760916
2448.322519
2448.893092
2449.495613
2451.311739
2451.445187
2451.448340
2451.982008
2452.139991
2452.163994
2453.748490
2454.068306
2454.655427
2455.745413
2456.122204
2456.161976
2456.355471
2456.368620
2456.593367
2456.613478
2456.665498
2456.945705
2456.990597
2457.852805
2458.495386
2459.312783
2459.973837
2459.979530
2460.368568
2460.407685
2460.880937
2461.047972
2461.226189
2462.189691
2462.645289
2462.677893
2462.689362
2463.177318
2463.828705
2465.126359
2467.186893
2467.397960
2468.664074
2469.443625
2469.520589
2469.530665
2469.859369
2470.062039
2470.161613
2470.425887
2470.682419
2471.463936
2472.068219
2472.598979
2472.622039
2472.686674
2472.865300
2473.318728
2473.422275
2473.644646
2473.976750
2474.050929
2474.282598
2474.681098
2474.696950
2474.892493
2474.961592
2475.071734
2475.362058
2475.616584
2475.745444
2476.056412
2476.113183
2476.224553
2476.945859
2477.634765
2477.698744
2477.726515
2478.448271
2478.927462
2479.096545
2479.173960
2479.368356
2480.212664
2480.372941
2480.685711
2480.736297
2481.940562
2482.648515
2482.822472
2483.409060
2483.596657
2483.924214
2483.940065
2485.166735
2485.344829
2486.148751
2488.040202
2488.046387
2488.127078
2488.679096
2488.758600
2489.538806
2489.714647
2489.731072
2489.813852
2489.848586
2490.064568
2491.020780
2492.248760
2492.809052
2493.571031
2493.866885
2494.182810
2494.472806
2495.657124
2495.933850
2496.357212
2497.304125
2498.261647
2498.360279
2498.660598
2498.994053
2499.682222
2500.201431
2500.495606
2500.593091
2500.610662
2500.868751
2501.018952
2501.207409
2501.209170
2501.284250
2501.453251
2501.954355
2502.122660
2502.627123
2503.083213
2503.274947
2503.350436
2503.883530
2504.216658
2504.460411
2504.938332
2505.460941
2505.616056
2506.278953
2506.946642
2507.045519
2507.551212
2507.615642
2507.664466
2507.931730
2508.099133
2508.779684
2509.137224
2509.564314
2509.629809
2509.917020
2510.287790
2510.898831
2511.758664
2513.191240
2513.371873
2513.425367
2513.860649
2514.257101
2514.427535
2514.438226
2514.615624
2515.057418
2515.166577
2515.211756
2515.216179
2515.689267
2516.583465
2518.877635
2520.882995
2521.467699
2522.639278
2524.341985
2524.348047
2524.569846
2524.806390
2525.773046
2526.496768
2526.592000
2526.647706
2528.060457
2528.098304
2529.008722
2529.171005
2529.312317
2529.371218
2529.531863
2530.982502
2531.721421
2531.763937
2532.105093
2532.501504
2532.526367
2533.598413
2535.470408
2535.903724
2535.928259
2536.451645
2536.572887
2537.733571
2538.008412
2539.025080
2539.330519
2539.721687
2540.472238
2540.502344
2540.602450
2540.655247
2541.015736
2541.074022
2541.342638
2542.490051
2543.276728
2544.537846
2544.608174
2544.921108
2546.245755
2546.385961
2547.516129
2547.999867
2548.301988
2548.637245
2548.834222
2549.154243
2549.180621
2549.302764
2549.523825
2549.556306
2549.837128
2552.659681
2552.992563
2553.096520
2553.275269
2553.481503
2553.634120
2553.661112
2553.799721
2554.158817
2554.184376
2554.334454
2554.703544
2554.734592
2554.862510
2555.001692
2555.333059
2555.407647
2555.623178
2555.815854
2556.088812
2556.241920
2556.399411
2556.565135
2556.628214
2556.642386
2556.662661
2557.353492
2557.453926
2557.476291
2557.589422
2557.877985
2557.917594
2558.006886
2558.345216
2558.547558
2558.786847
2559.001559
2560.780124
2560.795075
2560.862618
2561.084867
2561.095270
2561.101292
2561.317315
2561.401201
2561.571922
2561.685176
2561.743831
2562.478694
2562.593055
2562.735677
2562.765783
2563.105874
2563.392799
2563.855565
2564.306903
2564.370145
2564.594565
2564.782449
2565.106606
2565.224448
2565.290189
2565.816607
2566.230344
2566.269460
2566.421135
2566.423593
2566.575677
2566.882877
2566.935101
2567.377715
2568.205066
2568.475116
2568.484045
2568.558510
2568.628879
2568.990761
2569.149399
2569.164472
2569.616466
2569.809428
2570.004480
2570.100818
2570.154066
2570.313687
2570.437427
2570.480599
2570.776207
2570.922926
2571.091354
2571.563909
2571.774075
2571.881267
2571.890319
2572.362097
2572.574188
2572.957532
2573.258097
2573.308846
2574.232822
2574.377779
2574.534124
2574.733640
2575.198044
2575.799542
2576.729293
2576.752968
2576.899768
2577.051566
2577.139630
2577.452278
2578.119803
2578.217492
2578.360074
2578.588672
2578.727240
2578.787779
2578.841723
2579.034112
2579.242148
2579.344548
2579.556393
2579.871048
2579.949199
2580.062454
2580.110090
2580.267213
2580.485612
2580.582400
2580.773519
2580.906435
2580.997857
2581.147238
2581.253939
2581.400986
2581.605130
2581.668618
2581.804114
2582.069207
2582.097347
2582.658376
2582.802678
2582.814024
2583.187497
2583.380992
2583.668122
2583.700070
2583.778304
2583.813816
2584.595251
2585.368945
2586.558341
2587.350508
2587.783004
2588.083773
2588.114698
2588.165202
2588.607939
2588.708987
2589.038428
2589.112689
2589.148938
2589.323756
2589.496934
2589.641155
2589.812449
2589.877084
2590.136852
2590.161633
2590.175068
2591.414886
2591.594414
2591.799951
2592.397107
2592.506143
2592.953344
2593.063936
2593.199473
2593.393132
2593.444905
2594.069709
2594.760950
2595.002982
2595.122299
2595.651830
2595.731579
2595.812803
2596.079698
2596.282327
2596.934205
2597.412291
2597.771059
2597.880627
2598.007439
2598.260122
2598.662799
2598.763848
2599.009894
2599.055688
2599.124173
2599.221985
2599.470244
2600.349655
2600.452342
2600.741806
2600.858132
2601.468396
2601.482486
2602.542039
2602.713088
2603.105034
2603.544044
2603.664998
2603.863818
2604.591473
2605.279150
2605.976044
2606.167818
2606.217503
2606.377656
2607.038382
2607.372902
2607.900795
2609.891041
2609.896776
2610.550252
2610.652283
2611.359457
2612.652032
2612.691436
2613.861786
2614.085140
2614.254387
2614.727762
2614.875955
2615.609876
2616.201953
2616.247624
2616.838513
2617.925018
2618.734182
2619.303322
2619.968348
2620.096840
2620.327608
2620.561039
2620.590162
2620.738683
2620.794061
2621.067674
2621.096428
2621.527859
2621.990461
2622.000292
2622.233272
2622.524948
2622.683464
2622.807572
2623.154217
2623.472927
2624.257516
2624.800154
2625.210532
2626.609111
2626.795889
2627.193201
2627.507732
2627.731415
2628.051231
2629.221089
2629.492081
2629.531320
2629.601853
2632.943329
2633.424773
2635.317535
2635.559649
2635.720335
2636.532122
2636.576973
2636.799713
2637.351363
2637.381714
2637.524500
2637.864141
2637.921608
2638.019871
2639.407227
2639.480545
2639.520563
2639.686574
2639.829565
2639.864054
2641.060372
2641.891246
2642.058854
2642.340659
2642.423603
2642.470216
2642.581545
2642.762506
2642.837299
2644.616929
2645.114143
2645.367767
2645.750907
2646.252421
2646.779290
2647.152927
2647.269990
2647.288709
2649.151775
2649.507226
2649.573212
2650.072023
2650.154107
2650.859520
2652.114084
2654.289428
2654.515200
2655.670190
2656.736461
2658.060206
2659.344916
2659.400581
2661.127168
2661.656125
2663.451566
2663.648993
2663.898235
2665.589228
2666.466755
2667.278541
2669.124854
2670.876221
2671.247032
2671.530639
2672.762143
2673.338778
2673.451663
2673.739981
2674.339635
2675.390423
2675.514860
2675.823739
2675.941990
2676.378952
2676.837990
2677.697167
2678.827950
2679.198720
2679.804273
2679.865016
2680.189993
2681.667994
2682.037985
2682.618470
2683.117609
2685.336863
2686.579835
2686.741996
2687.133245
2687.733187
2688.640205
2688.853565
2690.018755
2690.195825
2690.211840
2691.365396
2691.421594
2693.130445
2693.611356
2693.655798
2694.232515
2695.893033
2696.823931
2697.947300
2699.036959
2699.872748
2700.359393
2701.449298
2701.541048
2703.492956
2704.457687
2704.608502
2704.817766
2704.976650
2705.367081
2705.434829
2705.605632
2706.675343
2707.190088
2707.700736
2707.889848
2709.020508
2709.170176
2709.925274
2709.986714
2710.016860
2710.394307
2711.225754
2711.317504
2711.323197
2711.390863
2712.278057
2712.471757
2712.515297
2712.721859
2712.760648
2712.807547
2713.041019
2713.438249
2713.450332
2713.454182
2713.507758
2713.824051
2713.996493
2714.131661
2714.437632
2714.484490
2716.404244
2716.777554
2717.173105
2717.591265
2717.840384
2717.917512
2717.941514
2717.954212
2718.004552
2718.049772
2718.252237
2718.675681
2718.841446
2718.989558
2719.085076
2719.269642
2719.636767
2719.827640
2720.316867
2720.517775
2720.575980
2720.665969
2720.973292
2721.600717
2722.769879
2722.780692
2722.847908
2722.922742
2722.999788
2723.011297
2723.226993
2723.867689
2723.910410
2723.930399
2723.972628
2724.068966
2724.089201
2724.264182
2724.592845
2724.614554
2724.709458
2724.811325
2724.890542
2724.968980
2724.994376
2725.176033
2725.306491
2725.430518
2726.107013
2726.275236
2726.325207
2726.461768
2726.650757
2726.915072
2726.993469
2727.595663
2727.654113
2728.452178
2728.610734
2728.695808
2728.696545
2729.095741
2729.114214
2729.322291
2729.484739
2729.535324
2729.553879
2729.724846
2730.132070
2730.311025
2730.371400
2730.615030
2730.640507
2730.899702
2731.157996
2731.270922
2731.613676
2731.766620
2731.784929
2731.826913
2731.920138
2732.281242
2732.704072
2733.149471
2733.177774
2733.476987
2734.234132
2734.479606
2734.559846
2734.765466
2734.962237
2735.808061
2735.847260
2735.866429
2736.123331
2736.189645
2736.297042
2736.684810
2738.315837
2738.590638
2738.685379
2739.265659
2739.320955
2739.924255
2740.086907
2740.366582
2741.183160
2741.581169
2742.481388
2742.971228
2744.516936
2744.565883
2745.079521
2746.669179
2747.375493
2748.306760
2749.069599
2749.623296
2749.985956
2750.148649
2750.953636
2751.276974
2751.347876
2751.496520
2751.599821
2752.543252
2752.576717
2753.440481
2753.647493
2754.155971
2754.267546
2754.877358
2756.069745
2756.984504
2757.039145
2758.031278
2758.049219
2758.082888
2758.087803
2758.221947
2758.304031
2758.856253
2759.238820
2759.685816
2759.704044
2759.814676
2759.995638
2762.359972
2762.898227
2763.261706
2763.289723
2764.979487
2765.367214
2765.432340
2765.486162
2766.033715
2766.065623
2766.255636
2766.430495
2766.459658
2766.704148
2766.792294
2767.456379
2768.861348
2768.972308
2769.771151
2769.815921
2769.987543
2770.114683
2770.870067
2770.999665
2771.483279
2771.574129
2771.645891
2771.768320
2771.833119
2771.898450
2772.279951
2772.285194
2772.558234
2774.321807
2774.646702
2774.858220
2775.247299
2775.279739
2775.325491
2775.358054
2775.384269
2775.390945
2775.875543
2776.160133
2776.857190
2777.015091
2777.491415
2778.620764
2779.420918
2780.008120
2780.078858
2780.151398
2780.506604
2780.705710
2780.933202
2781.283942
2781.539410
2781.787709
2783.034614
2783.690342
2784.229048
2784.478536
2784.631153
2784.841400
2785.061724
2785.623736
2786.183578
2786.492170
2786.801336
2787.719250
2788.088300
2788.269957
2788.867113
2790.804808
2790.956360
2791.147971
2791.208264
2791.767204
2791.983186
2792.007639
2792.036393
2793.631089
2793.779200
2795.030036
2798.016020
2798.111539
2798.239457
2798.375895
2799.149711
2799.257805
2799.827763
2799.990989
2800.079544
2801.492132
2801.653719
2801.817354
2802.184315
2803.628728
2804.109517
2804.567941
2804.813332
2806.981427
2807.129702
2807.207854
2808.711987
2809.406382
2809.978020
2810.179789
2811.295744
2811.456512
2811.494195
2812.324536
2812.725740
2812.972810
2813.037404
2814.803558
2815.174246
2815.319941
2816.161956
2817.692959
2817.873797
2818.267791
2818.817843
2820.098703
2820.163174
2820.279378
2820.928102
2822.165955
2822.205604
