88.678728
89.082839
89.091727
90.081362
90.592092
90.906870
91.088486
91.177452
91.446395
91.497144
91.512873
91.775508
92.331581
93.126369
93.364101
93.579100
94.037647
94.932951
95.685468
96.937779
96.954081
97.249403
97.334600
97.381745
97.512448
97.620541
97.715569
97.746616
97.811415
98.563850
98.603704
98.611200
98.718884
98.988483
99.037184
99.152814
99.231580
99.238420
99.264676
99.423109
99.933757
100.170793
100.244111
100.327956
100.451123
101.003346
101.188772
101.270241
101.433385
101.756027
101.984051
101.993349
102.409298
102.567690
102.575350
102.584156
102.968893
103.010591
103.085261
103.107871
103.529677
103.633633
103.716577
103.735583
103.817339
104.155095
104.158331
104.924324
105.305457
105.553715
105.811026
106.412237
106.499400
106.597786
107.072184
107.142185
107.249664
107.731558
108.082422
108.258836
108.406825
108.544451
108.777718
108.879340
108.969984
109.090038
109.435003
109.502423
110.395269
111.649300
112.252518
112.987423
113.052385
113.195622
113.303880
113.454039
113.513349
114.060083
114.425569
115.608535
115.769631
116.629217
117.043282
117.048934
117.430026
119.339622
119.776829
120.468726
120.577352
121.669181
122.259866
123.865293
124.054938
125.021348
125.871677
127.025111
127.318958
127.346237
127.388631
127.446098
127.465554
128.066806
128.073769
128.272507
129.314038
129.504993
130.351596
131.028009
131.238011
131.451453
131.457229
131.461448
131.820872
133.922652
134.911713
135.526318
137.537126
137.633014
137.899868
138.514637
138.635796
138.723615
139.880530
140.762153
140.780831
142.063821
144.032399
144.175227
144.253706
144.347341
144.613089
144.739164
144.855204
145.063199
145.491845
145.566024
145.945231
146.068070
146.154701
146.441871
146.449285
146.656911
146.680340
146.762342
146.770534
146.873999
147.019612
147.074417
147.322348
147.393372
147.444204
147.491840
147.512074
148.276060
149.115945
149.124751
149.229199
149.242470
149.561917
149.763359
150.179635
150.292029
150.327255
150.432236
150.516408
150.812631
150.873170
151.018824
151.023739
152.215552
152.514396
152.699003
152.951316
153.125724
153.147146
153.223864
153.239593
153.253601
153.256509
153.646817
153.770230
153.800745
153.835356
153.948324
153.951642
154.113106
154.215711
154.346127
154.632724
154.711736
154.991821
155.364762
155.624202
155.757117
155.851940
156.264079
156.440166
156.536381
156.689490
156.764938
157.511516
157.601669
157.658481
158.069883
158.176748
158.246994
158.646436
158.713897
158.791803
158.826783
159.015035
159.097078
159.510938
160.250757
160.353894
160.959324
160.982589
161.569219
161.680671
161.770783
161.870234
163.934290
164.113572
164.293263
164.436992
164.581048
164.672922
164.855357
164.891197
165.147894
165.219901
165.625610
165.735055
167.125402
167.642931
167.732920
168.444969
168.564081
168.765235
168.912773
169.038193
169.644933
169.973924
171.030487
171.088159
171.362632
171.419525
171.737866
171.985428
172.270961
172.308234
172.927631
173.026345
173.089792
173.092823
173.167575
173.215334
173.596180
173.897400
174.317527
174.538138
174.588723
174.650163
174.858199
175.592940
175.816417
175.885435
175.993610
176.337183
176.513065
176.629105
177.756570
178.222326
178.875924
178.911560
179.491021
179.784253
179.895132
180.267540
180.846920
180.932198
181.025628
181.032796
181.165466
181.871780
182.142075
182.968730
183.321149
183.406961
183.682826
184.252375
184.513208
184.751432
184.810373
184.904499
185.080300
185.087877
185.358909
185.433620
185.600410
185.820652
185.938780
185.948119
186.068992
186.145137
186.206208
186.341581
186.428703
186.951639
187.215012
187.332608
187.555676
187.559199
187.876721
188.319048
188.526592
188.787753
188.901417
188.997222
189.089219
189.303931
189.362586
189.661061
189.934019
190.031749
190.638449
190.768374
191.042068
191.167324
191.318262
191.380562
191.529615
191.837512
192.078930
192.312975
192.392806
192.508518
192.881459
193.005855
193.380106
193.734984
194.512691
194.613412
194.847662
194.916721
194.998354
195.093258
195.599483
195.754639
196.240712
196.336640
196.599480
196.778680
197.065196
197.070316
197.440102
197.675827
197.737964
197.797396
198.104187
198.625403
198.957834
200.145469
200.293663
200.399872
200.538972
201.091359
201.547571
201.833882
201.929933
202.509926
202.534011
202.571530
202.761011
202.918953
203.308933
203.314995
203.348296
203.379466
203.412316
203.455242
203.826217
204.483543
205.079388
205.136855
205.386793
206.080287
206.721270
206.855004
207.067750
207.112028
207.335383
207.668224
207.825019
208.092611
208.479478
208.522813
208.596623
208.758088
208.899400
209.232814
209.410335
209.468621
209.519821
209.825382
209.932493
210.188452
210.529853
210.633851
210.730885
210.836111
211.032924
211.098993
211.196969
211.296911
211.485655
211.791340
212.115005
212.186030
212.421304
212.467139
212.534395
213.019853
213.026079
213.124588
213.139907
213.154775
213.161779
213.328036
213.365883
213.560525
213.571789
214.411633
214.519521
214.620692
214.940754
215.133471
215.846502
216.026604
216.212357
216.350269
216.589435
216.855347
216.859361
217.352110
217.505014
217.587548
218.035446
218.183885
218.255852
218.499809
218.763141
218.994237
219.039580
219.176591
219.387699
219.491615
219.594875
219.718902
219.801641
219.973509
220.574515
220.713861
221.174047
221.296476
221.569188
221.691331
221.770793
221.876511
222.229258
222.579098
222.747566
222.915871
222.952366
223.008973
223.091630
223.263212
223.410340
223.606292
223.759073
223.804867
224.059597
224.207462
224.326451
224.453673
225.016955
225.140777
225.319281
225.824850
226.129633
226.168504
226.308424
226.665349
226.761073
226.816451
226.965053
227.027845
227.111526
227.583181
227.668337
227.840901
227.880919
228.514324
228.868301
229.216502
229.328527
229.339300
229.452227
229.483151
229.729157
229.812511
229.905490
230.124216
230.295470
230.398157
230.532792
230.631383
230.707323
230.888161
231.494083
231.543357
231.710966
232.260321
232.290673
232.350351
232.884142
233.238323
233.437307
234.184458
234.298286
234.442916
234.795786
235.217019
235.378442
235.789353
236.165038
236.366889
236.575212
236.698092
236.845343
237.063987
237.203579
237.243761
237.302497
237.433283
238.122803
238.863933
238.919885
239.402271
239.495700
239.561687
239.641846
239.708406
240.221921
240.308101
240.389857
241.241047
241.537720
243.710444
243.924378
244.009042
244.149494
244.254392
245.332009
245.354578
246.092800
246.567895
246.777610
246.781215
247.032709
247.359037
248.139244
248.488960
248.563343
249.271665
249.322086
249.352724
249.522340
249.632399
249.747333
249.939436
250.283049
250.417029
250.819748
251.343053
251.607613
252.254618
252.379750
252.452332
252.613796
252.617523
252.818964
252.912517
253.141975
253.197763
253.224960
253.505004
253.612524
253.715128
254.067261
254.504796
255.038177
255.281971
255.770337
256.209510
256.234824
256.311460
256.435814
256.588554
256.675062
256.807485
256.862904
256.999178
257.612349
257.694106
257.970749
258.074911
258.288394
258.415124
258.685952
258.951987
259.474432
260.097434
260.185948
260.196106
260.200079
260.337418
260.465336
260.736410
260.791460
261.216420
261.439201
262.039511
262.330163
263.560438
264.211169
264.237015
264.501043
264.663941
265.471713
265.699492
266.095493
266.131169
266.327982
266.458849
266.671882
266.851328
266.867261
266.942833
267.430707
267.522949
267.594056
267.718943
268.004844
268.082299
268.420669
268.532122
268.650332
268.674335
268.693504
268.813844
268.899820
268.979241
269.139190
269.261496
269.417390
270.167245
270.339564
270.496154
270.521917
270.743716
270.845870
270.909522
271.237693
271.316910
271.559967
271.774597
272.090522
272.181002
272.295281
272.434872
272.811336
272.901693
273.424876
273.524490
273.819976
273.974764
274.035958
274.140652
274.276065
274.496061
274.585068
274.651832
274.767217
275.216302
275.295560
275.326280
275.419382
275.426345
275.430564
275.760742
275.771761
275.836355
275.841597
275.856015
275.872481
276.088832
276.170711
276.267254
276.356137
276.433060
276.949402
276.956897
277.186519
277.524685
277.590753
277.826806
277.970616
278.081864
278.328361
278.680986
278.896189
278.909379
279.018127
279.029637
279.140762
279.271916
279.552000
279.650714
279.793705
280.001782
280.236564
280.283218
280.450499
280.527626
280.743404
280.752128
281.044460
281.728123
281.826263
281.947668
282.374349
282.568253
282.796687
282.924974
283.006812
283.172168
283.412480
283.507180
283.690435
283.863245
284.183224
284.482601
284.746629
284.828262
285.671137
285.955727
286.447329
286.657618
286.886093
287.075697
287.239987
287.967724
288.103670
288.365855
288.554025
288.619766
288.721101
288.764682
288.949617
289.047265
289.724129
289.773445
290.346762
290.484183
290.563031
290.732401
290.760827
291.032105
291.116360
291.175752
291.239117
291.365315
291.545334
291.621478
291.853107
292.092969
292.239483
292.587889
292.657111
292.756931
292.862812
292.953702
293.185249
293.254758
293.332091
293.640192
293.691105
293.779620
293.938708
294.088540
294.519685
294.756639
294.910525
295.197573
295.524270
295.592919
295.801610
296.293908
296.584069
296.616428
296.682291
296.871608
297.011077
297.122079
297.356902
297.762898
297.987113
298.063749
298.690314
298.923786
299.323023
299.340595
299.510415
299.794309
299.818967
300.035727
300.322365
300.399206
300.608881
300.865126
301.222420
301.505249
302.355497
302.721065
303.501885
303.690015
303.990415
304.598958
304.740639
304.981279
305.509949
305.541652
305.995039
306.187428
306.587689
306.954568
307.169690
307.532800
308.064666
308.104069
308.800389
308.830740
309.067571
309.142446
309.609595
309.682954
309.803909
310.063473
310.225469
310.430310
310.504448
310.625526
311.793009
311.908393
312.239596
312.324710
312.778097
313.160008
313.251226
313.650094
314.361119
315.080786
315.640177
315.921203
316.018237
316.320891
316.949586
317.257974
317.810237
318.350418
318.507213
318.774149
319.176540
319.333540
319.597486
320.029000
320.115999
320.203776
320.589128
320.742400
321.896243
322.307564
322.308301
322.643395
323.477709
324.025057
324.361339
324.442071
324.622787
324.762542
326.324183
326.656532
326.707364
327.397540
328.968684
329.080914
329.132073
329.318646
330.473185
330.763387
331.171758
331.443364
331.506811
331.716403
331.746877
331.887903
331.946107
332.047237
332.177326
332.235162
332.448072
332.546335
332.653322
332.800614
332.913172
333.112074
333.163971
333.499965
333.509878
333.965599
335.072461
335.214141
335.227863
335.308759
335.343493
335.583027
335.757435
336.082330
336.148603
336.589824
336.798228
336.812687
336.947569
337.320673
339.175260
339.980575
340.644700
341.385626
341.501583
342.326723
342.332293
343.011656
343.241441
343.300219
343.311237
343.315292
343.349166
343.385784
343.638835
344.047002
344.152678
344.207933
344.261591
344.310538
344.856822
345.198592
345.881313
345.921659
346.084680
346.262774
346.867302
347.503493
347.836293
348.195021
348.345754
349.148652
349.198991
349.282918
349.549568
349.555425
349.606380
349.626327
349.640008
349.845299
350.023926
350.062961
350.118953
350.330307
350.820598
350.844068
350.988411
351.415992
351.470592
351.681864
351.759974
351.828460
351.836283
352.449208
352.559473
352.654090
352.697139
352.773652
352.847585
352.896778
353.344594
353.498358
353.626890
353.722245
353.920901
353.986724
354.374615
354.529362
355.277865
355.432448
355.446415
355.643597
355.679437
355.781837
355.881001
355.896771
356.314972
356.979098
357.321318
357.511782
358.460539
358.681354
359.004078
359.729111
359.848796
360.235090
360.289403
360.375869
360.713994
360.889426
361.282396
361.586442
361.822044
362.397860
363.411292
363.915182
364.356321
364.610642
364.782674
364.986327
365.053379
365.522207
365.686620
365.759570
366.387528
366.503649
366.584668
366.733230
367.041372
367.226880
367.294710
367.318467
367.370854
367.555830
367.715779
367.876547
368.244408
368.364708
368.438559
368.529490
368.650977
368.744817
369.628733
369.933885
370.191155
370.345247
370.447155
370.623857
370.629222
371.095224
371.165389
371.646710
371.937567
372.288840
372.396237
372.557046
372.597432
372.665467
372.733379
372.972175
373.064499
373.129134
373.514486
373.871165
374.052086
374.274785
374.437724
374.533079
374.681313
375.493100
375.666156
375.698637
375.793091
375.883940
376.055890
376.212439
377.083699
377.424609
377.972531
378.117980
378.283540
378.501120
379.021394
379.348664
379.430584
379.801190
380.025324
380.143575
380.806717
381.513482
381.589750
381.682524
381.794550
381.857546
382.170112
382.353777
382.599086
383.327109
384.313631
384.577126
386.208481
386.703483
387.042591
387.181486
387.709379
388.427981
388.799078
389.324227
389.449851
389.515715
389.696102
389.814886
389.886362
390.129623
390.257910
390.337495
390.368215
390.694052
391.218668
391.236444
391.449805
391.468237
391.953162
392.114053
392.267612
392.642683
392.725217
393.103688
393.342607
393.683149
393.711985
393.904292
394.190438
394.601554
395.377582
395.658322
395.696333
397.138944
397.279150
397.903258
398.828093
399.857377
400.787292
402.046566
402.304778
402.325668
402.535424
403.417580
403.481969
403.492086
403.775078
403.984056
404.065894
404.193116
404.379812
404.616479
404.866171
405.210317
405.219492
405.307064
405.526200
405.585838
405.775196
405.798912
405.984092
406.083707
406.196224
406.412452
406.606602
406.633431
406.898074
407.051756
407.157268
407.268557
407.532790
407.723868
408.027054
408.295014
408.468316
408.607212
408.938824
409.053061
409.277768
410.047529
410.259661
410.946601
411.488461
411.514388
411.602944
411.764572
412.630671
413.271777
413.450813
413.453681
413.661102
413.724754
413.763748
414.079263
414.285537
414.447739
414.718689
415.497585
415.965553
416.158188
416.906240
417.096868
417.304658
417.407017
419.022234
419.102638
419.171451
419.898737
420.052419
420.629053
421.097185
421.347574
422.729769
423.068508
423.604838
424.545567
424.914248
425.810944
426.423337
428.679086
429.697638
429.957734
430.176215
430.994678
431.183380
431.224054
431.366390
431.562793
432.082821
432.385638
432.416850
432.624517
432.883343
432.988692
433.435443
433.510277
433.735516
433.846518
434.212618
434.280694
434.814198
434.877932
435.599155
435.810386
435.954975
436.542177
436.820460
436.904387
437.205811
438.154486
438.243000
438.935921
439.804805
439.833559
440.409006
440.795668
440.832410
441.401549
441.510912
441.541837
441.650135
441.804841
442.159677
442.300375
442.449224
442.552361
442.581606
442.736026
443.095654
443.916329
443.941642
444.140339
444.302950
444.512133
444.974121
445.247242
445.740319
445.831209
445.946388
446.252728
446.425252
446.703534
446.804787
446.917673
446.933647
447.232287
447.361311
447.704924
448.033055
448.210207
448.311501
448.591749
448.723272
449.083720
449.256940
449.467802
449.538703
449.572413
449.694843
449.778360
449.967800
450.287493
450.323825
450.553160
451.263775
451.496059
451.590062
451.611607
451.993354
452.506010
452.591821
452.849869
452.959396
453.301944
453.506744
453.850358
454.274212
454.611313
454.707814
455.141294
455.639613
456.113029
456.307139
456.874148
457.031188
457.145467
457.316557
457.525330
457.830605
458.194903
458.266092
458.531430
458.652959
458.782065
458.883482
459.431158
459.622973
459.687608
460.057108
460.165734
460.658319
460.703089
460.813844
460.951142
461.311590
461.474202
461.568041
461.692764
461.774602
461.848412
462.048420
462.096548
462.484152
462.605107
462.664745
462.687478
462.741873
462.754079
463.033917
463.079711
463.142011
463.230853
463.323341
463.374950
463.443599
463.549030
463.660032
463.764521
463.955231
464.053658
464.146555
464.536699
464.635576
464.820019
464.925286
464.957112
465.095393
465.229578
466.155315
466.249236
466.833695
466.994872
467.596616
467.735306
468.122255
468.271186
468.324557
468.399350
468.531077
468.572406
468.690166
469.187666
469.320212
469.429289
469.569454
469.691597
469.814682
469.972705
470.820536
470.925107
470.989210
471.100621
471.135928
471.497277
471.511859
471.968440
472.164884
472.269169
472.467620
472.564982
473.050112
473.122447
473.128632
473.682248
473.848545
473.905562
474.061251
474.508534
474.571571
474.752655
474.966958
475.729838
475.971912
476.047647
476.054733
476.464620
476.550840
477.070131
477.230039
477.335593
477.435986
477.564600
477.624812
478.225572
478.529864
478.694932
478.999511
479.264973
479.393096
479.678341
480.225772
480.363602
480.397312
480.487956
480.859013
481.336033
482.150072
482.316083
482.678497
484.007281
484.079780
484.673741
484.996178
485.011784
485.111276
485.132739
485.149655
485.167391
485.218877
485.236572
485.267251
485.453783
485.498675
485.750825
486.064906
486.175908
486.739190
486.914212
487.439278
487.593492
487.702323
487.873536
488.013414
488.290181
488.339456
488.985477
489.708175
489.822822
490.357883
490.745405
490.767688
490.833265
491.433656
491.447132
491.870003
492.010004
492.170813
492.481331
492.772393
492.956303
493.159588
493.219963
493.438403
493.521961
493.688709
493.912515
494.028677
494.143488
494.212096
494.424842
494.478377
494.712709
495.148196
496.072090
496.075121
496.084623
496.161423
496.710820
497.053409
497.065165
497.093263
497.230889
497.335828
497.517650
497.653023
497.848730
498.040136
498.122465
498.313708
498.644910
499.036774
499.171820
499.518546
499.994051
500.076012
500.281303
500.548035
500.578263
501.167514
501.523087
501.626184
502.036685
502.185288
502.353838
502.556099
503.112499
503.303414
503.595131
504.149975
504.294195
504.492974
504.687206
505.297797
505.450045
506.153083
506.687652
506.887086
507.906826
508.527780
509.081190
509.182444
509.263995
509.831086
510.200259
510.574879
510.691328
510.955397
511.056445
511.160238
511.712051
511.901164
511.979971
512.014418
512.411034
512.433480
512.979231
513.163715
513.342710
513.839555
513.853030
513.946911
513.968660
514.016584
514.100593
514.334597
514.439700
514.728346
514.890670
515.009331
515.201720
515.587236
515.771105
515.939738
516.570276
516.838932
516.843602
517.137818
517.475287
517.675090
517.738906
518.043156
518.964838
519.972209
520.029225
520.109793
520.479703
520.535982
520.568709
520.684216
521.564078
521.685524
522.072433
522.997473
523.255235
523.422474
523.469087
523.559567
523.702804
523.787592
523.949629
524.091269
524.297953
524.637061
524.871844
525.103964
525.507912
525.821420
525.969654
525.976289
526.110433
527.397192
529.128284
529.428070
529.921393
529.957519
530.010481
530.163671
530.184315
530.477629
530.553528
530.621932
530.691031
531.169731
531.511951
531.655352
531.868221
532.000850
532.066304
532.195779
532.300718
532.650394
533.203436
533.264794
533.394924
533.503099
533.987287
534.013665
534.662758
534.791086
534.912287
535.299768
535.520010
535.639450
536.020869
536.277729
536.289034
536.419287
536.676229
537.111388
537.481789
537.832120
537.856532
537.996206
538.064568
538.138255
538.227712
538.396385
538.530202
538.681754
539.021025
539.135631
539.322286
539.402691
539.500872
539.861320
539.884257
540.225126
540.317164
540.423741
540.587581
540.837519
541.128458
541.308355
541.440655
541.667328
541.802824
542.093722
542.314455
542.545019
542.931845
543.148237
543.257108
543.296061
543.483781
543.508316
543.603794
543.705416
543.937741
543.990415
544.035717
544.114483
544.165601
544.280207
544.316211
544.341115
544.462930
544.480788
544.711066
544.848200
544.865976
545.124803
545.244283
545.348239
546.115297
546.339717
546.428150
546.571428
546.664735
546.916762
546.923110
547.033866
547.104236
547.110216
547.139133
547.241779
547.444163
547.515679
547.554181
547.643802
547.662602
547.842376
548.437688
548.682138
548.861788
549.007442
549.465047
549.527224
549.754839
549.838438
549.887672
550.057288
550.124626
550.215557
550.381814
550.613156
550.856376
550.930883
551.174308
551.498342
551.908106
552.345354
552.437268
552.574730
552.823112
553.847112
553.950577
554.257162
554.351329
554.454794
554.535649
554.826383
554.913219
555.823063
556.459254
557.065503
557.122355
557.202760
557.305364
557.415342
557.557228
557.815153
558.176666
558.457242
558.691410
558.811587
559.026299
559.467151
559.512494
559.815639
559.867863
560.028344
560.310764
560.439214
560.484803
560.521912
560.724173
560.781230
560.876298
560.966328
561.336279
562.314772
562.421596
562.506097
562.760868
562.798633
562.813460
563.598623
564.250419
564.503593
564.891607
564.981187
565.308416
565.422735
566.085018
566.409953
566.787400
566.971965
567.088210
567.184671
567.508378
567.710310
567.908762
568.037212
568.233943
568.344822
568.386273
568.464753
568.546468
568.652759
568.739430
568.804065
569.006572
569.412936
569.428951
569.434399
569.670738
569.763594
569.816310
569.889792
570.290872
570.779320
570.978017
571.100160
571.526308
571.946271
572.856566
573.008691
573.088195
573.159424
573.365535
573.913989
574.024294
574.142054
574.222459
574.306468
574.364303
574.446715
574.584586
574.630912
574.970880
575.430451
575.543378
575.787581
575.879864
576.090194
576.182764
576.258580
576.697795
576.742113
576.998113
577.461084
577.661624
577.872814
577.948631
578.110751
578.513838
578.549719
578.748908
578.883011
578.918892
578.985001
579.068600
579.115090
579.167683
579.359949
579.684598
580.160553
580.623974
580.699464
580.850156
581.094605
581.118525
581.302600
581.381939
581.498348
581.645476
581.734523
581.842862
582.528369
582.655754
582.728499
582.841344
583.319798
583.385539
583.568015
583.649894
583.720141
583.893320
584.093778
584.464261
584.534303
584.873533
584.881889
585.174999
585.301688
585.519882
585.722716
585.746227
585.840845
585.902899
586.026885
586.310738
586.347479
586.560348
586.942423
587.717304
587.845427
588.090696
588.826747
589.478584
589.627924
589.743227
589.820068
590.304666
590.350172
590.441062
590.473216
590.604329
590.676951
590.796349
590.866022
590.997094
591.005901
591.234007
591.478866
591.671501
591.809659
591.970263
592.089825
592.109609
592.116244
592.257843
592.357704
592.666747
592.780780
593.055744
593.370276
593.440809
593.582449
593.711350
593.776189
593.825055
593.889731
594.090557
594.309652
594.512650
594.631803
594.799493
594.840822
594.901606
594.984632
595.178824
595.322388
596.229038
596.269629
596.494172
596.755743
596.782080
596.811981
596.931584
597.175706
597.231780
598.320865
598.881690
599.071416
599.085711
599.431373
599.606477
599.684751
600.104714
600.664883
600.822088
601.020211
601.099223
601.238979
601.329828
601.500467
602.140303
602.148454
602.254746
602.436936
602.477691
602.712760
602.777764
602.853130
603.152138
603.204280
603.341210
603.417436
603.533844
603.594547
603.680932
604.321997
604.434268
604.859474
604.976497
605.096059
605.877944
606.089175
606.258872
606.368317
606.621614
606.685348
606.834647
606.946427
607.133655
607.455191
607.613665
607.649219
607.811174
607.823667
608.209715
608.224420
608.327270
608.507331
608.712581
608.764518
608.938230
609.171825
609.244774
609.269146
609.289339
609.379164
609.649132
609.869660
609.900298
609.958707
609.977303
610.192916
610.280940
610.428928
610.697830
610.787983
610.958254
611.265864
611.326771
611.431875
612.072161
612.142612
612.325704
612.342825
612.596531
613.103124
613.479014
613.538243
613.661123
613.934981
614.218506
614.386688
614.406513
614.429204
614.436618
614.467420
614.837494
614.946202
615.122452
615.247340
615.307837
615.407084
615.434035
615.478231
615.509361
615.723131
615.865262
616.038892
616.127611
616.144937
616.223867
616.474993
616.503910
616.661688
616.918057
616.999567
617.294356
617.367347
617.405522
617.481912
617.560965
617.756385
617.833595
618.183721
618.502021
618.763264
619.181015
619.339817
619.351613
619.407442
619.470930
619.524669
619.763302
619.806106
619.842232
619.866317
619.956634
620.161966
620.295946
620.420547
620.585165
620.900352
620.909076
621.092536
621.217464
621.229711
621.282836
621.404979
621.502587
621.561242
621.596017
622.142587
622.254285
622.432461
622.505697
622.878310
623.269151
623.405138
623.485010
623.727575
623.983124
624.038953
624.040919
624.202097
624.766894
624.847544
625.002537
625.231954
625.329152
625.734369
625.844961
626.427494
626.463130
626.783478
626.938839
627.031409
627.121152
627.237069
627.388375
627.443917
627.488358
627.514941
627.841188
627.923681
628.063683
628.271596
628.343521
628.758323
628.905943
629.298176
629.461033
629.617418
629.763768
629.818450
629.926380
630.162022
630.504653
631.223091
631.579853
631.864238
632.063549
632.176271
632.269947
632.470856
633.293988
633.359319
633.382011
633.389179
633.594020
633.698877
633.870746
634.075628
634.186547
634.330604
634.407444
634.567188
634.942300
634.998047
635.034788
635.055800
635.381883
635.761910
635.819377
635.917312
636.220662
636.486410
636.550349
637.088604
637.326008
637.421896
637.469819
637.572833
637.655654
637.689528
637.805404
637.983826
638.095933
638.184284
638.352548
638.421975
638.486405
638.639473
638.808596
638.944133
639.082783
639.215985
639.361065
639.502213
639.798067
639.895839
639.967519
640.070861
640.443228
640.651264
640.661545
640.668713
640.917586
641.004175
641.089290
641.204142
641.456210
641.681203
641.793147
642.023834
642.479063
642.553037
642.627052
642.834473
643.009618
643.168584
643.530260
643.810591
643.906847
644.039475
644.118159
644.453376
644.685332
644.762829
645.242634
645.324964
645.460214
645.892628
646.520955
646.825124
646.977454
647.122862
647.238369
647.296532
647.478518
647.637320
647.865917
648.005140
648.071127
648.141210
648.276500
648.401019
648.424448
648.525537
648.593080
649.350676
649.478676
649.667174
649.708093
649.913426
650.098934
650.288046
650.546135
650.712392
650.939638
650.988380
651.288412
651.646730
652.028969
652.229509
652.692029
652.792586
652.940780
652.992881
653.180314
653.241016
653.306593
653.332234
653.448806
653.734912
654.071808
654.444749
654.533960
654.625628
654.638653
654.671340
655.106458
655.247729
655.665193
655.830753
655.983247
656.266813
656.419758
656.602112
656.815145
656.946995
657.086423
657.241620
657.565368
657.770988
658.028093
658.083348
658.144420
658.408448
658.453463
658.644296
658.839306
659.129385
659.270574
659.363799
659.657359
660.118405
660.131881
660.277494
660.470006
660.951900
661.303460
661.387018
662.142689
662.177137
662.272164
662.314926
662.788342
662.934077
663.398277
663.703675
663.841341
663.928586
664.099348
664.353464
664.477655
664.516854
664.693391
665.183805
665.742623
665.953894
666.108641
666.321961
667.218903
667.372585
667.500380
667.653816
667.727667
667.834696
668.057231
668.352512
668.547932
668.715950
669.207101
669.824410
670.020362
670.141112
670.275543
670.470308
670.754202
671.057265
671.139062
671.594127
671.775212
672.333414
672.417997
673.248051
673.457111
673.912955
674.127995
674.947604
675.058647
675.182100
675.724042
675.797811
676.285071
676.293837
676.672717
676.798587
676.930519
677.016576
677.315748
677.467873
677.635523
677.850644
677.953905
678.221783
678.518948
678.532424
678.649160
678.731121
678.737101
678.862356
678.906839
678.981304
679.024722
679.706132
679.775273
680.192737
680.436244
680.764047
681.166397
681.373123
681.532744
682.061742
682.064978
738.322596
738.439987
738.509210
738.583265
739.948995
740.113859
740.243497
740.597555
741.303091
741.441946
741.908152
743.060398
743.569981
743.986463
744.056709
744.121590
744.128553
744.158249
744.192246
745.819546
745.983672
746.485596
746.515415
746.860626
747.950367
748.045271
748.476826
748.963922
749.117522
749.260227
749.451960
749.904568
750.173716
750.404690
751.070167
752.005079
752.133407
753.014497
753.095967
753.250468
753.542881
753.668301
753.764147
753.852211
754.279383
754.541322
754.920653
755.893412
755.966403
756.069499
756.813087
757.231452
757.661737
759.073874
760.229110
760.901222
761.252700
761.312829
761.894871
762.062930
762.171556
762.787062
762.812416
763.590779
764.090900
764.348744
764.984771
765.021184
765.099049
765.354066
765.658358
766.099169
766.205706
767.112970
768.019620
768.118948
768.221266
768.339313
768.939500
769.115955
769.180959
770.397880
770.726052
770.877604
771.162194
771.805512
773.641421
773.882962
773.989745
774.537257
774.707732
774.975406
775.563510
775.729111
778.544292
780.504187
781.155369
782.082908
782.925865
786.554184
786.693530
786.821038
788.487905
788.615332
789.080351
789.892792
791.998300
792.156611
792.512102
792.750572
793.571287
795.793408
796.574065
797.017661
797.022495
797.763953
798.177034
798.361231
798.878843
799.033713
799.232819
799.273697
799.294833
799.510200
799.580119
799.782011
800.014131
800.085606
800.286228
800.645038
801.032765
801.931837
802.120991
803.311288
804.141793
805.514486
805.919171
806.169928
806.192660
806.202163
806.542049
806.590013
807.010755
807.056425
807.225303
807.335813
807.634821
807.780106
808.482693
808.955535
810.484081
812.485427
812.623544
813.559030
813.709476
814.153114
814.307574
814.938726
815.739945
816.009667
816.543580
816.998646
817.908122
818.624594
818.627052
818.901484
820.124959
820.379320
820.808745
821.581865
823.117947
823.582188
824.482734
827.009270
827.102167
827.785994
827.962655
829.033103
829.149880
829.250519
829.785620
830.052311
833.979310
835.961487
838.965699
839.395615
840.164024
840.509686
840.556052
840.567767
840.991007
841.130967
841.693020
842.670285
842.690683
848.883098
853.757583
856.848916
856.913101
857.544172
857.673933
857.958277
860.232704
860.659016
861.008364
861.258056
862.438605
863.115100
863.571763
863.576228
866.268733
869.830164
870.026650
870.136218
870.303498
870.447718
870.479544
870.638551
871.454310
871.509361
871.631380
871.752090
872.204165
872.305172
872.322703
872.568054
872.606761
873.633874
873.763144
873.816678
873.917317
874.306437
874.496123
875.809382
875.864187
875.876475
876.009513
876.935741
877.114737
877.818839
877.871555
878.575657
878.711071
878.779064
879.334359
879.507620
879.874908
879.957402
880.383345
880.897229
880.987095
881.253786
881.499218
882.095022
882.511913
884.395991
884.504084
884.620206
887.634985
888.902001
890.616095
891.385446
891.476009
892.383642
893.382246
894.235320
894.519828
894.613668
894.808105
895.020687
895.136481
896.696525
897.335828
898.476851
898.624225
899.544678
901.471027
903.233495
903.897129
904.170004
904.674058
904.930058
909.900390
911.457812
911.850168
911.922504
912.558162
912.590766
912.655442
912.681779
912.766403
912.938680
913.130578
913.319485
913.712906
915.051602
917.498184
919.327621
923.600855
924.934595
926.145577
926.755348
926.852751
928.066601
929.542799
930.853683
931.222364
931.352494
931.476767
931.651461
931.735921
931.933225
932.358963
934.276751
934.352241
934.425190
934.718669
934.826066
935.464632
936.338596
936.766054
937.742950
939.072471
939.090166
940.885320
940.926853
941.027820
941.220127
941.279601
941.384131
941.427466
941.665403
942.013276
942.103757
942.196900
942.507991
943.102484
944.331489
944.983040
945.814815
948.216259
949.004698
950.188073
951.730749
951.735132
952.074813
952.112906
952.134205
952.161485
952.237097
953.888604
954.350428
955.123384
956.377825
956.957573
957.952041
957.993902
958.002340
958.071562
958.828585
959.030968
959.156920
959.160197
959.372616
959.428239
959.919759
960.081551
960.109486
960.418120
960.650363
960.878223
960.982262
961.459732
962.335334
964.242514
965.751603
965.898527
966.013051
966.026445
966.289940
966.436250
966.826107
966.899589
967.065436
967.432192
967.751680
968.147599
968.157143
968.161321
970.289275
973.086761
973.634314
973.660160
974.383677
974.470799
974.534328
974.661263
974.669701
974.701199
974.763295
974.779310
974.805033
974.820557
974.837023
975.079424
975.521833
976.110920
976.371548
976.541737
977.148805
977.350124
977.894277
978.513101
978.608701
978.661089
980.455178
981.806326
981.924782
982.000230
982.614057
982.735626
984.069284
984.504279
985.202033
985.642476
985.895690
986.049577
986.214441
986.311229
986.517750
987.522580
987.922227
988.099543
989.432914
990.877778
992.425247
994.633114
994.996388
995.244237
995.431834
995.536118
995.838894
996.562289
1001.326060
1001.594266
1002.082304
1002.541507
1002.649969
1002.742292
1002.851533
1002.962616
1003.055964
1003.164180
1003.717386
1004.450775
1004.945900
1005.891215
1006.194606
1006.320927
1006.553375
1007.998116
1008.102113
1008.422871
1008.537887
1008.669245
1011.148431
1011.570852
1011.606487
1011.807355
1011.837092
1012.378747
1012.471357
1012.632330
1012.806328
1013.027226
1013.537546
1013.738045
1014.519767
1015.102710
1015.166198
1015.708590
1016.873042
1016.884675
1017.472041
1017.898926
1017.987604
1018.125640
1018.332815
1020.166472
1022.545224
1024.262021
1024.313631
1025.593180
1025.656545
1025.743790
1026.359214
1026.548163
1026.783232
1027.568189
1027.856753
1029.262172
1032.217068
1032.460001
1033.689047
1034.246799
1034.313728
1034.372669
1034.479043
1034.600079
1035.136614
1035.500380
1035.774853
1036.729549
1036.816261
1036.838093
1036.909650
1036.948111
1037.160120
1037.401580
1038.714593
1039.353856
1039.419597
1039.747195
1039.956500
1040.762225
1041.328005
1042.375434
1045.595382
1045.730386
1045.769830
1045.824184
1045.914788
1045.998346
1046.275564
1046.367150
1046.473318
1046.567936
1046.631752
1046.704333
1046.964675
1047.437722
1047.537910
1047.654523
1047.771873
1048.406548
1048.529224
1048.618107
1048.787149
1048.845107
1048.962417
1049.448120
1049.692897
1049.911337
1049.930793
1050.242294
1050.516521
1050.625720
1050.700227
1050.900931
1051.254825
1051.320320
1051.341046
1051.418173
1051.526676
1051.553792
1051.926036
1052.056535
1052.354478
1052.355871
1053.715948
1054.610063
1054.841283
1055.823340
1056.444703
1058.158838
1058.274959
1058.933350
1059.473695
1059.486884
1060.538081
1061.113201
1061.365473
1061.960008
1062.502236
1062.776422
1063.217521
1064.183194
1064.423178
1064.537211
1064.564244
1064.650547
1064.730747
1065.149481
1066.171310
1067.320484
1067.521966
1068.116910
1068.824699
1069.427589
1069.495009
1069.523681
1069.552026
1070.772797
1070.786929
1072.178258
1072.751002
1072.858931
1073.003192
1073.053491
1073.454981
1073.726218
1074.011505
1074.474639
1074.661458
1079.411835
1080.153620
1080.230339
1080.296202
1081.033933
1081.352315
1082.795827
1083.162829
1083.692605
1089.012449
1089.112269
1089.479270
1091.380920
1092.457308
1093.638390
1093.833851
1093.843067
1093.849866
1097.211044
1097.929933
1102.782956
1103.809864
1104.086958
1104.584294
1110.384722
1111.545815
1111.651656
1113.265889
1114.232177
1115.427389
1115.709112
1115.917312
1116.520817
1116.559196
1117.302866
1117.995786
1119.874662
1120.181330
1122.807521
1123.684434
1123.691602
1126.630851
1127.205478
1130.528809
1131.218985
1131.317453
1131.622810
1133.327073
1133.542195
1135.165358
1136.345539
1136.638771
1136.663880
1137.023508
1137.311048
1137.965548
1138.134671
1140.515471
1140.811817
1144.908022
1144.928092
1145.021891
1145.081364
1145.113600
1145.634775
1145.756795
1146.216530
1149.999391
1150.318756
1150.404403
1150.500741
1150.650122
1151.070331
1151.302164
1151.446467
1151.843901
1152.324608
1153.589330
1154.457600
1154.862899
1159.504200
1160.661524
1163.460280
1164.333138
1164.345713
1164.722749
1165.246423
1165.573366
1166.399283
1167.397478
1169.175470
1169.782743
1170.143601
1170.303017
1170.366874
1170.436751
1170.681078
1170.693775
1170.754191
1170.854502
1171.266191
1173.073224
1173.503713
1173.846589
1174.528655
1176.870257
1182.396908
1185.227735
1185.356472
1185.470013
1185.566884
1185.820180
1185.887355
1185.908613
1185.931018
1185.983160
1186.220646
1186.551112
1187.265823
1188.292936
1188.481556
1188.624179
1188.957716
1189.074903
1189.129257
1189.152932
1189.340938
1189.464105
1189.594726
1189.686354
1190.422774
1191.154975
1192.829624
1192.876483
1193.011978
1193.097339
1193.409987
1193.679053
1193.925345
1194.115236
1194.121421
1194.505953
1197.853286
1198.380687
1199.794913
1200.488038
1201.772175
1202.272215
1202.295316
1202.647163
1202.928230
1204.518380
1206.132982
1209.953362
1213.284311
1213.341573
1215.338127
1215.532401
1216.974397
1218.715894
1218.988032
1219.430359
1219.681034
1220.014572
1220.822098
1221.101240
1221.572731
1222.271713
1224.225137
1224.328888
1224.402780
1225.490063
1226.090660
1228.943401
1229.070541
1231.385969
1232.693617
1234.174198
1234.747761
1235.541934
1235.980329
1236.332667
1236.415529
1236.503798
1237.741199
1238.941778
1239.917199
1240.096358
1240.416993
1241.001370
1241.674711
1244.774195
1245.573407
1246.334403
1246.871183
1247.112765
1247.988572
1248.189440
1248.272015
1250.511913
1251.207987
1251.893576
1254.962872
1255.463199
1258.214277
1259.041915
1259.112284
1259.140301
1260.046909
1260.326461
1260.583936
1260.815770
1261.516923
1261.812040
1262.872207
1263.244206
1265.293517
1265.581588
1265.749484
1265.995448
1266.127626
1266.392801
1266.439782
1267.598950
1267.836191
1268.303995
1268.439122
1268.453704
1268.644372
1268.757217
1268.913684
1269.224079
1271.195320
1271.201628
1271.332004
1272.352399
1272.935670
1273.529098
1273.608561
1273.792102
1273.946235
1274.389135
1274.478387
1274.724721
1275.477893
1276.162744
1276.939796
1278.355825
1279.741174
1280.251208
1280.331776
1280.379167
1281.323008
1281.681940
1281.725317
1283.566756
1283.616031
1283.658875
1283.723551
1283.803013
1283.937239
1284.265329
1284.342702
1284.549714
1284.680540
1284.871455
1285.132370
1285.148508
1285.596488
1286.305874
1288.552940
1288.691220
1288.867021
1289.280348
1289.541181
1289.629532
1290.365747
1290.410107
1290.441277
1290.568827
1290.635715
1291.097375
1291.442872
1291.725537
1291.878728
1292.345549
1292.596306
1292.980716
1294.149263
1294.395884
1295.351849
1295.468134
1295.473951
1295.483412
1295.551816
1295.577866
1297.729044
1297.805066
1297.999340
1298.517770
1298.584822
1299.096330
1299.198648
1299.713434
1300.153426
1301.451203
1301.600707
1302.131057
1303.679345
1303.754138
1304.097137
1304.159027
1304.547164
1306.707722
1307.130552
1307.260150
1307.408548
1308.844360
1309.608755
1309.735485
1309.966377
1310.189609
1310.932009
1311.515484
1311.645123
1311.771443
1312.002744
1312.597033
1312.856023
1313.213399
1313.275453
1313.793597
1313.905951
1314.825011
1314.917212
1315.188204
1315.455099
1315.643269
1315.929252
1317.684183
1318.534103
1322.420388
1323.016151
1323.201004
1324.855296
1325.407027
1325.754860
1325.915873
1325.984195
1326.048707
1326.132920
1326.158848
1326.254817
1326.817444
1327.219548
1328.259482
1330.844508
1331.450880
1331.576054
1331.746488
1331.992003
1332.108124
1332.656210
1333.396193
1333.547622
1334.009938
1334.352855
1334.592594
1334.791168
1334.954598
1334.995599
1336.412733
1336.608522
1336.822211
1338.601349
1339.267891
1339.605770
1339.994194
1341.209068
1341.366968
1342.157906
1342.349394
1342.779023
1342.913946
1343.242240
1343.687516
1343.705989
1343.850578
1344.215081
1344.277012
1344.462275
1344.757350
1344.871260
1344.877814
1345.707213
1346.516623
1347.143066
1348.878131
1348.989133
1349.939159
1350.963651
1350.995599
1351.166566
1351.353631
1351.466107
1351.816110
1351.927685
1352.069571
1352.284856
1352.401510
1352.492564
1352.581775
1352.716329
1352.848876
1352.899912
1353.050153
1353.324872
1353.699369
1356.217467
1358.537523
1358.613299
1358.713815
1358.729708
1358.741299
1358.880236
1359.200256
1359.232451
1359.325266
1359.387935
1359.438971
1359.698043
1359.782666
1360.115261
1360.180797
1360.190013
1360.193249
1360.198492
1360.472965
1360.562668
1360.786022
1360.888832
1360.916644
1361.072251
1361.228923
1361.889731
1361.917174
1361.996022
1362.145034
1362.228593
1362.776105
1362.803630
1362.819564
1362.910904
1362.920489
1363.469271
1364.168704
1364.910612
1364.915732
1365.158748
1365.449892
1365.482373
1365.536399
1365.654856
1365.800755
1366.122291
1366.266429
1366.380175
1366.430761
1366.685123
1366.881198
1366.966231
1367.216620
1367.330406
1367.337861
1367.683031
1367.907901
1368.983511
1368.997437
1369.417564
1369.494569
1369.526682
1369.661112
1369.872343
1369.941279
1370.014761
1370.216243
1371.144069
1371.262444
1371.293123
1371.480842
1371.799757
1372.565381
1373.052764
1373.996360
1374.209147
1374.294221
1374.349066
1375.839683
1376.443392
1377.044152
1377.302610
1377.781023
1378.166825
1378.178744
1378.273116
1378.293473
1378.331484
1378.740060
1379.545580
1379.928310
1380.475535
1380.479386
1380.556145
1380.665999
1381.220475
1381.690327
1382.112993
1382.174147
1382.331679
1382.414500
1382.496748
1383.035863
1383.148626
1383.255450
1384.399258
1386.202399
1386.730906
1386.846208
1387.089920
1387.172209
1387.813847
1390.344970
1391.379292
1391.750267
1392.960389
1394.265620
1395.065201
1395.104891
1395.187794
1395.772908
1396.106691
1396.310999
1396.679803
1398.127903
1398.891233
1399.279493
1399.595008
1399.933297
1400.576860
1400.695808
1400.775188
1400.865382
1401.982116
1402.218619
1402.277683
1402.617528
1403.348050
1403.718861
1403.849605
1404.291400
1404.460442
1404.742205
1404.859187
1405.161431
1405.748224
1406.780375
1406.944338
1407.226470
1407.831327
1407.898583
1408.317768
1408.615342
1409.814815
1410.776883
1411.586744
1412.670218
1412.692746
1413.746729
1414.068675
1414.138511
1414.558310
1415.143383
1415.868334
1416.156774
1416.521974
1416.537948
1416.682250
1416.695562
1416.889344
1417.175163
1417.223086
1417.498952
1417.519718
1418.581402
1418.670899
1418.804756
1418.811843
1419.454095
1419.615846
1420.579144
1420.583363
1420.804096
1421.817078
1421.882450
1422.189814
1422.548951
1422.933320
1423.839027
1424.243507
1425.167524
1425.372733
1425.761198
1425.805353
1425.910620
1426.405417
1426.536694
1428.447887
1429.504246
1430.317588
1433.630597
1434.724147
1434.948854
1435.408548
1436.332769
1437.052150
1437.733929
1438.213489
1438.302290
1438.605312
1438.617068
1438.701527
1438.892196
1439.259238
1439.606333
1440.705085
1441.093550
1441.200415
1441.238876
1441.840824
1442.263327
1442.362778
1442.446541
1443.366339
1443.743375
1444.367155
1444.486431
1444.983316
1445.610455
1445.980938
1446.095585
1446.166528
1446.225633
1446.316851
1446.416302
1446.477169
1446.616965
1446.630769
1446.641172
1446.747791
1446.968689
1447.237796
1447.254876
1447.387668
1447.519683
1447.582843
1447.605289
1447.784489
1447.910195
1447.963238
1448.405647
1448.551916
1448.640430
1448.745697
1448.750981
1449.786245
1449.952010
1449.964462
1451.035116
1451.570749
1451.708948
1451.750605
1451.760026
1451.764777
1452.166554
1452.196946
1452.397281
1452.582994
1452.612035
1452.860170
1453.288489
1453.317120
1453.804134
1453.896090
1453.954621
1454.426644
1454.655160
1454.771036
1455.224259
1455.246991
1456.067502
1456.068198
1457.203978
1457.457725
1457.477263
1457.713766
1458.145034
1458.629509
1458.801336
1459.012854
1459.127009
1459.283067
1459.802685
1459.876004
1460.258898
1460.734853
1461.501051
1461.930844
1462.104146
1462.542336
1462.661448
1462.801039
1462.865428
1463.290675
1463.502848
1463.655793
1463.836467
1463.933952
1464.000963
1464.117453
1464.433828
1464.604795
1464.847073
1464.930714
1465.650872
1465.806070
1466.002473
1466.391675
1467.310858
1467.444470
1467.667866
1467.811799
1468.073615
1468.143944
1468.525486
1468.714148
1468.951593
1469.092741
1470.075658
1470.124769
1470.641971
1471.304458
1471.460598
1471.668879
1471.676375
1471.697715
1471.846031
1471.997174
1472.117146
1472.405176
1472.503194
1472.614687
1472.717865
1472.854999
1473.104364
1473.192468
1473.259561
1473.814897
1473.958543
1474.040709
1474.152202
1474.514657
1474.568192
1474.835292
1475.280486
1475.756524
1475.900375
1476.651581
1476.995154
1477.123564
1477.385011
1477.972337
1478.051144
1478.158746
1478.398198
1478.655549
1478.719037
1479.111352
1480.067113
1480.482038
1480.597217
1480.735498
1481.794109
1481.879880
1482.090209
1482.387210
1482.941358
1483.157709
1483.220337
1483.852390
1483.916124
1484.099420
1484.420178
1486.491279
1486.578852
1487.065866
1487.146189
1487.446835
1488.080732
1488.386621
1488.415130
1488.424796
1488.765133
1489.080648
1489.895956
1489.947034
1491.741204
1491.961938
1492.412293
1493.113201
1493.181645
1493.537505
1493.900411
1493.972419
1495.603159
1496.001536
1496.611185
1497.303532
1497.505219
1498.047980
1498.051297
1498.188677
1498.489979
1498.721362
1499.292590
1499.712389
1499.792630
1499.900518
1500.627026
1500.848783
1500.913418
1501.077545
1501.106995
1501.125345
1501.249741
1502.159380
1502.865039
1502.969119
1504.249651
1504.696361
1505.349468
1505.577533
1506.415862
1506.588099
1507.061064
1507.337912
1508.138271
1508.727480
1509.216256
1509.257544
1509.558395
1510.751724
1511.227556
1511.780844
1511.982735
1512.677949
1512.781169
1513.212559
1514.127688
1515.032904
1515.074806
1515.368817
1516.247368
1516.882657
1517.167452
1518.132552
1518.543299
1519.214756
1519.508685
1520.139633
1520.234455
1521.238426
1521.338491
1521.872445
1522.170143
1523.821691
1524.307190
1526.710600
1527.333929
1527.510712
1527.939523
1527.969300
1528.129782
1528.842609
1529.993339
1530.065592
1530.769203
1530.784932
1530.895606
1530.962289
1531.344609
1568.689111
1568.787415
1568.954450
1570.376745
1570.447483
1572.011704
1572.976681
1573.823365
1574.566625
1574.837576
1575.314760
1575.564165
1576.181105
1576.553800
1577.319956
1577.349366
1577.365750
1577.396429
1578.004521
1578.686792
1578.758717
1578.940129
1579.000545
1579.005788
1579.022828
1579.055309
1579.142513
1579.268792
1579.286036
1579.325235
1579.490509
1579.522703
1579.593646
1579.625349
1580.273828
1581.086106
1581.164708
1581.333586
1581.551657
1581.750764
1581.972972
1582.165647
1582.263624
1582.369464
1583.321293
1583.850455
1584.031867
1584.132424
1584.465797
1584.598589
1584.744530
1584.850616
1584.922501
1584.997581
1585.006305
1585.348895
1585.434993
1586.576056
1586.674770
1586.754478
1586.952438
1587.227935
1587.468698
1587.532227
1587.675873
1587.694592
1587.747799
1587.754189
1587.843727
1587.968901
1588.682506
1588.734853
1588.813619
1589.336515
1589.400084
1589.953577
1590.055199
1590.157681
1590.323036
1590.582067
1590.765404
1590.784942
1590.859530
1590.950994
1591.011533
1591.027343
1591.213384
1591.557489
1591.872102
1592.054497
1592.186962
1592.460861
1592.568586
1592.693105
1592.910643
1593.004769
1593.033810
1593.421005
1593.548104
1593.899868
1594.262897
1594.503209
1594.803487
1595.123835
1595.385897
1595.648655
1596.071936
1596.193915
1596.260639
1596.476375
1596.718981
1597.306880
1597.513564
1597.855212
1597.879828
1597.882327
1598.025073
1598.205379
1598.508810
1598.739456
1598.877532
1599.277343
1599.387730
1599.550792
1599.641641
1599.987794
1600.323052
1600.412918
1600.540713
1600.768901
1600.886456
1601.061847
1601.094533
1601.097769
1601.171579
1601.329889
1601.551155
1601.824317
1601.905377
1601.931305
1602.080317
1602.127135
1602.129797
1602.240840
1602.559877
1602.572165
1602.574459
1602.680218
1602.839470
1603.027067
1603.187671
1603.250053
1603.301908
1603.494011
1603.585597
1603.626107
1603.775857
1603.970744
1604.073636
1604.379771
1604.416225
1604.848558
1605.098701
1605.146952
1605.342740
1605.456118
1605.795021
1605.870838
1606.028739
1606.067937
1606.231695
1606.312591
1606.389105
1606.607012
1606.694830
1606.722683
1606.790103
1607.191183
1607.402291
1607.499162
1607.649198
1608.229560
1608.390246
1608.677540
1608.748442
1608.820613
1609.290793
1609.343590
1609.767404
1610.136003
1610.146611
1610.348339
1610.449224
1610.528727
1610.579149
1610.984653
1611.188593
1611.358003
1611.541627
1611.640545
1611.814789
1612.427633
1612.880650
1612.886057
1613.542810
1613.595075
1613.849354
1614.012375
1614.376796
1614.519706
1614.580531
1614.999921
1615.057469
1615.086674
1615.155732
1615.527404
1615.589949
1615.767101
1616.308388
1616.343941
1616.503931
1617.116119
1617.181532
1617.262019
1617.461371
1617.783112
1618.236293
1618.393784
1618.503844
1618.521866
1618.767667
1618.847293
1618.892677
1618.974228
1619.103785
1619.189883
1619.522765
1619.616850
1619.733217
1619.867156
1619.896402
1620.288922
1620.415447
1620.475699
1620.847084
1621.290476
1621.298176
1621.493228
1621.532795
1621.568471
1621.606318
1621.679964
1622.143345
1622.238863
1622.369321
1622.539346
1622.707487
1622.823076
1623.117332
1623.927603
1624.267448
1624.468234
1624.610611
1624.869724
1624.934851
1625.021317
1625.208300
1625.435095
1625.543598
1625.608684
1625.946685
1626.069524
1627.241021
1627.358781
1627.781284
1628.022743
1628.093317
1628.207145
1628.458189
1628.575252
1628.705792
1629.114737
1630.416445
1630.571520
1631.040553
1631.048335
1631.191818
1631.222620
1631.724831
1631.865119
1631.932006
1632.074793
1632.135414
1632.343163
1632.456499
1632.862986
1632.902472
1632.957522
1633.217946
1633.315144
1633.465836
1633.554637
1633.616404
1633.822310
1633.981153
1634.150605
1634.392596
1634.826158
1635.021742
1635.156623
1635.222610
1635.468124
1635.767992
1635.962716
1636.234609
1636.453130
1637.395784
1637.829100
1638.050570
1638.179881
1638.227927
1638.316032
1638.521324
1638.599393
1638.705193
1638.789571
1638.813123
1638.981755
1639.429038
1639.856906
1640.436163
1641.184748
1641.433088
1641.453363
1641.871032
1642.079314
1642.332078
1642.605036
1642.735002
1642.746552
1643.814380
1643.898020
1643.906417
1643.942666
1644.006154
1644.011069
1644.016148
1644.054651
1644.068413
1644.083200
1644.108964
1644.434555
1644.702597
1644.824822
1644.902072
1645.056246
1645.394657
1645.440246
1645.500088
1645.535314
1645.626778
1645.778575
1645.797908
1645.877740
1646.068490
1646.137221
1646.200340
1646.283817
1646.322278
1646.438605
1646.535393
1646.611251
1646.613504
1646.728929
1647.022612
1647.185633
1647.308145
1647.497912
1647.580447
1647.603343
1647.909151
1647.993528
1648.030351
1648.067133
1648.143278
1648.217498
1648.385434
1648.439214
1648.487547
1648.651469
1648.685998
1648.800850
1648.894484
1649.288233
1649.375478
1649.427661
1649.753006
1649.837179
1649.935032
1649.967391
1650.267423
1650.394481
1650.465300
1650.509496
1650.541240
1650.565325
1650.627256
1650.659901
1650.823250
1650.847171
1651.014451
1651.145933
1651.264717
1651.464233
1651.549307
1651.621233
1651.721134
1651.913769
1652.205363
1652.247552
1652.308378
1652.544266
1652.839997
1653.065196
1653.211300
1653.337825
1653.508424
1653.562696
1653.803008
1653.933957
1654.111805
1654.198354
1654.472376
1654.565233
1654.694789
1654.835651
1654.978642
1655.143547
1655.297311
1655.684014
1655.744840
1655.847731
1655.930143
1656.088207
1656.126300
1656.212398
1656.288911
1656.707564
1656.771830
1656.863744
1657.012183
1657.031270
1657.176760
1657.440748
1657.870131
1657.914573
1658.257572
1658.458931
1658.680197
1658.711409
1658.729103
1659.174175
1659.215462
1659.355095
1659.402691
1659.509268
1659.909038
1660.090245
1660.158894
1660.206039
1660.270838
1660.355420
1660.430459
1660.706488
1660.851732
1660.974367
1661.236756
1661.428900
1661.661553
1661.863035
1662.035681
1662.326088
1662.596219
1662.835139
1662.852137
1662.944338
1663.201976
1663.287091
1663.783322
1663.852872
1664.024248
1664.060457
1664.188989
1664.361431
1664.694927
1664.763208
1664.840376
1664.886456
1665.057219
1665.143357
1665.541693
1665.630945
1665.757798
1665.855693
1665.956782
1666.415575
1666.505728
1666.561024
1667.212575
1667.321938
1667.765248
1668.381491
1668.385751
1668.714578
1669.067366
1669.183283
1669.438013
1669.582889
1669.774909
1669.882348
1670.008750
1670.014689
1670.072443
1670.082109
1670.094807
1670.232351
1670.314926
1670.800138
1670.935839
1671.272284
1671.398687
1671.526031
1671.739515
1672.056381
1672.186675
1672.315167
1672.510792
1672.736809
1672.856617
1673.998623
1674.041631
1674.303078
1674.430669
1675.239506
1675.414118
1675.520655
1675.971625
1676.079391
1676.317655
1676.744458
1677.397402
1677.710049
1677.786071
1677.903258
1677.954785
1677.984973
1678.040351
1678.183956
1678.232412
1678.578770
1678.762189
1678.943068
1679.261901
1679.461130
1679.736381
1679.893750
1680.186900
1680.321372
1680.412672
1680.497582
1680.545956
1680.824812
1680.994550
1681.124884
1681.230848
1681.295770
1681.305723
1681.484677
1681.856676
1682.412134
1682.893537
1683.020595
1683.201556
1683.443139
1684.206019
1684.250255
1684.491674
1684.584940
1684.680704
1684.727972
1684.907991
1685.078467
1685.365719
1685.667103
1685.708554
1685.780726
1686.011249
1686.245622
1686.636749
1686.989701
1687.223624
1687.328154
1687.564288
1688.195113
1688.322458
1688.384266
1688.448246
1688.641249
1688.934031
1689.026028
1689.094595
1689.282847
1689.427845
1689.725460
1689.774817
1690.175734
1690.407731
1690.585211
1690.660004
1691.048305
1691.207025
1691.484529
1691.489034
1691.716977
1691.832074
1692.070257
1692.211200
1692.268298
1692.405760
1692.598395
1692.658360
1692.757770
1693.019873
1693.814170
1694.006026
1694.102651
1694.963958
1695.051612
1695.478825
1695.523676
1695.638241
1696.117146
1696.376914
1696.425697
1696.578560
1696.746537
1696.835133
1696.911974
1697.130578
1697.169203
1697.338532
1697.800561
1698.007982
1698.071306
1698.433843
1698.440765
1698.590966
1698.884813
1699.332547
1699.579576
1699.975127
1700.496097
1700.883866
1701.525176
1701.716255
1702.171976
1702.474015
1703.526072
1703.652270
1704.039997
1704.236810
1704.300790
1705.241928
1705.307423
1705.580298
1705.962455
1706.435584
1706.872259
1707.025695
1707.236475
1707.354276
1707.766047
1708.427715
1708.862382
1710.023844
1710.100603
1710.128538
1710.512292
1710.843290
1711.089418
1711.457935
1711.663964
1711.761613
1711.823380
1711.829238
1712.042639
1712.936960
1712.945480
1713.015767
1713.026540
1713.514332
1713.565696
1713.752883
1713.882849
1713.957888
1714.027807
1714.320794
1714.578760
1714.697708
1714.708234
1714.712617
1715.118817
1715.518587
1715.771843
1715.781181
1716.105462
1716.168663
1716.887839
1717.000192
1717.207859
1717.434737
1717.506826
1717.647565
1717.828608
1718.182175
1718.541967
1718.680453
1718.987162
1719.176765
1719.585710
1719.962337
1720.099308
1720.199741
1720.443085
1720.502641
1720.655831
1720.874639
1720.933868
1720.951439
1721.019474
1721.104835
1721.233940
1721.502802
1721.736274
1722.060964
1722.174956
1722.369311
1722.395525
1722.735165
1722.793984
1723.139564
1723.372380
1723.535524
1723.623178
1724.247818
1724.647014
1724.900721
1725.022618
1725.454295
1725.613670
1725.698335
1725.945897
1726.021960
1726.286561
1726.496440
1726.672486
1727.429509
1727.509709
1727.579750
1727.701647
1728.126116
1728.202424
1728.793805
1728.878879
1728.944210
1729.016340
1729.190052
1729.427579
1729.451377
1729.506099
1730.063319
1730.388869
1730.737807
1731.109847
1731.509944
1731.521987
1731.533128
1731.673702
1731.707290
1731.897344
1731.941868
1732.332175
1732.632003
1732.735017
1732.780401
1732.903363
1733.050245
1733.237391
1733.768274
1733.917860
1734.004408
1734.086820
1734.308741
1734.343967
1734.463078
1734.548070
1734.617006
1734.862520
1735.314964
1735.567442
1736.016404
1736.071782
1736.253194
1736.477614
1736.800010
1736.919286
1737.113190
1737.200681
1737.578373
1737.986949
1737.997476
1738.140140
1738.238116
1738.487398
1739.073208
1739.226440
1739.278541
1739.380081
1739.545068
1739.925873
1740.166554
1740.357755
1740.999885
1741.137879
1741.241344
1741.647012
1742.043013
1742.215414
1742.225777
1742.291599
1742.486733
1742.690468
1742.786806
1742.912266
1743.160893
1743.269806
1743.500042
1743.657738
1743.857500
1744.048701
1744.646922
1744.709550
1744.792658
1744.903578
1744.957727
1745.141965
1745.437614
1745.591296
1745.630863
1745.663222
1745.711636
1745.764598
1745.847869
1746.037719
1746.162401
1746.577244
1746.776596
1746.972631
1747.088425
1747.115172
1747.221668
1747.325747
1747.588997
1747.881820
1748.027105
1748.215316
1748.287488
1748.393861
1748.498432
1748.865638
1749.101732
1749.844378
1750.238044
1750.516531
1751.115325
1751.252132
1751.851950
1752.148296
1753.176228
1753.347850
1753.527583
1753.779651
1753.901629
1754.035077
1754.492355
1754.918461
1755.646484
1755.977974
1756.045967
1756.306432
1756.518072
1756.569764
1756.620759
1756.710052
1756.755395
1756.765716
1757.341409
1757.383393
1757.634068
1757.783245
1757.923860
1757.961871
1758.215455
1758.266081
1758.407148
1758.671954
1758.846444
1759.110062
1759.430984
1759.505203
1759.654461
1759.747932
1759.804334
1759.960637
1760.028631
1760.420864
1760.774021
1761.011016
1761.195377
1761.433313
1761.517568
1761.616036
1761.661092
1761.841644
1761.901076
1761.982423
1762.135859
1762.388951
1762.454323
1763.067781
1763.252838
1763.987251
1764.047012
1764.112384
1764.329513
1764.361175
1764.489339
1764.656824
1764.792566
1765.710111
1765.845729
1766.180209
1766.263030
1766.325084
1766.776013
1767.401882
1767.530414
1767.575839
1768.029061
1768.314716
1768.401756
1769.432842
1769.792512
1769.993994
1770.459341
1770.553262
1771.012792
1771.574231
1772.382945
1772.500296
1772.562760
1772.787999
1772.861440
1772.974572
1773.115228
1773.269606
1773.338296
1773.596836
1773.761987
1774.138245
1774.593024
1775.203246
1775.348449
1775.677727
1776.032236
1776.104079
1776.277586
1776.487137
1777.295688
1777.365320
1777.910825
1778.254766
1778.300068
1778.604442
1778.766316
1779.047834
1779.111854
1779.279094
1779.796828
1779.977462
1780.117463
1780.264264
1780.495442
1780.716749
1780.782326
1780.841308
1780.954604
1781.061427
1781.169070
1781.571953
1781.703721
1781.761597
1781.769052
1781.915197
1781.938012
1782.266716
1782.494577
1782.559130
1783.048970
1783.242711
1783.544422
1783.619052
1784.453939
1784.573952
1785.562604
1785.966961
1786.111631
1786.186220
1786.279444
1786.558833
1786.642555
1786.809549
1786.942751
1786.955039
1787.311432
1787.357020
1787.508204
1787.752448
1787.794883
1787.876516
1788.414566
1788.507546
1788.916982
1789.046374
1789.238190
1789.346365
1789.374628
1790.242734
1790.706156
1790.782915
1790.909972
1791.117353
1791.279473
1791.331205
1791.528141
1792.694395
1792.810271
1792.822477
1793.471365
1793.553777
1793.601823
1793.769267
1794.447237
1794.487542
1794.680996
1794.924954
1794.952643
1795.012854
1795.192340
1795.220357
1795.436298
1795.684925
1796.164444
1796.469965
1796.623729
1797.029519
1797.399347
1797.491630
1797.555200
1798.392340
1798.445998
1799.315702
1799.468769
1799.541064
1799.656735
1799.900324
1799.970202
1800.159068
1800.250860
1800.310456
1800.499364
1800.978719
1801.504481
1801.552404
1801.702932
1802.112573
1802.483712
1803.251712
1803.356979
1803.417969
1803.534950
1803.644027
1803.705754
1803.807048
1803.930911
1804.191048
1804.288410
1804.627927
1804.638986
1804.690924
1805.025321
1805.313761
1805.463224
1805.578977
1805.701693
1805.722583
1805.756293
1805.850255
1805.917143
1805.930332
1805.974651
1806.493573
1806.532157
1806.600684
1806.753055
1806.918574
1806.937539
1807.085855
1807.199519
1807.756943
1807.885353
1807.999345
1808.075284
1808.471163
1808.569754
1808.847954
1809.125417
1809.497375
1809.707745
1809.781432
1810.179973
1810.887803
1811.018383
1811.463700
1811.663954
1811.704709
1811.828285
1812.112548
1812.170220
1812.404019
1812.667146
1812.674109
1813.518500
1813.613527
1814.018744
1814.140314
1814.393733
1814.412739
1814.428221
1814.458941
1814.487245
1814.506783
1814.542623
1814.571254
1814.594273
1814.607012
1814.783918
1815.077724
1815.245210
1815.285801
1815.345930
1815.397868
1815.529677
1815.617004
1815.777198
1815.923302
1815.989699
1816.330240
1816.386847
1816.601231
1816.655995
1816.935997
1817.614418
1817.662628
1818.403308
1818.459832
1818.699244
1818.899907
1818.928497
1819.156398
1819.246510
1819.411784
1819.760599
1820.243640
1820.408422
1820.423168
1820.636897
1820.989235
1821.093806
1821.437174
1821.534577
1821.659095
1821.731430
1821.736755
1821.748183
1822.416445
1822.462976
1822.558904
1822.648279
1822.715822
1822.767964
1823.130337
1823.236055
1823.237939
1823.246664
1823.490294
1823.638036
1823.801303
1823.875932
1824.048538
1824.118170
1824.161055
1824.219832
1824.493036
1824.495452
1824.703898
1824.762716
1825.154417
1825.727037
1825.733714
1826.063401
1826.199675
1826.825298
1827.079455
1827.095265
1827.222487
1827.406193
1827.543695
1827.684884
1827.777413
1828.088259
1828.342006
1828.799324
1829.175009
1829.759959
1829.836145
1829.881774
1829.960786
1830.275523
1830.883164
1830.951363
1831.111598
1831.415276
1831.499203
1831.615447
1831.925678
1832.307958
1832.372019
1832.703795
1833.129411
1833.363784
1833.480479
1833.561088
1833.687736
1834.006897
1834.135552
1834.462945
1834.598113
1834.825523
1835.022828
1835.275059
1835.358659
1835.458028
1835.627602
1836.479447
1837.111747
1837.447332
1837.806060
1837.866557
1838.147953
1838.317158
1838.932746
1839.067054
1839.155528
1839.214060
1839.465800
1839.549727
1839.772631
1839.928074
1839.968174
1840.015647
1840.175309
1840.489759
1840.525435
1841.301258
1841.590886
1841.731297
1841.811661
1842.059305
1842.730680
1843.168420
1843.758121
1844.291461
1844.346225
1844.362363
1844.398162
1844.423188
1844.456243
1844.499005
1844.552212
1844.930519
1844.976845
1845.729772
1846.214042
1847.458529
1847.501537
1847.662920
1848.029102
1848.055235
1848.085709
1848.219812
1848.806605
1848.961229
1849.030902
1849.162711
1849.476506
1849.796280
1850.071368
1850.267607
1850.821919
1852.167496
1852.572180
1852.736430
1852.890112
1852.972237
1853.321871
1853.394125
1853.924598
1854.010327
1854.192845
1854.515773
1854.521180
1854.809088
1854.866473
1855.070986
1855.520195
1855.704637
1855.851110
1855.975383
1856.371466
1857.021952
1857.565082
1857.693368
1858.144870
1859.310633
1859.432899
1859.593134
1859.826606
1860.125737
1860.509041
1861.017436
1861.130404
1862.289326
1862.402703
1862.481428
1863.018701
1863.135928
1863.389225
1863.564657
1863.780803
1863.966433
1864.017183
1864.667955
1864.946565
1864.953119
1865.198551
1865.337201
1865.807708
1865.969664
1866.045563
1866.110648
1866.170450
1866.241229
1867.014308
1867.584840
1868.214149
1868.734054
1870.160773
1870.474650
1871.600599
1873.047552
1873.361469
1873.377526
1873.531699
1873.551073
1873.680220
1873.887683
1874.639913
1875.594445
1875.731907
1875.987046
1876.177592
1877.016576
1877.184594
1878.001951
1878.690447
1878.965617
1879.203226
1880.285389
1880.404378
1880.573706
1880.658412
1880.736809
1880.814592
1880.927642
1881.182003
1881.694290
1883.367547
1883.482890
1883.756012
1884.317819
1884.539535
1884.619448
1884.930212
1885.155410
1885.534945
1886.207345
1887.642010
1887.942164
1888.115057
1888.304046
1888.388424
1888.839762
1888.908165
1889.059881
1889.142743
1889.324319
1889.497866
1889.596293
1889.690460
1889.811538
1890.020721
1890.059551
1890.167562
1890.392760
1890.610340
1890.863636
1890.924831
1891.149496
1891.558605
1891.723796
1892.140769
1892.412375
1893.178900
1893.312061
1893.338767
1893.561876
1893.592064
1893.935186
1894.019400
1894.213386
1894.546719
1894.923633
1895.007519
1895.469343
1895.885005
1896.390984
1896.567480
1896.658657
1896.965612
1897.176556
1897.276088
1897.667912
1897.735291
1897.885778
1898.160783
1898.870784
1898.877092
1899.544863
1900.239462
1900.386017
1900.714025
1900.769690
1901.229302
1901.299343
1901.735363
1902.472643
1903.019622
1903.851684
1904.609198
1904.674529
1904.756122
1904.890470
1905.209999
1905.984758
1906.019779
1906.119188
1906.629796
1907.185009
1907.291955
1907.525386
1907.611484
1908.157030
1908.333814
1908.414300
1908.425687
1908.775526
1909.098660
1909.350482
1909.442560
1909.610619
1909.716419
1910.155223
1910.193480
1910.443295
1910.512148
1910.717112
1911.293256
1911.523615
1911.667835
1911.678075
1912.357724
1912.565596
1912.762204
1912.868618
1912.933827
1913.002394
1913.085420
1913.323889
1913.387745
1913.891758
1914.397082
1914.834002
1914.901217
1914.995876
1915.501609
1915.623055
1915.716362
1915.958600
1916.036506
1916.126495
1916.295864
1916.999885
1917.090284
1917.230326
1917.283451
1917.406781
1917.518725
1917.664379
1918.130094
1918.151844
1918.365123
1918.839521
1918.878269
1919.021138
1919.349514
1919.417344
1920.035308
1920.348078
1920.445768
1920.709509
1920.788357
1921.261363
1921.290158
1921.311867
1921.517076
1921.583145
1921.592648
1921.839964
1922.381332
1922.527601
1922.821612
1922.929132
1923.162767
1923.443016
1923.536118
1924.225106
1924.374897
1924.450796
1924.452803
1924.591780
1924.900905
1925.352530
1925.426995
1925.523620
1926.047990
1926.430515
1926.493594
1927.269335
1927.281828
1927.749837
1928.915927
1929.548636
1929.655624
1929.833759
1929.869967
1929.888768
1929.966182
1930.048635
1930.723451
1931.209687
1931.441316
1932.244009
1932.307702
1932.802089
1933.009101
1933.202063
1933.305201
1933.442662
1934.060093
1934.559969
1935.070945
1935.279227
1935.438602
1935.946260
1936.014705
1936.620831
1936.957194
1937.051525
1937.237197
1937.671168
1937.788805
1937.819771
1937.831526
1938.444575
1938.882888
1939.055657
1939.133481
1939.498967
1939.514204
1939.595059
1940.012892
1940.068434
1940.081582
1940.085801
1940.102676
1940.113572
1940.400456
1940.865311
1940.875674
1941.346918
1941.557002
1941.637612
1941.783060
1942.008463
1942.253855
1942.346588
1942.761595
1943.175823
1943.212360
1943.976305
1944.031724
1944.122163
1944.212808
1944.315494
1944.316641
1944.495432
1944.653251
1944.750694
1945.063711
1945.769452
1946.026639
1946.110525
1946.319585
1947.086275
1947.410514
1947.794063
1947.930624
1949.010125
1949.071688
1949.336945
1949.431439
1949.819331
1950.832640
1950.846607
1951.124726
1951.225283
1951.336202
1951.497667
1951.892726
1952.128205
1952.141148
1952.161956
1952.228680
1952.369869
1952.459530
1952.596869
1952.727204
1952.863969
1952.890061
1952.907018
1953.625375
1954.007122
1954.252063
1954.583347
1954.704302
1954.942403
1955.289211
1955.479388
1955.564585
1955.917496
1955.942236
1955.946291
1955.992699
1956.051108
1956.091249
1956.210483
1956.317839
1956.484219
1956.896481
1957.143306
1957.605908
1958.119014
1958.589727
1958.662554
1958.733169
1958.791987
1958.949028
1959.441285
1959.717274
1959.893279
1959.922442
1960.198390
1960.259011
1960.726405
1960.913838
1961.134039
1961.186509
1961.517015
1961.556746
1961.658245
1961.904783
1962.300416
1962.411909
1962.620232
1962.965852
1963.246838
1963.528602
1963.832197
1964.472197
1964.605727
1965.109166
1965.255188
1965.579469
1965.727171
1965.861642
1965.927752
1965.949870
1965.997711
1966.070497
1966.493737
1966.583480
1966.965760
1967.542477
1968.082002
1968.251617
1968.447734
1969.193001
1970.074706
1970.205082
1970.749604
1971.560366
1971.837379
1971.882639
1972.155924
1972.158956
1972.218593
1972.284498
1972.531446
1972.958863
1973.084529
1973.330780
1973.453701
1973.614141
1973.706547
1973.839012
1974.184755
1974.244844
1974.785761
1974.890332
1974.946939
1975.419945
1975.529513
1975.596073
1975.694909
1975.942922
1977.085501
1977.258762
1977.279734
1977.497108
1977.865544
1978.348667
1978.566083
1978.764984
1979.276124
1979.512504
1979.916206
1980.695552
1980.716933
1981.395763
1981.640950
1981.742572
1981.751828
1981.757481
1982.402068
1982.466089
1982.794629
1983.014298
1983.288730
1983.744778
1984.365240
1984.426844
1984.676700
1984.989962
1985.033667
1985.609236
1985.784504
1986.081833
1986.319647
1986.465137
1986.555126
1986.625290
1986.758001
1987.141304
1987.452518
1987.606405
1988.050493
1988.156334
1988.276388
1988.845691
1988.974141
1989.171487
1989.501215
1989.553684
1989.612134
1989.765325
1989.888041
1989.965947
1990.017516
1990.026445
1990.123069
1990.132859
1990.240870
1990.290514
1990.369772
1990.463775
1990.639084
1990.862275
1991.032054
1991.032340
1991.037174
1991.117906
1991.202570
1991.750943
1991.752417
1991.892910
1992.023450
1992.170414
1992.464384
1992.861123
1993.145754
1993.528279
1993.601434
1993.727345
1993.907528
1993.965404
1994.098442
1994.227999
1994.275267
1994.436076
1994.630676
1994.672947
1994.947666
1994.972488
1995.139768
1995.500175
1995.878810
1996.251873
1996.777923
1996.933079
1997.030113
1997.164134
1997.240648
1997.492019
1998.169907
1998.189404
1998.307983
1998.865080
1999.236710
1999.377900
1999.632384
1999.934382
2000.842670
2001.449452
2001.522033
2001.529856
2001.574093
2001.975706
2002.114519
2002.161828
2002.274304
2003.030221
2003.183903
2003.223921
2003.232522
2004.081418
2004.322222
2004.408525
2004.987290
2005.378949
2005.683077
2005.885993
2006.014730
2006.056878
2006.133514
2006.136340
2007.692124
2007.920026
2008.158536
2008.294154
2008.591032
2008.755405
2009.482854
2010.310820
2010.351247
2010.480517
2010.752000
2010.868122
2011.180564
2011.571814
2011.762729
2011.937505
2011.984650
2012.254822
2012.321219
2012.418458
2012.621373
2012.729876
2012.973302
2013.056860
2013.240525
2013.303316
2013.447291
2013.577257
2013.729464
2013.835223
2013.978092
2014.093025
2014.744781
2014.794015
2015.025521
2015.102771
2015.322604
2015.522693
2015.986074
2016.224993
2016.410378
2016.493363
2016.784589
2017.041818
2017.159700
2017.227284
2017.274470
2017.414717
2017.772626
2018.184643
2018.564874
2018.790072
2018.857820
2019.344548
2019.575071
2019.673211
2019.832832
2019.923067
2020.442808
2021.089444
2021.138473
2021.163008
2021.461033
2021.633884
2021.885911
2022.099681
2022.553805
2022.632079
2023.545692
2023.580836
2023.716209
2023.835566
2024.151081
2024.697242
2024.860467
2025.156895
2025.310945
2025.570836
2025.849938
2026.156196
2026.399949
2026.468024
2026.682982
2026.819174
2027.145748
2027.256627
2027.537408
2027.632271
2027.840799
2027.855544
2027.904369
2028.001198
2028.038676
2028.186051
2028.248269
2028.270223
2028.440740
2028.629238
2028.659753
2029.136118
2029.224468
2029.402317
2029.527736
2029.808189
2029.884498
2030.047642
2030.138122
2030.469325
2030.760837
2030.814495
2030.907965
2031.120261
2031.392686
2031.564964
2032.033341
2032.234291
2032.358973
2033.133363
2033.212006
2033.662771
2033.672724
2034.104361
2034.275942
2034.404721
2034.586255
2034.815263
2034.891694
2035.067085
2035.097969
2035.198444
2035.508306
2035.674685
2035.753492
2035.989135
2036.125000
2036.324434
2036.385505
2036.588503
2036.869898
2037.329306
2037.435638
2037.811773
2038.011126
2038.078751
2038.184509
2038.396969
2038.620652
2038.747668
2038.806528
2039.158784
2039.550484
2039.723008
2040.116675
2040.524964
2040.570020
2040.686264
2041.050685
2041.105818
2041.386721
2041.445130
2041.950618
2042.287759
2042.307215
2042.422108
2042.505789
2042.635018
2043.061903
2043.120558
2043.134689
2043.141243
2043.489853
2043.529667
2043.611505
2043.788575
2043.977441
2044.525036
2044.744581
2044.900598
2045.148979
2045.231473
2045.329981
2045.446799
2045.703250
2045.962281
2046.014915
2046.167163
2046.377861
2046.762844
2046.908989
2047.008973
2047.131648
2047.306670
2047.321375
2047.470756
2047.548948
2047.616041
2047.680676
2047.961006
2048.431923
2048.683254
2048.820511
2048.866673
2049.037066
2049.227162
2049.294868
2049.389855
2049.445396
2049.657405
2049.773937
2050.085437
2050.349097
2050.555208
2050.710323
2050.867364
2050.989097
2051.097436
2051.261194
2051.380593
2051.645235
2052.161536
2052.245545
2052.283228
2052.690330
2052.803011
2052.960543
2053.094564
2053.151212
2053.250499
2053.258322
2053.324145
2053.400986
2053.697864
2054.103982
2054.185615
2054.701957
2054.800507
2054.818284
2054.884352
2055.031112
2055.225836
2055.233659
2055.514030
2055.745044
2055.925514
2055.928873
2056.707604
2057.215140
2057.783132
2057.823150
2058.816020
2060.550513
2061.024256
2061.106504
2061.280420
2061.396828
2061.512950
2062.449500
2062.564188
2062.764933
2062.870241
2063.443640
2064.277381
2064.456868
2065.092813
2065.105306
2065.189028
2065.270374
2065.309245
2065.462272
2065.510605
2065.753457
2065.915740
2066.116936
2066.339717
2066.481439
2066.655437
2068.113736
2068.429087
2068.823736
2069.106115
2069.248983
2069.792276
2069.844214
2069.950177
2070.106726
2070.207078
2070.302597
2070.362153
2070.557164
2070.890865
2071.010509
2071.283425
2071.380009
2071.557448
2071.861125
2071.925432
2072.025047
2072.128102
2072.399667
2072.504689
2073.665659
2073.785016
2074.641777
2074.700677
2074.816963
2075.190600
2075.599708
2075.907809
2076.041380
2076.673925
2076.762644
2076.891546
2076.950733
2077.033267
2077.308805
2077.492797
2078.247158
2078.382367
2078.787461
2079.044239
2079.570166
2079.733064
2080.030761
2080.042803
2080.184648
2080.425165
2080.688415
2080.701563
2081.227776
2081.482547
2081.486971
2081.777091
2081.859830
2081.904681
2082.209382
2082.579374
2082.666537
2082.784215
2083.047711
2083.322716
2083.525960
2083.685990
2083.864699
2083.933716
2083.975946
2084.270285
2084.470415
2084.571464
2085.203476
2085.225308
2085.235999
2085.339709
2085.385175
2085.593702
2085.732680
2085.778842
2086.137364
2086.794117
2086.938542
2087.194419
2087.361331
2087.579525
2088.051425
2088.148050
2088.324915
2088.706785
2089.055969
2089.254625
2089.405727
2089.646735
2089.743032
2089.858703
2089.959997
2090.105324
2090.163446
2090.309960
2090.371686
2090.580214
2090.609500
2090.707149
2091.040686
2091.417682
2091.735368
2091.924275
2092.313887
2092.431729
2092.494643
2092.737290
2092.977234
2093.258465
2093.643571
2093.730939
2093.892977
2094.514504
2094.820229
2094.942863
2095.236383
2095.603630
2096.743547
2096.821576
2097.399521
2097.475994
2097.900708
2098.035671
2098.559754
2099.071181
2099.736330
2099.810181
2099.856794
2100.303135
2100.447969
2100.614758
2100.697047
2101.057372
2101.360148
2102.327624
2102.441738
2102.507438
2102.622413
2102.985646
2103.093821
2103.427441
2103.585464
2104.046838
2104.239718
2104.380375
2104.846705
2105.018614
2105.102213
2105.186796
2105.482854
2105.760113
2105.877463
2105.974333
2105.997722
2106.234266
2106.403717
2106.644275
2106.921738
2107.306476
2107.389174
2107.718164
2107.747615
2107.759370
2107.923948
2108.163113
2108.171346
2108.925092
2109.035602
2109.055427
2109.118792
2109.310280
2109.545554
2109.736141
2109.845832
2109.885645
2110.004920
2110.410670
2110.968873
2111.089336
2111.573729
2112.797532
2112.907387
2112.984228
2113.115955
2113.196114
2113.700291
2114.190991
2114.367406
2114.681569
2114.795602
2114.907628
2115.173253
2115.261112
2115.426509
2115.868713
2116.541563
2117.189140
2118.078669
2118.416138
2119.455171
2119.876854
2120.080384
2120.128512
2120.733860
2121.044951
2121.101066
2121.194496
2121.429975
2121.726239
2122.481828
2123.619328
2123.737784
2124.303524
2124.501975
2124.813885
2125.506150
2126.263173
2126.666301
2126.982472
2127.184814
2127.650161
2127.657492
2128.170639
2128.942981
2129.620460
2129.817682
2130.122220
2130.206106
2130.706104
2130.808996
2131.467510
2131.763487
2131.839058
2132.092273
2132.433756
2132.951409
2133.288796
2134.364733
2134.772081
2135.447880
2135.639941
2135.754506
2136.127324
2136.425103
2136.520499
2136.646902
2137.372099
2137.442550
2137.494077
2137.720873
2137.780756
2137.870336
2138.010255
2138.022994
2138.610770
2138.987561
2139.195843
2139.207229
2139.702313
2139.780915
2139.914322
2140.125225
2140.365988
2140.700221
2140.842762
2141.030154
2141.064110
2141.148406
2141.508608
2142.129357
2142.211236
2142.392156
2143.925207
2144.656056
2145.169367
2145.493934
2145.646060
2145.738179
2145.817354
2146.125660
2146.366136
2146.578964
2146.716836
2146.938757
2146.984919
2147.929006
2148.044349
2148.243128
2148.339630
2148.442399
2150.277120
2150.526935
2151.568589
2151.770890
2152.300585
2152.486625
2152.505467
2153.473925
2154.191995
2154.397123
2154.741637
2154.818150
2154.877583
2155.313521
2155.504271
2155.614700
2155.781734
2156.377047
2156.634440
2156.787425
2157.157499
2157.210624
2158.250885
2158.769644
2158.801879
2159.023063
2160.892641
2161.045135
2162.229780
2162.427535
2162.936422
2163.059589
2163.079741
2163.138806
2164.936212
2165.744026
2165.775606
2165.797601
