49.537352
49.544028
49.765171
49.789993
49.793434
49.983611
50.149827
50.212127
50.300232
50.322842
50.326159
50.517606
50.524856
50.638070
50.795110
51.081257
51.139461
51.195290
51.234611
51.239117
51.303465
51.318620
51.326648
51.369820
51.395092
51.407135
51.513590
51.537101
51.550986
51.634299
51.660268
51.663462
51.728671
51.745014
51.748987
51.810632
51.821814
52.304159
52.580721
52.652319
52.658668
52.990525
52.999004
53.414298
53.469061
53.595013
53.662474
53.665137
53.787812
53.922243
54.199419
54.376612
54.384886
54.486548
54.898688
55.597138
57.817211
58.338959
58.648125
58.914447
59.150090
59.306516
59.807334
59.965727
60.007014
60.096430
60.271821
60.565914
61.157458
61.318758
62.227907
62.278902
62.307000
62.310441
62.452122
62.540513
62.608261
62.638735
62.712873
62.902477
63.080612
63.119852
63.271813
63.285617
63.316787
63.336735
63.348163
63.396127
63.495209
63.579955
63.840174
64.377119
64.518758
64.588964
64.674775
64.787128
65.224622
65.341563
65.508106
65.628570
65.780531
65.861919
65.889567
65.908941
66.098872
66.208399
66.352169
66.438349
66.443305
66.668380
66.929009
66.959032
66.994872
67.000115
67.003228
67.194675
67.307233
67.336315
67.382272
67.559301
67.688612
67.730883
67.737723
67.741123
67.805594
68.477338
68.819272
68.821893
68.829184
68.981801
69.089444
69.210358
69.214413
69.221089
69.311324
69.327995
69.332009
69.500191
69.620122
69.623521
70.005473
70.101443
70.210519
70.311772
70.338683
70.547210
70.851789
71.279370
71.344865
71.402332
71.493673
71.615283
71.683236
71.690158
72.035410
72.179466
72.294154
72.805335
72.909947
73.094717
73.258476
73.445294
73.537946
73.565266
73.579848
73.709773
74.023076
74.269532
74.356736
74.523034
74.799596
75.445248
75.636122
75.798651
75.947213
76.582216
77.649715
77.685146
78.348534
78.563205
78.754611
78.818509
79.059436
79.324160
79.618007
80.002007
80.298721
81.250755
81.893253
82.005033
82.252677
82.316657
82.410168
82.539889
82.652611
82.716058
83.282412
83.478159
83.773686
84.476518
84.742881
85.749473
85.839258
85.890580
85.952143
86.104924
86.656983
86.668698
86.672630
87.174676
87.269376
87.297229
87.415071
88.031396
88.042906
88.050442
88.230625
89.112084
89.479537
89.658941
89.800131
90.134733
90.908140
91.370947
91.616420
91.749294
91.809915
91.984978
92.114739
92.192236
92.384461
92.794184
92.888392
92.909363
92.953149
93.002179
93.012541
93.158687
93.297664
93.350994
93.426442
93.436109
93.442212
93.853614
94.304338
94.438236
94.982062
95.228723
95.617720
95.854756
97.241375
97.957151
98.571756
98.716058
98.819727
99.061555
102.001295
102.269174
102.671565
103.706051
104.184218
104.196669
104.329339
104.790139
105.030164
105.280225
105.958728
106.220298
107.454628
108.764774
112.910172
113.359667
113.770660
113.825546
113.849467
113.900913
114.065654
118.043034
119.848018
119.917527
120.295424
120.301732
120.611840
120.891761
121.755320
127.499428
127.796593
128.575365
128.970424
129.835131
131.679068
131.854664
131.948216
132.103045
132.408484
132.545004
132.730266
133.219123
133.268972
133.505393
138.204119
138.664837
138.848133
139.526799
141.939425
142.402970
143.124849
147.854582
150.864282
153.679462
154.165740
155.519181
157.194035
160.915210
160.962232
161.619558
163.222405
163.574211
164.489134
166.105375
166.111969
169.563996
171.085619
171.787059
172.515164
174.692065
175.126856
177.397883
177.712701
178.035794
178.231378
179.173171
179.176940
179.732521
179.735839
180.414505
180.811162
181.057659
181.121843
181.605827
182.168207
184.935752
186.382582
189.357670
191.610634
194.693857
194.824602
195.210240
196.570849
197.926175
197.933507
197.936169
201.639117
202.280018
202.583327
203.021926
205.660529
205.994967
206.210253
207.033221
207.273820
207.888630
209.530061
210.537595
214.854984
215.745987
216.514888
220.918047
221.597286
223.450644
226.755994
226.956780
229.512356
230.250988
231.027098
234.336051
235.563540
237.118054
238.716396
241.365606
244.595753
249.588572
251.474657
253.115269
262.931866
264.409129
275.451617
278.578749
280.790794
289.274102
291.181814
297.463194
297.564447
298.194452
304.077251
306.041651
309.360517
310.663250
311.948984
311.952998
316.421816
330.498089
330.647224
330.739261
331.007918
334.663926
335.477146
335.485747
335.504589
335.627264
335.876547
336.317563
337.494999
337.833738
341.587517
341.794365
342.243369
343.081083
343.404298
345.030001
348.714189
350.174659
351.082127
351.830016
351.971287
353.549066
357.178737
359.016243
359.441326
363.629650
363.632108
365.217546
368.899809
370.298921
371.626639
373.257544
374.104269
375.241810
377.788989
378.206740
378.400276
378.580378
378.608148
378.925670
381.623173
381.636280
382.877204
382.899610
383.523021
384.191570
384.198205
385.654006
386.203812
389.569536
389.777408
389.841961
389.848760
389.861868
390.081659
390.246236
390.858015
390.870098
390.988800
390.992241
391.150223
391.160873
391.266345
391.321518
392.805663
393.482691
394.354606
396.482929
396.686541
396.844851
397.140951
397.460849
402.047877
403.318088
403.469312
403.766845
405.114839
405.320581
405.424824
405.430108
405.434532
405.590835
405.707080
405.727805
406.782075
407.178322
407.187210
409.527583
410.551910
412.584632
413.814252
414.273126
416.064307
426.474127
426.514924
427.480105
427.486126
428.482437
428.567429
433.008435
442.537615
451.536609
454.337659
454.430310
454.480855
454.613115
454.641336
454.658785
454.661530
455.128023
455.168492
456.043151
456.051098
456.595702
478.110474
492.921446
503.377019
505.250202
514.755338
515.840451
516.029686
540.812657
541.052682
541.066404
541.077791
548.233953
560.117637
560.124969
560.127590
565.270733
566.913884
576.717947
591.258255
597.192376
597.443502
597.446943
619.395236
619.627192
637.576069
641.135411
641.228145
641.488814
641.756611
642.025554
642.131026
642.142044
642.144338
644.375265
656.203530
656.560087
656.834519
657.104200
707.833856
707.902874
707.951821
708.162478
708.248945
708.346225
708.360110
708.363633
708.473446
708.515226
708.555735
708.620329
708.702208
708.726948
708.730184
709.000192
709.083587
709.115126
709.121720
709.136957
709.307433
709.455217
709.500068
709.596324
710.287319
710.370509
710.450545
710.592881
710.723666
710.823404
711.365714
711.984538
712.100168
712.170455
712.184586
712.186839
712.571904
712.626995
713.083085
713.218130
713.858703
714.092503
714.252943
714.431611
714.619044
714.719560
714.938941
715.101348
715.170243
715.546870
716.104622
716.175974
716.403999
716.781814
717.051617
717.163889
717.271122
717.346079
717.688218
717.861888
718.081679
718.580163
719.693537
719.902433
720.556483
720.710820
720.939131
721.594040
722.645238
722.976481
723.413361
723.550454
724.382638
725.111972
725.470003
726.081249
726.299238
726.310339
726.312755
726.746399
727.608156
728.026604
728.036844
728.039178
728.042168
728.356168
728.467538
729.557443
731.080745
732.154225
732.303565
732.656394
739.058811
739.282657
739.287982
739.590103
739.960791
740.408648
740.575887
741.504246
741.918106
742.363832
743.146250
743.683318
744.592466
747.741184
749.410918
749.556654
749.972234
750.238024
750.482350
750.671012
750.677524
750.689935
751.557386
751.739290
752.547512
753.647084
753.746493
754.071675
756.176404
757.813207
761.267323
765.065994
766.134641
766.442045
766.451753
766.791803
766.886666
768.344883
768.348774
768.609075
770.095309
770.323251
774.522634
775.933215
777.735250
777.786778
777.811231
777.817866
777.963889
782.314127
782.446756
782.460191
782.465352
782.632182
782.732902
782.936596
783.139308
783.149056
783.151596
783.559434
784.146063
784.254321
785.417380
785.420575
785.569587
785.708442
785.753661
785.823089
785.837302
785.918321
785.920901
785.924301
785.995571
786.125046
786.247516
786.425856
786.558976
786.627953
786.826772
786.898125
788.212982
789.833523
793.270968
793.987441
794.946929
795.441070
795.932344
796.520776
797.578936
801.316946
801.442284
801.447035
801.449738
801.639752
801.939333
804.491837
805.313004
805.315461
805.829632
805.841183
805.843395
807.762616
808.879186
810.096312
810.176389
810.626499
810.775921
810.841006
811.078656
811.256013
811.780874
811.787264
811.792097
811.795333
811.915510
813.622641
813.629932
814.202143
816.176210
816.303145
816.510034
816.763658
816.898089
818.316943
818.386657
818.394522
818.409062
818.752963
819.105300
819.258573
821.831188
822.072812
822.268396
823.438254
824.472781
826.382868
827.506278
827.990139
828.007588
828.010578
828.013363
828.715336
835.074621
835.800515
836.455506
836.531159
836.596613
836.667556
836.734853
836.791583
836.796785
836.800184
836.803011
840.352195
846.079304
846.220534
846.227292
846.229832
846.501888
846.509793
846.738104
846.879007
847.434301
852.955218
857.846292
862.047027
862.174904
862.178468
862.180844
862.360945
863.041864
863.490703
863.495086
863.497748
867.805020
870.601933
872.592302
877.821501
877.825884
877.828383
881.442284
881.446666
881.449042
883.393987
883.857613
883.860521
883.862979
883.974922
884.914831
885.904671
885.907743
885.910159
887.271875
887.394345
890.578043
893.207593
894.417633
894.425907
894.484439
895.409766
895.420621
895.424553
895.427666
908.662989
908.871762
908.880691
908.883149
908.886303
908.890685
909.513155
909.532324
909.535150
909.537567
909.790126
909.892608
910.177772
910.475387
916.640727
920.145838
921.991373
923.585454
923.761746
926.800773
926.808719
926.811136
926.814495
926.818058
927.054152
930.239693
930.754847
930.759025
930.975089
931.518054
932.245053
932.511785
935.297884
946.658796
946.661868
947.329966
948.011950
951.035290
963.572736
963.711713
967.686963
967.690035
967.695155
968.035041
968.044544
968.047903
968.050565
968.219689
968.477614
968.515174
968.526438
968.531517
968.534917
973.128294
973.154263
973.156721
973.287219
973.404774
973.481656
975.735603
978.614190
979.022520
979.392840
979.398042
985.771909
985.782518
986.790953
991.724954
992.040796
992.767017
994.107474
994.689761
1002.533192
1004.137103
1005.829693
1006.900552
1008.439542
1009.876132
1009.901076
1009.926308
1009.934377
1010.168709
1011.559219
1011.949650
1012.750705
1013.189181
1014.495969
1014.914990
1014.924247
1014.929531
1015.881769
1015.884882
1016.343183
1016.867021
1016.871240
1017.117082
1017.388524
1017.746473
1022.840627
1025.278239
1026.484961
1026.889933
1026.892759
1026.895176
1027.625042
1028.301660
1031.340646
1039.817523
1039.821496
1039.824036
1040.005898
1040.016179
1040.018391
1040.281313
1040.469729
1040.745185
1040.758497
1041.605100
1041.867039
1041.905623
1041.915249
1041.917542
1042.845901
1044.298015
1048.216576
1054.821745
1055.130132
1057.948754
1057.953260
1057.961779
1058.816614
1059.077120
1060.000604
1061.854413
1067.370496
1073.359585
1073.533092
1073.783439
1074.154455
1074.158510
1074.161009
1074.164818
1074.431099
1075.165512
1079.307264
1079.571415
1079.575716
1079.577928
1080.186552
1080.798167
1080.802304
1080.805212
1082.424812
1082.431939
1082.434437
1082.437591
1086.368276
1095.509729
1095.514726
1095.517061
1096.845230
1096.851046
1096.853422
1097.026109
1105.905377
1112.126710
1112.536924
1112.546918
1112.549417
1112.552366
1112.779039
1112.988140
1113.086075
1113.422193
1116.798403
1132.079473
1132.411781
1133.133332
1133.265469
1133.272187
1133.274604
1133.928366
1135.484641
1135.589990
1137.125949
1139.493274
1142.805668
1142.813491
1142.819512
1142.822707
1143.396721
1143.430472
1145.984860
1146.711163
1146.715955
1146.718618
1147.640955
1148.883026
1148.888924
1148.891382
1149.326254
1155.007324
1155.010396
1155.012813
1158.978232
1160.341914
1169.456620
1169.461371
1169.464074
1170.102477
1171.772989
1175.045734
1175.052984
1175.055606
1176.073011
1177.780019
1185.915945
1185.954898
1185.957847
1185.960428
1186.678415
1186.821693
1186.937242
1187.122053
1187.212657
1187.219948
1187.222241
1187.513426
1188.898120
1188.905533
1188.908360
1189.722440
1189.731451
1189.865103
1190.008300
1190.062244
1190.070436
1190.072771
1191.398646
1192.540733
1195.462492
1195.466629
1201.052344
1212.447171
1213.290291
1213.294756
1213.297091
1213.303972
1218.198036
1222.479094
1230.051328
1230.056284
1230.062838
1230.065705
1230.069268
1234.358559
1235.577856
1235.580518
1235.583017
1236.006093
1236.399145
1237.179761
1239.282278
1240.923218
1246.266081
1246.712095
1247.339151
1247.948186
1254.754140
1256.348631
1258.781491
1263.268741
1265.127506
1267.664855
1274.587668
1274.703749
1274.746552
1289.185567
1289.286738
1299.711468
1301.595382
1301.601239
1301.603615
1301.841265
1302.457508
1302.464922
1302.467338
1302.809600
1307.664220
1312.352461
1312.722248
1313.904804
1313.908367
1313.910743
1317.168415
1321.940378
1325.422100
1334.369772
1338.339492
1338.344653
1338.357064
1338.359849
1338.365952
1339.122524
1339.475722
1340.324045
1340.333507
1340.338504
1340.341740
1340.789596
1343.377695
1343.382241
1343.384535
1343.434015
1343.970509
1347.828122
1347.832177
1347.834962
1347.838075
1348.470702
1348.474225
1348.476559
1352.461517
1353.036022
1355.129528
1355.221279
1355.224474
1355.226972
1356.604375
1356.607816
1357.906657
1358.230692
1358.415421
1359.222743
1359.226388
1359.228805
1360.880353
1360.884204
1360.887112
1361.517486
1365.036319
1365.454316
1366.029189
1366.099313
1366.386770
1366.392996
1367.011451
1367.168123
1367.229850
1367.344824
1367.490888
1371.099423
1373.611991
1373.615841
1373.618299
1373.906616
1374.575575
1374.755553
1375.029494
1375.949414
1376.722166
1377.157161
1379.348644
1382.344417
1382.502277
1382.727188
1383.146455
1383.154893
1383.157268
1385.293169
1386.533765
1387.223327
1388.748636
1389.971210
1389.975634
1389.978132
1390.167245
1390.445568
1390.474650
1390.477148
1390.479647
1390.482678
1391.154217
1391.519089
1391.550669
1391.555215
1391.557591
1391.830426
1392.289751
1392.398049
1392.917668
1392.920822
1392.923238
1393.278730
1393.291018
1393.293353
1393.295933
1394.945475
1394.951045
1394.953626
1395.096904
1395.235308
1395.486843
1395.581747
1395.595387
1395.597844
1395.600384
1395.809853
1396.897997
1397.694382
1400.702607
1400.705802
1400.708383
1400.836260
1402.532086
1402.540155
1402.569441
1402.605937
1402.742497
1402.828022
1404.405187
1404.415549
1404.418171
1405.028229
1405.067346
1405.070459
1405.072876
1405.107528
1405.113508
1405.186580
1405.197230
1405.199811
1405.202596
1405.419397
1405.526303
1405.678469
1405.779517
1406.087086
1406.101135
1406.104084
1406.106829
1406.522982
1406.614610
1406.674248
1407.017206
1407.170437
1407.822193
1407.825961
1408.219341
1408.265626
1408.344064
1408.599450
1408.605635
1408.612393
1408.615014
1408.618373
1409.573806
1409.691238
1409.838776
1409.911357
1410.052178
1410.218844
1410.386493
1411.022807
1411.032678
1411.037307
1411.040133
1411.444654
1411.734856
1411.881615
1411.910287
1411.914056
1412.719043
1413.353759
1414.374441
1414.602383
1414.981181
1415.621386
1415.825244
1416.292925
1416.309965
1416.314307
1416.582062
1416.600740
1416.603853
1416.606515
1416.800829
1417.191793
1417.207931
1417.299927
1417.303163
1417.306522
1417.311437
1417.348055
1417.399091
1417.666601
1417.827369
1417.877504
1417.932186
1418.003702
1418.197361
1418.200228
1418.205061
1418.502144
1418.528276
1418.535813
1419.261092
1419.266048
1419.268547
1419.414897
1419.449549
1419.532534
1419.696169
1419.763999
1419.767316
1419.770511
1419.926159
1420.459745
1420.590940
1421.697352
1422.100357
1422.145536
1422.472888
1422.476943
1422.637793
1422.647992
1422.651023
1422.657454
1423.590441
1423.772918
1423.859016
1424.022036
1424.026296
1424.028959
1424.214385
1424.388260
1424.524616
1424.730112
1424.737075
1424.739615
1424.885309
1425.275781
1425.789952
1425.797939
1425.800438
1425.942036
1425.995571
1426.496225
1426.500444
1426.697011
1427.375104
1427.652239
1427.678904
1427.693117
1427.725189
1427.731988
1427.736535
1428.009943
1428.025549
1428.372644
1428.443791
1428.821688
1428.825006
1428.944364
1429.461443
1429.613650
1429.709373
1429.717975
1429.720842
1430.175703
1430.302188
1430.461972
1430.846710
1431.074120
1431.230341
1431.373988
1431.711007
1432.461681
1433.199288
1433.201664
1433.540526
1433.559818
1433.649603
1433.904742
1433.946481
1434.438779
1436.151112
1436.266619
1436.748718
1436.757852
1436.764856
1436.836086
1437.264814
1437.584794
1438.040269
1438.783693
1439.472845
1439.585608
1439.589704
1439.592202
1440.178012
1440.798269
1441.130168
1441.139220
1441.332183
1441.729004
1441.740759
1441.743217
1441.746534
1441.966039
1442.117018
1442.230026
1442.265907
1442.273812
1442.276434
1442.279629
1442.444042
1443.611648
1444.678164
1444.731331
1444.734362
1444.737188
1444.855890
1444.988273
1445.219082
1445.384233
1446.039142
1446.044590
1446.047375
1446.478479
1446.835978
1446.929080
1447.069409
1448.163983
1448.300052
1448.304394
1448.941404
1449.025249
1449.032049
1449.744630
1450.544824
1450.688102
1450.729431
1450.781450
1450.839286
1450.842235
1450.982932
1451.060797
1451.443118
1451.821302
1452.205097
1452.339118
1453.944218
1454.541414
1455.162532
1456.147907
1456.151962
1456.154706
1456.957645
1457.324401
1457.531535
1457.554596
1457.735844
1458.223718
1458.467922
1458.732401
1458.873467
1458.894070
1458.903900
1458.906890
1459.788268
1459.823124
1459.882148
1459.929293
1459.946537
1459.949609
1459.952681
1460.027843
1460.098867
1460.107510
1460.110500
1460.354376
1460.451820
1460.658463
1460.831969
1460.889027
1461.087601
1461.256069
1461.471109
1461.773763
1461.968568
1462.810337
1465.311027
1468.198584
1468.298486
1468.308193
1468.310733
1468.314460
1468.672901
1468.973957
1469.320028
1469.905920
1470.390968
1471.327969
1471.657656
1472.145244
1474.448998
1476.835738
1479.084564
1479.343350
1480.307425
1482.849690
1482.964050
1482.978140
1483.101512
1483.244790
1483.348337
1483.353088
1483.358044
1483.654103
1483.682365
1483.688182
1483.691008
1484.132434
1484.395643
1485.252690
1485.519094
1486.030889
1486.036378
1486.039040
1487.872287
1490.492744
1491.072000
1491.202785
1491.766026
1492.029153
1492.116357
1492.118774
1492.466770
1492.489708
1492.644291
1492.728300
1492.772168
1493.480407
1498.695762
1502.730076
1503.920865
1511.183729
1511.396434
1511.723377
1513.555395
1513.590784
1513.812787
1514.324173
1514.326876
1514.504110
1515.041792
1518.907228
1520.024125
1521.999299
1522.006835
1522.009784
1523.484058
1523.489341
1524.122706
1524.131021
1527.035945
1527.039017
1527.281050
1527.478723
1528.051876
1528.055767
1528.604058
1529.073500
1530.574930
1530.917519
1531.435008
1531.442422
1531.676017
1531.943772
1532.800164
1534.219510
1534.273290
1534.294712
1534.301266
1535.041044
1535.246705
1535.594291
1536.833413
1539.182469
1542.115410
1542.136627
1542.139126
1542.348349
1543.275192
1544.797798
1563.610767
1563.978015
1564.641485
1564.947087
1565.590733
1568.072376
1568.076554
1568.079258
1568.082616
1569.633731
1569.638441
1569.641349
1569.817928
1569.900995
1570.326569
1570.332262
1570.335580
1570.342298
1571.588588
1571.594199
1572.414013
1572.484792
1572.585226
1572.799898
1573.051924
1574.227272
1574.275154
1574.407332
1574.410936
1574.413967
1575.249019
1577.344287
1578.005299
1578.009027
1578.012385
1578.675159
1579.033149
1579.493376
1579.873403
1580.289270
1580.293693
1580.297216
1581.051986
1581.118915
1581.121905
1581.339197
1581.956301
1581.965189
1581.967974
1581.971456
1582.260101
1582.633984
1583.054684
1583.156183
1583.160893
1583.289180
1583.433564
1584.496927
1585.790403
1585.796219
1586.105016
1586.410455
1586.417172
1586.420204
1586.710282
1586.844099
1587.372646
1587.748577
1587.752468
1587.917169
1587.923558
1588.215603
1588.333609
1588.403732
1588.529889
1588.609147
1588.676854
1588.771512
1588.939981
1589.359452
1589.558190
1589.565112
1589.568963
1589.571994
1589.784494
1589.853553
1590.165176
1590.170911
1590.174884
1590.489702
1591.033160
1591.037624
1591.041679
1591.418143
1591.834788
1591.838188
1591.843389
1591.847567
1591.851377
1592.177582
1592.397701
1592.464589
1592.602173
1592.676598
1592.936325
1593.117164
1593.284035
1593.296364
1593.298985
1593.302426
1593.551217
1593.661317
1593.664594
1593.711370
1593.722593
1593.727468
1593.730212
1593.786327
1593.791365
1593.794396
1593.821676
1593.824502
1593.917235
1593.969910
1593.974333
1594.020372
1594.046423
1594.049905
1594.097132
1594.107331
1594.114253
1594.120520
1594.163651
1594.184172
1594.193592
1594.222797
1594.259128
1594.274898
1594.289725
1594.293289
1594.352517
1594.373571
1594.382090
1594.468147
1594.483958
1594.489979
1594.495631
1594.500096
1594.511974
1594.517955
1594.546381
1594.574561
1594.588733
1594.592952
1594.644193
1594.653901
1594.657792
1594.661765
1594.694328
1594.711081
1594.714604
1594.779320
1594.800988
1594.804838
1594.808934
1594.849157
1594.910228
1595.100283
1595.238646
1595.283210
1595.305452
1595.309261
1595.397898
1595.427676
1595.443692
1595.453522
1595.457864
1595.534500
1595.602739
1595.636900
1595.845018
1595.875328
1595.925545
1595.928986
1596.021228
1596.165366
1596.208906
1596.229632
1596.232704
1596.236636
1596.410675
1597.497098
1597.682770
1597.694034
1597.698048
1597.701898
1598.351360
1598.845256
1599.009382
1599.106007
1599.189279
1599.206523
1599.210906
1599.362048
1599.406326
1599.514214
1599.591178
1600.003973
1600.127181
1600.264724
1600.364544
1600.382157
1600.385475
1600.559473
1600.584499
1601.454244
1601.457562
1601.460756
1601.551278
1601.884733
1602.109686
1602.180424
1602.254397
1602.385838
1602.626929
1602.774917
1603.056681
1603.308626
1603.362570
1603.784868
1603.989422
1604.002365
1604.005028
1604.008059
1604.011663
1604.156375
1604.180173
1604.187587
1604.238787
1604.543652
1604.576338
1604.579860
1604.585677
1604.724367
1605.089567
1605.176566
1605.874033
1605.877637
1605.880832
1606.321889
1606.416507
1606.469345
1606.558310
1606.573384
1606.577152
1606.722929
1606.863913
1607.344005
1607.502111
1607.686636
1607.745167
1607.767368
1607.771013
1607.806566
1607.905403
1607.951483
1608.065352
1608.128512
1608.182006
1608.190239
1608.193311
1608.269292
1608.422932
1608.456847
1608.541348
1608.576082
1608.583741
1608.589394
1608.931451
1608.984371
1609.083576
1609.112863
1609.157673
1610.497843
1610.703708
1610.926653
1611.491860
1611.612160
1612.029092
1612.210708
1612.221522
1612.224430
1612.228813
1612.627681
1612.677939
1612.827894
1612.855132
1612.989809
1613.065503
1613.086433
1613.089505
1613.095240
1613.523313
1613.888840
1614.415995
1614.534779
1614.641029
1614.866473
1614.897603
1614.904402
1614.909972
1614.913249
1614.917796
1615.244329
1615.253094
1615.257231
1615.322358
1615.347507
1615.351316
1615.382815
1615.386829
1615.447736
1615.669740
1615.732367
1615.776154
1615.867167
1615.932006
1616.009175
1616.015647
1616.020726
1616.031621
1616.054845
1616.058450
1616.072581
1616.077292
1616.092406
1616.096952
1616.115098
1616.133161
1616.139796
1616.153723
1616.162120
1616.169533
1616.178012
1616.220365
1616.253952
1616.294461
1616.309740
1616.313016
1616.346644
1616.359260
1616.382689
1616.408371
1616.454533
1616.483533
1616.541983
1616.569631
1616.596869
1616.601907
1616.665395
1616.673341
1616.676782
1616.755548
1616.761569
1616.767795
1616.779264
1616.783319
1616.879575
1616.883261
1616.894362
1616.900383
1616.973988
1617.004216
1617.041900
1617.047880
1617.053532
1617.110671
1617.142456
1617.145651
1617.271480
1617.337795
1617.342505
1617.707213
1617.748419
1617.769800
1617.773322
1617.917665
1618.024161
1618.066514
1618.070487
1618.142659
1618.182554
1618.186568
1618.658099
1618.661663
1618.700698
1618.709955
1618.714173
1618.893210
1619.098501
1619.220849
1619.342213
1619.444122
1619.691233
1619.854909
1620.470374
1620.475331
1620.683817
1621.120737
1621.453988
1621.518500
1621.581046
1621.666161
1621.793219
1621.796332
1621.886157
1621.993595
1622.261801
1622.395249
1622.607299
1622.813123
1622.895821
1623.174554
1623.389389
1623.396762
1623.426662
1623.484498
1623.497646
1623.504486
1623.509156
1623.543357
1623.559823
1623.578092
1623.590216
1623.604019
1623.613399
1623.659848
1623.696425
1623.710065
1623.713382
1623.797514
1623.805051
1623.981588
1624.140472
1624.144896
1624.157184
1624.206090
1624.215142
1624.229929
1624.232960
1624.246968
1624.252293
1624.262287
1624.271340
1624.313815
1624.323277
1624.373780
1624.553513
1624.693228
1624.698102
1624.718459
1624.726651
1624.741192
1624.744878
1624.753111
1624.761713
1624.883855
1624.898191
1624.903025
1624.906711
1624.968888
1624.978309
1624.994816
1625.000018
1625.008988
1625.077965
1625.090990
1625.096069
1625.103483
1625.245655
1625.271296
1625.277522
1625.336668
1625.494487
1625.502474
1625.645056
1625.791570
1625.836339
1625.891226
1625.920963
1625.925100
1625.965855
1626.011034
1626.015089
1626.309468
1626.348954
1626.549412
1626.641859
1626.651607
1626.715750
1626.722304
1626.906583
1627.214684
1627.222139
1627.225539
1627.350958
1627.440865
1628.704973
1628.932997
1628.938895
1629.057434
1629.404324
1629.500047
1629.528515
1629.636485
1629.913334
1629.921198
1629.926728
1630.625055
1632.027279
1632.032195
1632.226345
1632.838902
1633.079132
1633.127178
1633.132339
1633.546936
1633.555784
1633.560863
1634.006303
1634.265907
1634.520924
1634.696684
1634.702459
1634.795192
1634.800476
1634.904719
1634.926879
1634.938593
1635.008307
1635.028419
1635.059589
1635.078636
1635.118490
1635.239240
1635.292447
1635.684475
1635.699876
1635.709420
1635.824108
1635.829432
1635.938386
1636.628808
1636.684636
1636.707574
1636.711424
1636.891812
1637.028782
1637.074330
1637.078221
1637.086290
1637.309850
1637.374444
1637.713265
1638.294487
1638.388408
1638.622249
1638.630195
1638.732882
1639.174676
1639.249551
1639.336673
1639.440835
1639.556219
1640.110653
1640.290673
1640.399626
1640.670618
1640.677622
1640.806932
1640.826429
1640.830239
1640.987648
1641.102828
1641.477284
1641.857843
1641.951560
1642.535322
1642.716733
1642.866934
1642.882499
1643.371028
1643.487150
1643.595448
1644.525117
1644.686868
1644.767150
1644.953354
1644.963389
1644.967567
1645.188669
1645.334938
1645.339689
1645.418783
1645.423043
1645.431357
1645.676421
1645.688832
1645.693174
1645.841039
1646.226964
1646.415135
1646.721966
1646.896988
1646.975345
1647.362048
1647.479685
1647.484068
1647.532769
1647.575900
1647.594783
1647.642378
1647.725281
1647.894733
1648.011960
1648.292905
1648.512860
1648.681779
1648.706929
1648.758292
1648.913449
1649.103544
1649.434419
1649.547510
1649.710899
1650.203935
1650.210898
1650.308669
1650.381660
1650.434007
1650.776515
1651.294167
1651.485041
1651.692995
1652.149494
1652.158587
1652.310016
1652.315791
1652.887798
1652.892426
1652.960870
1653.450957
1653.733171
1653.796577
1654.066217
1654.080389
1655.468237
1655.474463
1655.593861
1655.729521
1655.804068
1656.164475
1656.269046
1656.681144
1657.749996
1658.362307
1658.435953
1658.727137
1658.738401
1658.833060
1659.086520
1659.092378
1659.665613
1660.094464
1660.099666
1660.578939
1660.586148
1661.998121
1662.416937
1663.702139
1664.052347
1664.056607
1664.062095
1664.065659
1664.191324
1664.587162
1664.592609
1665.064796
1665.207214
1665.362371
1665.992090
1666.234532
1666.325709
1666.340413
1666.346312
1666.555699
1668.319724
1671.914906
1671.921869
1672.403272
1672.635269
1672.779284
1673.092301
1673.102090
1673.557033
1673.769615
1673.784115
1673.787228
1674.453279
1674.974536
1675.022500
1675.028890
1675.034337
1675.037778
1675.436401
1675.618918
1675.991163
1676.225987
1676.229755
1676.855747
1676.862669
1676.868936
1677.330842
1677.334651
1677.337641
1677.930004
1678.046413
1679.102648
1679.218688
1679.758377
1679.862374
1680.158433
1680.297533
1680.580321
1680.847585
1680.852296
1681.138196
1681.481564
1681.640694
1681.898742
1682.040873
1682.560369
1682.946048
1683.066429
1683.144417
1683.284419
1683.347087
1683.356959
1683.362980
1683.874447
1684.067574
1684.074988
1684.079206
1684.323615
1684.512072
1685.122376
1685.267988
1685.337457
1686.193725
1686.198641
1686.583624
1686.653829
1686.657761
1686.779863
1686.783836
1686.790267
1686.927933
1686.956728
1686.961603
1687.434076
1687.554007
1687.608197
1687.775355
1688.036106
1688.222679
1688.852439
1689.060803
1689.150300
1689.374065
1689.389138
1689.563218
1689.570099
1689.714934
1691.487027
1691.726766
1691.731763
1692.354150
1692.706857
1693.567754
1693.573448
1693.579141
1693.787709
1693.793362
1694.228685
1694.497014
1694.502420
1694.979359
1695.080407
1695.168020
1695.277629
1695.283855
1695.289590
1696.447201
1696.725811
1696.982630
1696.988938
1696.993608
1697.224868
1697.261609
1697.356145
1697.430323
1697.435566
1697.440932
1697.446093
1698.642412
1698.744730
1698.892063
1698.899436
1698.905047
1698.908283
1699.224617
1699.989258
1700.145316
1700.550124
1701.493801
1702.170092
1703.608566
1703.873864
1704.236442
1704.857190
1704.861860
1705.595412
1706.304348
1710.117233
1713.588388
1713.670636
1713.675837
1713.790116
1713.839432
1713.845985
1713.852211
1713.857741
1713.862205
1714.139791
1714.144788
1714.601452
1714.606817
1714.722529
1714.785485
1714.792366
1715.020227
1715.120005
1715.429868
1751.044301
1752.221860
1759.145001
1762.561475
1764.097106
1764.861256
1765.679145
1766.033572
1769.803940
1772.425462
1782.149816
1786.045153
1790.157742
1799.909949
1799.917322
1799.925637
1800.365302
1800.494162
1800.507843
1800.510996
1800.794112
1800.800911
1802.942464
1809.329562
1809.359012
1809.652859
1815.955620
1821.310157
1821.325025
1824.681001
1825.393459
1831.970980
1832.075305
1832.083456
1832.338145
1832.342446
1832.904622
1832.910684
1833.918382
1833.924731
1833.929155
1835.116012
1839.103263
1843.606446
1849.320653
1852.168438
1852.174787
1862.223053
1863.473603
1864.121590
1866.527908
1869.632799
1897.361859
1903.272714
1905.066271
1909.554790
1917.366395
1926.153134
1936.403333
1939.893944
1944.121795
1955.897999
1956.134257
1966.356849
1966.364180
1966.369792
1966.739046
1966.883144
1967.329075
1982.541947
1983.387034
1995.353539
2004.906885
2013.662167
2018.132214
2018.824315
2018.830295
2018.849219
2021.718508
2063.619973
2063.623496
2068.633764
2080.789955
2082.572780
2082.734449
2085.063107
2085.073306
2085.090386
2087.289160
2087.345152
2087.350108
2089.085952
2091.716035
2095.789629
2096.776806
2097.490780
2097.495368
2097.501757
2097.513554
2097.522811
2099.141714
2099.330089
2106.448404
2110.328791
2110.611046
2121.749545
2209.096049
2221.228974
2247.665459
2284.212716
2315.571610
2366.611087
2366.730568
2370.015887
2370.028380
2370.036367
2370.613002
2370.617754
2370.630287
2370.638520
2370.674811
2370.963415
2370.974392
2371.161539
2371.181404
2371.946004
2371.981394
2372.808663
2375.606190
2375.612211
2375.618806
2376.471839
2380.484649
2382.148731
2383.535800
2385.755709
2386.202706
2388.328407
2389.291540
2390.115123
2390.119834
2390.120940
2390.126223
2390.126879
2390.133268
2391.278879
2392.727757
2393.204244
2395.251098
2395.873198
2396.203950
2396.778701
2397.735158
2398.365614
2398.853652
2399.240110
2405.873623
2405.901107
2405.906145
2407.337452
2411.146445
2411.156726
2411.716157
2411.721974
2411.756052
2411.957617
2412.637839
2412.711731
2413.720207
2414.740234
2415.124357
2415.377613
2415.405302
2415.564759
2416.334725
2423.374807
2426.831913
2426.838508
2426.848666
2426.858250
2427.270226
2427.276083
2427.287060
2427.298202
2427.313152
2427.334001
2427.345265
2427.358577
2427.370578
2427.380695
2427.389788
2427.480146
2427.503124
2427.516559
2427.553792
2427.579269
2427.746673
2427.751711
2427.773051
2427.786691
2427.793981
2427.836170
2427.857592
2428.322693
2428.328018
2428.582707
2428.589711
2428.753797
2428.759409
2428.774564
2428.792709
2429.016678
2429.090652
2429.105070
2430.449910
2432.149176
2435.040543
2435.362816
2435.381699
2435.519365
2435.525345
2435.532923
2436.072899
2436.078838
2443.219395
2450.743747
2453.716050
2453.723177
2472.201462
2475.530035
2478.635049
2478.816952
2479.850455
2502.771466
2503.012557
2503.026606
2503.033324
2503.157637
2503.165420
2503.546388
2503.552246
2503.561380
2503.642972
2503.648051
2508.504023
2514.823291
2518.209618
2521.559327
2521.922683
2521.931244
2521.947914
2526.317732
2526.402642
2528.955843
2532.164116
2537.815081
2541.724672
2542.583439
2548.880589
2555.420508
2555.984937
2556.781691
2556.974653
2557.475062
2559.324733
2561.561354
2566.323569
2568.458977
2568.833106
2568.838881
2573.939057
2574.158397
2575.237857
2575.676580
2578.395505
2580.495360
2581.055816
2581.851628
2591.053332
2592.569917
2593.991516
2595.508388
2601.663488
2602.657628
2605.260882
2605.714678
2609.917501
2625.355530
2625.885798
2627.291955
2632.236442
2632.330691
2635.259863
2637.092454
2637.761331
2647.501332
2647.969587
2650.956268
2651.878728
2651.890647
2651.909980
2652.715868
2653.132554
2653.263954
2653.283901
2655.339356
2655.686205
2655.699845
2656.908902
2657.598218
2661.441004
2663.675781
2663.898685
2670.847017
2670.852301
2670.857830
2682.001654
2696.081572
2697.304924
2700.165612
2701.347185
2705.411441
2705.974190
2705.979187
2705.984840
2710.211420
2712.918139
2714.166968
2714.172867
2714.191708
2714.202317
2714.548388
2714.937426
2714.942915
2715.052155
2715.056456
2715.070054
2715.682816
2715.689288
2717.100687
2717.114778
2717.304996
2718.595973
2730.691625
2730.887537
2735.239864
2746.827530
2762.419282
2763.195761
2763.203461
2763.209769
2763.215749
2763.785339
2767.944663
2768.710615
2768.716349
2770.165146
2771.727032
2774.812672
2780.814295
2781.936517
2789.673165
2789.683118
2800.892600
2832.748298
2834.364989
2837.172101
2843.953275
2845.566853
2849.060454
2849.092895
2853.650063
2853.665055
2860.736799
2866.901361
2867.640115
2869.924741
2870.543770
2871.534551
2878.253384
2878.613053
2881.391329
2882.050990
2885.328118
2913.086464
2915.776635
2918.812467
2928.930570
2932.193157
2934.501868
2935.999939
2936.699126
2938.266132
2939.818230
2941.064929
2943.734825
2946.781061
2950.124790
2953.242460
2957.850010
2958.278328
2961.428275
2965.867479
2965.876859
2965.886648
